 2  48  11  19  39  46  42  28  45  12  29  30  25  41  9  26  35  14  4  43  8  21  10  15  5  36  1  16  47  18  32  3  6  33  38  44  20  40  13  37  22  23  24  34  31  17  7  27 
 26  24  3  19  14  23  22  48  20  41  30  29  47  17  43  9  13  25  33  16  34  15  28  32  8  6  2  18  27  21  38  5  1  35  36  7  31  39  46  44  12  4  37  10  42  45  11  40 
 22  10  38  27  14  16  46  36  11  33  42  4  26  41  7  44  5  2  17  3  12  37  1  32  9  6  8  23  35  47  13  24  21  40  30  43  34  19  29  28  45  15  18  20  48  39  25  31 
 37  35  26  18  30  14  1  32  5  34  8  48  44  3  4  21  25  39  23  46  24  41  27  13  19  7  31  47  43  17  20  15  28  6  12  45  29  2  42  38  9  10  22  40  36  11  16  33 
 48  27  20  45  23  7  11  32  3  42  9  36  19  18  29  37  30  8  26  46  39  31  44  24  12  14  10  35  17  47  16  15  6  43  34  38  5  13  22  33  40  2  25  41  4  28  1  21 
 32  27  25  44  11  10  23  14  3  13  16  48  37  9  1  42  28  17  7  34  36  46  38  22  31  15  40  8  30  45  47  43  6  21  4  2  24  39  20  5  33  19  35  29  18  12  26  41 
 37  7  29  12  14  9  26  27  15  43  30  5  44  32  13  11  17  33  22  46  34  3  39  21  25  6  48  20  28  36  8  38  23  1  47  24  40  31  10  4  45  41  35  16  42  19  2  18 
 10  22  23  25  8  13  20  41  1  30  35  9  26  45  18  44  21  29  27  47  24  19  7  5  3  31  36  15  33  14  6  2  34  48  37  46  11  40  4  42  16  28  12  43  38  39  32  17 
 1  39  17  33  26  20  36  46  32  42  37  9  16  6  38  48  29  25  31  47  19  12  45  7  24  41  43  5  23  34  13  11  18  14  35  40  15  3  21  22  10  4  44  8  28  27  2  30 
 24  22  14  46  17  33  8  1  10  4  11  5  40  26  21  16  42  41  38  20  34  32  35  6  31  37  3  39  48  27  13  9  18  36  30  7  2  12  28  45  47  23  19  15  44  29  43  25 
 18  15  27  47  1  32  14  26  17  13  23  24  43  45  38  25  6  34  48  42  22  3  19  44  2  41  39  28  35  11  30  4  7  10  20  9  46  12  21  36  16  5  31  29  37  8  33  40 
 1  14  16  44  15  21  7  32  38  20  25  34  45  42  37  48  40  9  43  19  4  36  29  22  46  30  23  2  47  31  24  3  27  35  41  10  5  18  11  17  33  26  13  6  8  28  12  39 
 46  37  6  36  44  15  19  1  5  32  12  13  48  18  42  41  7  26  34  29  47  3  2  20  17  40  25  45  31  10  30  28  23  9  33  21  4  16  8  22  14  27  24  35  38  43  39  11 
 15  24  4  3  20  13  36  9  1  39  27  25  28  48  42  17  29  18  19  44  26  38  16  45  5  22  23  46  2  37  40  14  7  47  34  30  31  11  12  35  8  10  33  32  21  41  43  6 
 33  30  12  20  41  15  26  17  25  11  6  13  1  42  2  9  35  34  46  14  47  43  31  48  45  24  16  27  10  40  22  3  5  4  28  32  18  39  19  23  8  37  29  36  44  7  21  38 
 37  40  43  26  38  24  17  41  42  27  1  47  5  48  11  46  34  3  45  13  23  39  12  36  4  31  35  15  21  28  33  16  18  25  29  7  32  22  30  9  8  44  2  6  10  19  14  20 
 22  15  7  37  11  28  14  23  27  21  40  6  30  48  46  26  33  31  36  45  20  24  25  35  19  4  44  17  16  8  41  2  39  42  47  12  38  9  3  18  34  1  10  43  32  29  13  5 
 29  13  32  3  23  47  46  30  21  40  36  19  48  31  18  8  7  42  34  15  14  37  25  20  28  9  22  12  1  33  35  11  38  6  5  27  16  39  43  4  2  17  41  10  45  26  24  44 
 12  39  17  2  3  24  14  44  30  11  38  27  34  42  28  4  35  16  31  5  36  46  9  19  37  47  7  48  13  10  20  15  33  6  21  26  22  45  29  1  32  23  25  40  18  8  43  41 
 8  37  18  26  23  31  13  5  38  35  14  7  44  4  40  19  9  22  48  17  21  16  39  25  47  30  15  43  1  11  42  33  32  41  36  45  24  2  34  29  3  46  12  6  28  27  20  10 
bbbest=463
 42  11  19  46  38  29  45  44  30  26  13  31  39  5  2  14  35  10  48  9  28  12  25  8  41  1  32  33  40  17  16  3  21  6  34  43  47  18  22  27  23  7  4  15  37  20  36  24 
bbbest=468
 11  46  38  42  30  13  12  19  45  31  29  44  39  5  32  2  25  9  26  3  28  41  22  14  43  33  48  17  21  7  4  27  35  37  8  6  47  15  36  10  40  34  1  18  16  23  20  24 
bbbest=472
 11  46  38  42  29  30  13  12  19  45  31  44  39  5  32  2  48  25  9  26  3  28  40  41  22  14  43  33  17  21  7  4  27  35  37  8  6  47  15  36  10  34  1  18  16  23  20  24 
bbbest=472
 11  46  38  42  29  30  13  12  19  45  31  44  39  5  32  2  48  25  9  26  3  28  40  41  22  14  43  33  17  21  7  4  27  35  37  8  6  47  15  36  10  34  1  18  16  23  20  24 
bbbest=472
 11  46  38  42  29  30  13  12  19  45  31  44  39  5  32  2  48  25  9  26  3  28  40  41  22  14  43  33  17  21  7  4  27  35  37  8  6  47  15  36  10  34  1  18  16  23  20  24 
bbbest=473
 11  46  38  42  29  30  13  12  19  45  31  44  39  5  32  2  48  25  9  40  26  3  28  41  22  14  43  33  17  21  7  4  27  35  37  8  6  47  15  36  10  34  1  18  16  23  20  24 
bbbest=473
 11  46  38  42  29  30  13  12  19  45  31  44  39  5  32  2  48  25  9  40  26  3  28  41  22  14  43  33  17  21  7  4  27  35  37  8  6  47  15  36  10  34  1  18  16  23  20  24 
bbbest=473
 11  46  38  42  29  30  13  12  19  45  31  44  39  5  32  2  48  25  9  40  26  3  28  41  22  14  43  33  17  21  7  4  27  35  37  8  6  47  15  36  10  34  1  18  16  23  20  24 
bbbest=473
 11  46  38  42  29  30  13  12  19  45  31  44  39  5  32  2  48  25  9  40  26  3  28  41  22  14  43  33  17  21  7  4  27  35  37  8  6  47  15  36  10  34  1  18  16  23  20  24 
bbbest=473
 11  46  38  42  29  30  13  12  19  45  31  44  39  5  32  2  48  25  9  40  26  3  28  41  22  14  43  33  17  21  7  4  27  35  37  8  6  47  15  36  10  34  1  18  16  23  20  24 
bbbest=473
 11  46  38  42  29  30  13  12  19  45  31  44  39  5  32  2  48  25  9  40  26  3  28  41  22  14  43  33  17  21  7  4  27  35  37  8  6  47  15  36  10  34  1  18  16  23  20  24 
bbbest=473
 11  46  38  42  29  30  13  12  19  45  31  44  39  5  32  2  48  25  9  40  26  3  28  41  22  14  43  33  17  21  7  4  27  35  37  8  6  47  15  36  10  34  1  18  16  23  20  24 
bbbest=473
 11  46  38  42  29  30  13  12  19  45  31  44  39  5  32  2  48  25  9  40  26  3  28  41  22  14  43  33  17  21  7  4  27  35  37  8  6  47  15  36  10  34  1  18  16  23  20  24 
bbbest=473
 11  46  38  42  29  30  13  12  19  45  31  44  39  5  32  2  48  25  9  40  26  3  28  41  22  14  43  33  17  21  7  4  27  35  37  8  6  47  15  36  10  34  1  18  16  23  20  24 
bbbest=473
 11  46  38  42  29  30  13  12  19  45  31  44  39  5  32  2  48  25  9  40  26  3  28  41  22  14  43  33  17  21  7  4  27  35  37  8  6  47  15  36  10  34  1  18  16  23  20  24 
bbbest=473
 11  46  38  42  29  30  13  12  19  45  31  44  39  5  32  2  48  25  9  40  26  3  28  41  22  14  43  33  17  21  7  4  27  35  37  8  6  47  15  36  10  34  1  18  16  23  20  24 
bbbest=473
 11  46  38  42  29  30  13  12  19  45  31  44  39  5  32  2  48  25  9  40  26  3  28  41  22  14  43  33  17  21  7  4  27  35  37  8  6  47  15  36  10  34  1  18  16  23  20  24 
bbbest=473
 11  46  38  42  29  30  13  12  19  45  31  44  39  5  32  2  48  25  9  40  26  3  28  41  22  14  43  33  17  21  7  4  27  35  37  8  6  47  15  36  10  34  1  18  16  23  20  24 
bbbest=473
 11  46  38  42  29  30  13  12  19  45  31  44  39  5  32  2  48  25  9  40  26  3  28  41  22  14  43  33  17  21  7  4  27  35  37  8  6  47  15  36  10  34  1  18  16  23  20  24 
bbbest=473
 11  46  38  42  29  30  13  12  19  45  31  44  39  5  32  2  48  25  9  40  26  3  28  41  22  14  43  33  17  21  7  4  27  35  37  8  6  47  15  36  10  34  1  18  16  23  20  24 
bbbest=473
 11  46  38  42  29  30  13  12  19  45  31  44  39  5  32  2  48  25  9  40  26  3  28  41  22  14  43  33  17  21  7  4  27  35  37  8  6  47  15  36  10  34  1  18  16  23  20  24 
bbbest=473
 11  46  38  42  29  30  13  12  19  45  31  44  39  5  32  2  48  25  9  40  26  3  28  41  22  14  43  33  17  21  7  4  27  35  37  8  6  47  15  36  10  34  1  18  16  23  20  24 
bbbest=473
 11  46  38  42  29  30  13  12  19  45  31  44  39  5  32  2  48  25  9  40  26  3  28  41  22  14  43  33  17  21  7  4  27  35  37  8  6  47  15  36  10  34  1  18  16  23  20  24 
bbbest=473
 11  46  38  42  29  30  13  12  19  45  31  44  39  5  32  2  48  25  9  40  26  3  28  41  22  14  43  33  17  21  7  4  27  35  37  8  6  47  15  36  10  34  1  18  16  23  20  24 
bbbest=473
 11  46  38  42  29  30  13  12  19  45  31  44  39  5  32  2  48  25  9  40  26  3  28  41  22  14  43  33  17  21  7  4  27  35  37  8  6  47  15  36  10  34  1  18  16  23  20  24 
bbbest=473
 11  46  38  42  29  30  13  12  19  45  31  44  39  5  32  2  48  25  9  40  26  3  28  41  22  14  43  33  17  21  7  4  27  35  37  8  6  47  15  36  10  34  1  18  16  23  20  24 
bbbest=473
 11  46  38  42  29  30  13  12  19  45  31  44  39  5  32  2  48  25  9  40  26  3  28  41  22  14  43  33  17  21  7  4  27  35  37  8  6  47  15  36  10  34  1  18  16  23  20  24 
bbbest=473
 11  46  38  42  29  30  13  12  19  45  31  44  39  5  32  2  48  25  9  40  26  3  28  41  22  14  43  33  17  21  7  4  27  35  37  8  6  47  15  36  10  34  1  18  16  23  20  24 
bbbest=473
 11  46  38  42  29  30  13  12  19  45  31  44  39  5  32  2  48  25  9  40  26  3  28  41  22  14  43  33  17  21  7  4  27  35  37  8  6  47  15  36  10  34  1  18  16  23  20  24 
bbbest=473
 11  46  38  42  29  30  13  12  19  45  31  44  39  5  32  2  48  25  9  40  26  3  28  41  22  14  43  33  17  21  7  4  27  35  37  8  6  47  15  36  10  34  1  18  16  23  20  24 
bbbest=473
 11  46  38  42  29  30  13  12  19  45  31  44  39  5  32  2  48  25  9  40  26  3  28  41  22  14  43  33  17  21  7  4  27  35  37  8  6  47  15  36  10  34  1  18  16  23  20  24 
bbbest=473
 11  46  38  42  29  30  13  12  19  45  31  44  39  5  32  2  48  25  9  40  26  3  28  41  22  14  43  33  17  21  7  4  27  35  37  8  6  47  15  36  10  34  1  18  16  23  20  24 
bbbest=473
 11  46  38  42  29  30  13  12  19  45  31  44  39  5  32  2  48  25  9  40  26  3  28  41  22  14  43  33  17  21  7  4  27  35  37  8  6  47  15  36  10  34  1  18  16  23  20  24 
bbbest=473
 11  46  38  42  29  30  13  12  19  45  31  44  39  5  32  2  48  25  9  40  26  3  28  41  22  14  43  33  17  21  7  4  27  35  37  8  6  47  15  36  10  34  1  18  16  23  20  24 
bbbest=473
 11  46  38  42  29  30  13  12  19  45  31  44  39  5  32  2  48  25  9  40  26  3  28  41  22  14  43  33  17  21  7  4  27  35  37  8  6  47  15  36  10  34  1  18  16  23  20  24 
bbbest=473
 11  46  38  42  29  30  13  12  19  45  31  44  39  5  32  2  48  25  9  40  26  3  28  41  22  14  43  33  17  21  7  4  27  35  37  8  6  47  15  36  10  34  1  18  16  23  20  24 
bbbest=473
 11  46  38  42  29  30  13  12  19  45  31  44  39  5  32  2  48  25  9  40  26  3  28  41  22  14  43  33  17  21  7  4  27  35  37  8  6  47  15  36  10  34  1  18  16  23  20  24 
bbbest=473
 11  46  38  42  29  30  13  12  19  45  31  44  39  5  32  2  48  25  9  40  26  3  28  41  22  14  43  33  17  21  7  4  27  35  37  8  6  47  15  36  10  34  1  18  16  23  20  24 
bbbest=473
 11  46  38  42  29  30  13  12  19  45  31  44  39  5  32  2  48  25  9  40  26  3  28  41  22  14  43  33  17  21  7  4  27  35  37  8  6  47  15  36  10  34  1  18  16  23  20  24 
bbbest=473
 11  46  38  42  29  30  13  12  19  45  31  44  39  5  32  2  48  25  9  40  26  3  28  41  22  14  43  33  17  21  7  4  27  35  37  8  6  47  15  36  10  34  1  18  16  23  20  24 
bbbest=473
 11  46  38  42  29  30  13  12  19  45  31  44  39  5  32  2  48  25  9  40  26  3  28  41  22  14  43  33  17  21  7  4  27  35  37  8  6  47  15  36  10  34  1  18  16  23  20  24 
bbbest=473
 11  46  38  42  29  30  13  12  19  45  31  44  39  5  32  2  48  25  9  40  26  3  28  41  22  14  43  33  17  21  7  4  27  35  37  8  6  47  15  36  10  34  1  18  16  23  20  24 
bbbest=473
 11  46  38  42  29  30  13  12  19  45  31  44  39  5  32  2  48  25  9  40  26  3  28  41  22  14  43  33  17  21  7  4  27  35  37  8  6  47  15  36  10  34  1  18  16  23  20  24 
bbbest=473
 11  46  38  42  29  30  13  12  19  45  31  44  39  5  32  2  48  25  9  40  26  3  28  41  22  14  43  33  17  21  7  4  27  35  37  8  6  47  15  36  10  34  1  18  16  23  20  24 
bbbest=473
 11  46  38  42  29  30  13  12  19  45  31  44  39  5  32  2  48  25  9  40  26  3  28  41  22  14  43  33  17  21  7  4  27  35  37  8  6  47  15  36  10  34  1  18  16  23  20  24 
bbbest=473
 11  46  38  42  29  30  13  12  19  45  31  44  39  5  32  2  48  25  9  40  26  3  28  41  22  14  43  33  17  21  7  4  27  35  37  8  6  47  15  36  10  34  1  18  16  23  20  24 
bbbest=473
 11  46  38  42  29  30  13  12  19  45  31  44  39  5  32  2  48  25  9  40  26  3  28  41  22  14  43  33  17  21  7  4  27  35  37  8  6  47  15  36  10  34  1  18  16  23  20  24 
bbbest=473
 11  46  38  42  29  30  13  12  19  45  31  44  39  5  32  2  48  25  9  40  26  3  28  41  22  14  43  33  17  21  7  4  27  35  37  8  6  47  15  36  10  34  1  18  16  23  20  24 
bbbest=473
 11  46  38  42  29  30  13  12  19  45  31  44  39  5  32  2  48  25  9  40  26  3  28  41  22  14  43  33  17  21  7  4  27  35  37  8  6  47  15  36  10  34  1  18  16  23  20  24 
bbbest=473
 11  46  38  42  29  30  13  12  19  45  31  44  39  5  32  2  48  25  9  40  26  3  28  41  22  14  43  33  17  21  7  4  27  35  37  8  6  47  15  36  10  34  1  18  16  23  20  24 
bbbest=473
 11  46  38  42  29  30  13  12  19  45  31  44  39  5  32  2  48  25  9  40  26  3  28  41  22  14  43  33  17  21  7  4  27  35  37  8  6  47  15  36  10  34  1  18  16  23  20  24 
bbbest=473
 11  46  38  42  29  30  13  12  19  45  31  44  39  5  32  2  48  25  9  40  26  3  28  41  22  14  43  33  17  21  7  4  27  35  37  8  6  47  15  36  10  34  1  18  16  23  20  24 
bbbest=473
 11  46  38  42  29  30  13  12  19  45  31  44  39  5  32  2  48  25  9  40  26  3  28  41  22  14  43  33  17  21  7  4  27  35  37  8  6  47  15  36  10  34  1  18  16  23  20  24 
bbbest=473
 11  46  38  42  29  30  13  12  19  45  31  44  39  5  32  2  48  25  9  40  26  3  28  41  22  14  43  33  17  21  7  4  27  35  37  8  6  47  15  36  10  34  1  18  16  23  20  24 
bbbest=473
 11  46  38  42  29  30  13  12  19  45  31  44  39  5  32  2  48  25  9  40  26  3  28  41  22  14  43  33  17  21  7  4  27  35  37  8  6  47  15  36  10  34  1  18  16  23  20  24 
bbbest=473
 11  46  38  42  29  30  13  12  19  45  31  44  39  5  32  2  48  25  9  40  26  3  28  41  22  14  43  33  17  21  7  4  27  35  37  8  6  47  15  36  10  34  1  18  16  23  20  24 
bbbest=473
 11  46  38  42  29  30  13  12  19  45  31  44  39  5  32  2  48  25  9  40  26  3  28  41  22  14  43  33  17  21  7  4  27  35  37  8  6  47  15  36  10  34  1  18  16  23  20  24 
bbbest=473
 11  46  38  42  29  30  13  12  19  45  31  44  39  5  32  2  48  25  9  40  26  3  28  41  22  14  43  33  17  21  7  4  27  35  37  8  6  47  15  36  10  34  1  18  16  23  20  24 
bbbest=473
 11  46  38  42  29  30  13  12  19  45  31  44  39  5  32  2  48  25  9  40  26  3  28  41  22  14  43  33  17  21  7  4  27  35  37  8  6  47  15  36  10  34  1  18  16  23  20  24 
bbbest=473
 11  46  38  42  29  30  13  12  19  45  31  44  39  5  32  2  48  25  9  40  26  3  28  41  22  14  43  33  17  21  7  4  27  35  37  8  6  47  15  36  10  34  1  18  16  23  20  24 
bbbest=473
 11  46  38  42  29  30  13  12  19  45  31  44  39  5  32  2  48  25  9  40  26  3  28  41  22  14  43  33  17  21  7  4  27  35  37  8  6  47  15  36  10  34  1  18  16  23  20  24 
bbbest=473
 11  46  38  42  29  30  13  12  19  45  31  44  39  5  32  2  48  25  9  40  26  3  28  41  22  14  43  33  17  21  7  4  27  35  37  8  6  47  15  36  10  34  1  18  16  23  20  24 
bbbest=473
 11  46  38  42  29  30  13  12  19  45  31  44  39  5  32  2  48  25  9  40  26  3  28  41  22  14  43  33  17  21  7  4  27  35  37  8  6  47  15  36  10  34  1  18  16  23  20  24 
bbbest=473
 11  46  38  42  29  30  13  12  19  45  31  44  39  5  32  2  48  25  9  40  26  3  28  41  22  14  43  33  17  21  7  4  27  35  37  8  6  47  15  36  10  34  1  18  16  23  20  24 
bbbest=473
 11  46  38  42  29  30  13  12  19  45  31  44  39  5  32  2  48  25  9  40  26  3  28  41  22  14  43  33  17  21  7  4  27  35  37  8  6  47  15  36  10  34  1  18  16  23  20  24 
bbbest=473
 11  46  38  42  29  30  13  12  19  45  31  44  39  5  32  2  48  25  9  40  26  3  28  41  22  14  43  33  17  21  7  4  27  35  37  8  6  47  15  36  10  34  1  18  16  23  20  24 
bbbest=473
 11  46  38  42  29  30  13  12  19  45  31  44  39  5  32  2  48  25  9  40  26  3  28  41  22  14  43  33  17  21  7  4  27  35  37  8  6  47  15  36  10  34  1  18  16  23  20  24 
bbbest=473
 11  46  38  42  29  30  13  12  19  45  31  44  39  5  32  2  48  25  9  40  26  3  28  41  22  14  43  33  17  21  7  4  27  35  37  8  6  47  15  36  10  34  1  18  16  23  20  24 
bbbest=473
 11  46  38  42  29  30  13  12  19  45  31  44  39  5  32  2  48  25  9  40  26  3  28  41  22  14  43  33  17  21  7  4  27  35  37  8  6  47  15  36  10  34  1  18  16  23  20  24 
bbbest=473
 11  46  38  42  29  30  13  12  19  45  31  44  39  5  32  2  48  25  9  40  26  3  28  41  22  14  43  33  17  21  7  4  27  35  37  8  6  47  15  36  10  34  1  18  16  23  20  24 
bbbest=473
 11  46  38  42  29  30  13  12  19  45  31  44  39  5  32  2  48  25  9  40  26  3  28  41  22  14  43  33  17  21  7  4  27  35  37  8  6  47  15  36  10  34  1  18  16  23  20  24 
bbbest=473
 11  46  38  42  29  30  13  12  19  45  31  44  39  5  32  2  48  25  9  40  26  3  28  41  22  14  43  33  17  21  7  4  27  35  37  8  6  47  15  36  10  34  1  18  16  23  20  24 
bbbest=473
 11  46  38  42  29  30  13  12  19  45  31  44  39  5  32  2  48  25  9  40  26  3  28  41  22  14  43  33  17  21  7  4  27  35  37  8  6  47  15  36  10  34  1  18  16  23  20  24 
bbbest=473
 11  46  38  42  29  30  13  12  19  45  31  44  39  5  32  2  48  25  9  40  26  3  28  41  22  14  43  33  17  21  7  4  27  35  37  8  6  47  15  36  10  34  1  18  16  23  20  24 
bbbest=473
 11  46  38  42  29  30  13  12  19  45  31  44  39  5  32  2  48  25  9  40  26  3  28  41  22  14  43  33  17  21  7  4  27  35  37  8  6  47  15  36  10  34  1  18  16  23  20  24 
bbbest=473
 11  46  38  42  29  30  13  12  19  45  31  44  39  5  32  2  48  25  9  40  26  3  28  41  22  14  43  33  17  21  7  4  27  35  37  8  6  47  15  36  10  34  1  18  16  23  20  24 
bbbest=473
 11  46  38  42  29  30  13  12  19  45  31  44  39  5  32  2  48  25  9  40  26  3  28  41  22  14  43  33  17  21  7  4  27  35  37  8  6  47  15  36  10  34  1  18  16  23  20  24 
bbbest=473
 11  46  38  42  29  30  13  12  19  45  31  44  39  5  32  2  48  25  9  40  26  3  28  41  22  14  43  33  17  21  7  4  27  35  37  8  6  47  15  36  10  34  1  18  16  23  20  24 
bbbest=473
 11  46  38  42  29  30  13  12  19  45  31  44  39  5  32  2  48  25  9  40  26  3  28  41  22  14  43  33  17  21  7  4  27  35  37  8  6  47  15  36  10  34  1  18  16  23  20  24 
bbbest=473
 11  46  38  42  29  30  13  12  19  45  31  44  39  5  32  2  48  25  9  40  26  3  28  41  22  14  43  33  17  21  7  4  27  35  37  8  6  47  15  36  10  34  1  18  16  23  20  24 
bbbest=473
 11  46  38  42  29  30  13  12  19  45  31  44  39  5  32  2  48  25  9  40  26  3  28  41  22  14  43  33  17  21  7  4  27  35  37  8  6  47  15  36  10  34  1  18  16  23  20  24 
bbbest=473
 11  46  38  42  29  30  13  12  19  45  31  44  39  5  32  2  48  25  9  40  26  3  28  41  22  14  43  33  17  21  7  4  27  35  37  8  6  47  15  36  10  34  1  18  16  23  20  24 
bbbest=473
 11  46  38  42  29  30  13  12  19  45  31  44  39  5  32  2  48  25  9  40  26  3  28  41  22  14  43  33  17  21  7  4  27  35  37  8  6  47  15  36  10  34  1  18  16  23  20  24 
bbbest=473
 11  46  38  42  29  30  13  12  19  45  31  44  39  5  32  2  48  25  9  40  26  3  28  41  22  14  43  33  17  21  7  4  27  35  37  8  6  47  15  36  10  34  1  18  16  23  20  24 
bbbest=473
 11  46  38  42  29  30  13  12  19  45  31  44  39  5  32  2  48  25  9  40  26  3  28  41  22  14  43  33  17  21  7  4  27  35  37  8  6  47  15  36  10  34  1  18  16  23  20  24 
bbbest=473
 11  46  38  42  29  30  13  12  19  45  31  44  39  5  32  2  48  25  9  40  26  3  28  41  22  14  43  33  17  21  7  4  27  35  37  8  6  47  15  36  10  34  1  18  16  23  20  24 
bbbest=473
 11  46  38  42  29  30  13  12  19  45  31  44  39  5  32  2  48  25  9  40  26  3  28  41  22  14  43  33  17  21  7  4  27  35  37  8  6  47  15  36  10  34  1  18  16  23  20  24 
bbbest=473
 11  46  38  42  29  30  13  12  19  45  31  44  39  5  32  2  48  25  9  40  26  3  28  41  22  14  43  33  17  21  7  4  27  35  37  8  6  47  15  36  10  34  1  18  16  23  20  24 
bbbest=473
 11  46  38  42  29  30  13  12  19  45  31  44  39  5  32  2  48  25  9  40  26  3  28  41  22  14  43  33  17  21  7  4  27  35  37  8  6  47  15  36  10  34  1  18  16  23  20  24 
bbbest=473
 11  46  38  42  29  30  13  12  19  45  31  44  39  5  32  2  48  25  9  40  26  3  28  41  22  14  43  33  17  21  7  4  27  35  37  8  6  47  15  36  10  34  1  18  16  23  20  24 
bbbest=473
 11  46  38  42  29  30  13  12  19  45  31  44  39  5  32  2  48  25  9  40  26  3  28  41  22  14  43  33  17  21  7  4  27  35  37  8  6  47  15  36  10  34  1  18  16  23  20  24 
bbbest=473
 11  46  38  42  29  30  13  12  19  45  31  44  39  5  32  2  48  25  9  40  26  3  28  41  22  14  43  33  17  21  7  4  27  35  37  8  6  47  15  36  10  34  1  18  16  23  20  24 
bbbest=473
 11  46  38  42  29  30  13  12  19  45  31  44  39  5  32  2  48  25  9  40  26  3  28  41  22  14  43  33  17  21  7  4  27  35  37  8  6  47  15  36  10  34  1  18  16  23  20  24 
bbbest=473
 11  46  38  42  29  30  13  12  19  45  31  44  39  5  32  2  48  25  9  40  26  3  28  41  22  14  43  33  17  21  7  4  27  35  37  8  6  47  15  36  10  34  1  18  16  23  20  24 
bbbest=473
 11  46  38  42  29  30  13  12  19  45  31  44  39  5  32  2  48  25  9  40  26  3  28  41  22  14  43  33  17  21  7  4  27  35  37  8  6  47  15  36  10  34  1  18  16  23  20  24 
bbbest=473
 11  46  38  42  29  30  13  12  19  45  31  44  39  5  32  2  48  25  9  40  26  3  28  41  22  14  43  33  17  21  7  4  27  35  37  8  6  47  15  36  10  34  1  18  16  23  20  24 
bbbest=473
 11  46  38  42  29  30  13  12  19  45  31  44  39  5  32  2  48  25  9  40  26  3  28  41  22  14  43  33  17  21  7  4  27  35  37  8  6  47  15  36  10  34  1  18  16  23  20  24 
bbbest=473
 11  46  38  42  29  30  13  12  19  45  31  44  39  5  32  2  48  25  9  40  26  3  28  41  22  14  43  33  17  21  7  4  27  35  37  8  6  47  15  36  10  34  1  18  16  23  20  24 
bbbest=473
 11  46  38  42  29  30  13  12  19  45  31  44  39  5  32  2  48  25  9  40  26  3  28  41  22  14  43  33  17  21  7  4  27  35  37  8  6  47  15  36  10  34  1  18  16  23  20  24 
bbbest=473
 11  46  38  42  29  30  13  12  19  45  31  44  39  5  32  2  48  25  9  40  26  3  28  41  22  14  43  33  17  21  7  4  27  35  37  8  6  47  15  36  10  34  1  18  16  23  20  24 
bbbest=473
 11  46  38  42  29  30  13  12  19  45  31  44  39  5  32  2  48  25  9  40  26  3  28  41  22  14  43  33  17  21  7  4  27  35  37  8  6  47  15  36  10  34  1  18  16  23  20  24 
bbbest=473
 11  46  38  42  29  30  13  12  19  45  31  44  39  5  32  2  48  25  9  40  26  3  28  41  22  14  43  33  17  21  7  4  27  35  37  8  6  47  15  36  10  34  1  18  16  23  20  24 
bbbest=473
 11  46  38  42  29  30  13  12  19  45  31  44  39  5  32  2  48  25  9  40  26  3  28  41  22  14  43  33  17  21  7  4  27  35  37  8  6  47  15  36  10  34  1  18  16  23  20  24 
bbbest=473
 11  46  38  42  29  30  13  12  19  45  31  44  39  5  32  2  48  25  9  40  26  3  28  41  22  14  43  33  17  21  7  4  27  35  37  8  6  47  15  36  10  34  1  18  16  23  20  24 
bbbest=473
 11  46  38  42  29  30  13  12  19  45  31  44  39  5  32  2  48  25  9  40  26  3  28  41  22  14  43  33  17  21  7  4  27  35  37  8  6  47  15  36  10  34  1  18  16  23  20  24 
bbbest=473
 11  46  38  42  29  30  13  12  19  45  31  44  39  5  32  2  48  25  9  40  26  3  28  41  22  14  43  33  17  21  7  4  27  35  37  8  6  47  15  36  10  34  1  18  16  23  20  24 
bbbest=473
 11  46  38  42  29  30  13  12  19  45  31  44  39  5  32  2  48  25  9  40  26  3  28  41  22  14  43  33  17  21  7  4  27  35  37  8  6  47  15  36  10  34  1  18  16  23  20  24 
bbbest=473
 11  46  38  42  29  30  13  12  19  45  31  44  39  5  32  2  48  25  9  40  26  3  28  41  22  14  43  33  17  21  7  4  27  35  37  8  6  47  15  36  10  34  1  18  16  23  20  24 
bbbest=473
 11  46  38  42  29  30  13  12  19  45  31  44  39  5  32  2  48  25  9  40  26  3  28  41  22  14  43  33  17  21  7  4  27  35  37  8  6  47  15  36  10  34  1  18  16  23  20  24 
bbbest=473
 11  46  38  42  29  30  13  12  19  45  31  44  39  5  32  2  48  25  9  40  26  3  28  41  22  14  43  33  17  21  7  4  27  35  37  8  6  47  15  36  10  34  1  18  16  23  20  24 
bbbest=473
 11  46  38  42  29  30  13  12  19  45  31  44  39  5  32  2  48  25  9  40  26  3  28  41  22  14  43  33  17  21  7  4  27  35  37  8  6  47  15  36  10  34  1  18  16  23  20  24 
bbbest=473
 11  46  38  42  29  30  13  12  19  45  31  44  39  5  32  2  48  25  9  40  26  3  28  41  22  14  43  33  17  21  7  4  27  35  37  8  6  47  15  36  10  34  1  18  16  23  20  24 
bbbest=473
 11  46  38  42  29  30  13  12  19  45  31  44  39  5  32  2  48  25  9  40  26  3  28  41  22  14  43  33  17  21  7  4  27  35  37  8  6  47  15  36  10  34  1  18  16  23  20  24 
bbbest=473
 11  46  38  42  29  30  13  12  19  45  31  44  39  5  32  2  48  25  9  40  26  3  28  41  22  14  43  33  17  21  7  4  27  35  37  8  6  47  15  36  10  34  1  18  16  23  20  24 
bbbest=473
 11  46  38  42  29  30  13  12  19  45  31  44  39  5  32  2  48  25  9  40  26  3  28  41  22  14  43  33  17  21  7  4  27  35  37  8  6  47  15  36  10  34  1  18  16  23  20  24 
bbbest=473
 11  46  38  42  29  30  13  12  19  45  31  44  39  5  32  2  48  25  9  40  26  3  28  41  22  14  43  33  17  21  7  4  27  35  37  8  6  47  15  36  10  34  1  18  16  23  20  24 
bbbest=473
 11  46  38  42  29  30  13  12  19  45  31  44  39  5  32  2  48  25  9  40  26  3  28  41  22  14  43  33  17  21  7  4  27  35  37  8  6  47  15  36  10  34  1  18  16  23  20  24 
bbbest=473
 11  46  38  42  29  30  13  12  19  45  31  44  39  5  32  2  48  25  9  40  26  3  28  41  22  14  43  33  17  21  7  4  27  35  37  8  6  47  15  36  10  34  1  18  16  23  20  24 
bbbest=473
 11  46  38  42  29  30  13  12  19  45  31  44  39  5  32  2  48  25  9  40  26  3  28  41  22  14  43  33  17  21  7  4  27  35  37  8  6  47  15  36  10  34  1  18  16  23  20  24 
bbbest=473
 11  46  38  42  29  30  13  12  19  45  31  44  39  5  32  2  48  25  9  40  26  3  28  41  22  14  43  33  17  21  7  4  27  35  37  8  6  47  15  36  10  34  1  18  16  23  20  24 
bbbest=473
 11  46  38  42  29  30  13  12  19  45  31  44  39  5  32  2  48  25  9  40  26  3  28  41  22  14  43  33  17  21  7  4  27  35  37  8  6  47  15  36  10  34  1  18  16  23  20  24 
bbbest=473
 11  46  38  42  29  30  13  12  19  45  31  44  39  5  32  2  48  25  9  40  26  3  28  41  22  14  43  33  17  21  7  4  27  35  37  8  6  47  15  36  10  34  1  18  16  23  20  24 
bbbest=473
 11  46  38  42  29  30  13  12  19  45  31  44  39  5  32  2  48  25  9  40  26  3  28  41  22  14  43  33  17  21  7  4  27  35  37  8  6  47  15  36  10  34  1  18  16  23  20  24 
bbbest=473
 11  46  38  42  29  30  13  12  19  45  31  44  39  5  32  2  48  25  9  40  26  3  28  41  22  14  43  33  17  21  7  4  27  35  37  8  6  47  15  36  10  34  1  18  16  23  20  24 
bbbest=473
 11  46  38  42  29  30  13  12  19  45  31  44  39  5  32  2  48  25  9  40  26  3  28  41  22  14  43  33  17  21  7  4  27  35  37  8  6  47  15  36  10  34  1  18  16  23  20  24 
bbbest=473
 11  46  38  42  29  30  13  12  19  45  31  44  39  5  32  2  48  25  9  40  26  3  28  41  22  14  43  33  17  21  7  4  27  35  37  8  6  47  15  36  10  34  1  18  16  23  20  24 
bbbest=473
 11  46  38  42  29  30  13  12  19  45  31  44  39  5  32  2  48  25  9  40  26  3  28  41  22  14  43  33  17  21  7  4  27  35  37  8  6  47  15  36  10  34  1  18  16  23  20  24 
bbbest=473
 11  46  38  42  29  30  13  12  19  45  31  44  39  5  32  2  48  25  9  40  26  3  28  41  22  14  43  33  17  21  7  4  27  35  37  8  6  47  15  36  10  34  1  18  16  23  20  24 
bbbest=473
 11  46  38  42  29  30  13  12  19  45  31  44  39  5  32  2  48  25  9  40  26  3  28  41  22  14  43  33  17  21  7  4  27  35  37  8  6  47  15  36  10  34  1  18  16  23  20  24 
bbbest=473
 11  46  38  42  29  30  13  12  19  45  31  44  39  5  32  2  48  25  9  40  26  3  28  41  22  14  43  33  17  21  7  4  27  35  37  8  6  47  15  36  10  34  1  18  16  23  20  24 
bbbest=473
 11  46  38  42  29  30  13  12  19  45  31  44  39  5  32  2  48  25  9  40  26  3  28  41  22  14  43  33  17  21  7  4  27  35  37  8  6  47  15  36  10  34  1  18  16  23  20  24 
bbbest=473
 11  46  38  42  29  30  13  12  19  45  31  44  39  5  32  2  48  25  9  40  26  3  28  41  22  14  43  33  17  21  7  4  27  35  37  8  6  47  15  36  10  34  1  18  16  23  20  24 
bbbest=473
 11  46  38  42  29  30  13  12  19  45  31  44  39  5  32  2  48  25  9  40  26  3  28  41  22  14  43  33  17  21  7  4  27  35  37  8  6  47  15  36  10  34  1  18  16  23  20  24 
bbbest=473
 11  46  38  42  29  30  13  12  19  45  31  44  39  5  32  2  48  25  9  40  26  3  28  41  22  14  43  33  17  21  7  4  27  35  37  8  6  47  15  36  10  34  1  18  16  23  20  24 
bbbest=473
 11  46  38  42  29  30  13  12  19  45  31  44  39  5  32  2  48  25  9  40  26  3  28  41  22  14  43  33  17  21  7  4  27  35  37  8  6  47  15  36  10  34  1  18  16  23  20  24 
bbbest=473
 11  46  38  42  29  30  13  12  19  45  31  44  39  5  32  2  48  25  9  40  26  3  28  41  22  14  43  33  17  21  7  4  27  35  37  8  6  47  15  36  10  34  1  18  16  23  20  24 
bbbest=473
 11  46  38  42  29  30  13  12  19  45  31  44  39  5  32  2  48  25  9  40  26  3  28  41  22  14  43  33  17  21  7  4  27  35  37  8  6  47  15  36  10  34  1  18  16  23  20  24 
bbbest=473
 11  46  38  42  29  30  13  12  19  45  31  44  39  5  32  2  48  25  9  40  26  3  28  41  22  14  43  33  17  21  7  4  27  35  37  8  6  47  15  36  10  34  1  18  16  23  20  24 
bbbest=473
 11  46  38  42  29  30  13  12  19  45  31  44  39  5  32  2  48  25  9  40  26  3  28  41  22  14  43  33  17  21  7  4  27  35  37  8  6  47  15  36  10  34  1  18  16  23  20  24 
bbbest=473
 11  46  38  42  29  30  13  12  19  45  31  44  39  5  32  2  48  25  9  40  26  3  28  41  22  14  43  33  17  21  7  4  27  35  37  8  6  47  15  36  10  34  1  18  16  23  20  24 
bbbest=473
 11  46  38  42  29  30  13  12  19  45  31  44  39  5  32  2  48  25  9  40  26  3  28  41  22  14  43  33  17  21  7  4  27  35  37  8  6  47  15  36  10  34  1  18  16  23  20  24 
bbbest=473
 11  46  38  42  29  30  13  12  19  45  31  44  39  5  32  2  48  25  9  40  26  3  28  41  22  14  43  33  17  21  7  4  27  35  37  8  6  47  15  36  10  34  1  18  16  23  20  24 
bbbest=473
 11  46  38  42  29  30  13  12  19  45  31  44  39  5  32  2  48  25  9  40  26  3  28  41  22  14  43  33  17  21  7  4  27  35  37  8  6  47  15  36  10  34  1  18  16  23  20  24 
bbbest=473
 11  46  38  42  29  30  13  12  19  45  31  44  39  5  32  2  48  25  9  40  26  3  28  41  22  14  43  33  17  21  7  4  27  35  37  8  6  47  15  36  10  34  1  18  16  23  20  24 
bbbest=473
 11  46  38  42  29  30  13  12  19  45  31  44  39  5  32  2  48  25  9  40  26  3  28  41  22  14  43  33  17  21  7  4  27  35  37  8  6  47  15  36  10  34  1  18  16  23  20  24 
bbbest=473
 11  46  38  42  29  30  13  12  19  45  31  44  39  5  32  2  48  25  9  40  26  3  28  41  22  14  43  33  17  21  7  4  27  35  37  8  6  47  15  36  10  34  1  18  16  23  20  24 
bbbest=473
 11  46  38  42  29  30  13  12  19  45  31  44  39  5  32  2  48  25  9  40  26  3  28  41  22  14  43  33  17  21  7  4  27  35  37  8  6  47  15  36  10  34  1  18  16  23  20  24 
bbbest=473
 11  46  38  42  29  30  13  12  19  45  31  44  39  5  32  2  48  25  9  40  26  3  28  41  22  14  43  33  17  21  7  4  27  35  37  8  6  47  15  36  10  34  1  18  16  23  20  24 
bbbest=473
 11  46  38  42  29  30  13  12  19  45  31  44  39  5  32  2  48  25  9  40  26  3  28  41  22  14  43  33  17  21  7  4  27  35  37  8  6  47  15  36  10  34  1  18  16  23  20  24 
bbbest=473
 11  46  38  42  29  30  13  12  19  45  31  44  39  5  32  2  48  25  9  40  26  3  28  41  22  14  43  33  17  21  7  4  27  35  37  8  6  47  15  36  10  34  1  18  16  23  20  24 
bbbest=473
 11  46  38  42  29  30  13  12  19  45  31  44  39  5  32  2  48  25  9  40  26  3  28  41  22  14  43  33  17  21  7  4  27  35  37  8  6  47  15  36  10  34  1  18  16  23  20  24 
bbbest=473
 11  46  38  42  29  30  13  12  19  45  31  44  39  5  32  2  48  25  9  40  26  3  28  41  22  14  43  33  17  21  7  4  27  35  37  8  6  47  15  36  10  34  1  18  16  23  20  24 
bbbest=473
 11  46  38  42  29  30  13  12  19  45  31  44  39  5  32  2  48  25  9  40  26  3  28  41  22  14  43  33  17  21  7  4  27  35  37  8  6  47  15  36  10  34  1  18  16  23  20  24 
bbbest=473
 11  46  38  42  29  30  13  12  19  45  31  44  39  5  32  2  48  25  9  40  26  3  28  41  22  14  43  33  17  21  7  4  27  35  37  8  6  47  15  36  10  34  1  18  16  23  20  24 
bbbest=473
 11  46  38  42  29  30  13  12  19  45  31  44  39  5  32  2  48  25  9  40  26  3  28  41  22  14  43  33  17  21  7  4  27  35  37  8  6  47  15  36  10  34  1  18  16  23  20  24 
bbbest=473
 11  46  38  42  29  30  13  12  19  45  31  44  39  5  32  2  48  25  9  40  26  3  28  41  22  14  43  33  17  21  7  4  27  35  37  8  6  47  15  36  10  34  1  18  16  23  20  24 
bbbest=473
 11  46  38  42  29  30  13  12  19  45  31  44  39  5  32  2  48  25  9  40  26  3  28  41  22  14  43  33  17  21  7  4  27  35  37  8  6  47  15  36  10  34  1  18  16  23  20  24 
bbbest=473
 11  46  38  42  29  30  13  12  19  45  31  44  39  5  32  2  48  25  9  40  26  3  28  41  22  14  43  33  17  21  7  4  27  35  37  8  6  47  15  36  10  34  1  18  16  23  20  24 
bbbest=473
 11  46  38  42  29  30  13  12  19  45  31  44  39  5  32  2  48  25  9  40  26  3  28  41  22  14  43  33  17  21  7  4  27  35  37  8  6  47  15  36  10  34  1  18  16  23  20  24 
bbbest=473
 11  46  38  42  29  30  13  12  19  45  31  44  39  5  32  2  48  25  9  40  26  3  28  41  22  14  43  33  17  21  7  4  27  35  37  8  6  47  15  36  10  34  1  18  16  23  20  24 
bbbest=473
 11  46  38  42  29  30  13  12  19  45  31  44  39  5  32  2  48  25  9  40  26  3  28  41  22  14  43  33  17  21  7  4  27  35  37  8  6  47  15  36  10  34  1  18  16  23  20  24 
bbbest=473
 11  46  38  42  29  30  13  12  19  45  31  44  39  5  32  2  48  25  9  40  26  3  28  41  22  14  43  33  17  21  7  4  27  35  37  8  6  47  15  36  10  34  1  18  16  23  20  24 
bbbest=473
 11  46  38  42  29  30  13  12  19  45  31  44  39  5  32  2  48  25  9  40  26  3  28  41  22  14  43  33  17  21  7  4  27  35  37  8  6  47  15  36  10  34  1  18  16  23  20  24 
bbbest=473
 11  46  38  42  29  30  13  12  19  45  31  44  39  5  32  2  48  25  9  40  26  3  28  41  22  14  43  33  17  21  7  4  27  35  37  8  6  47  15  36  10  34  1  18  16  23  20  24 
bbbest=473
 11  46  38  42  29  30  13  12  19  45  31  44  39  5  32  2  48  25  9  40  26  3  28  41  22  14  43  33  17  21  7  4  27  35  37  8  6  47  15  36  10  34  1  18  16  23  20  24 
bbbest=473
 11  46  38  42  29  30  13  12  19  45  31  44  39  5  32  2  48  25  9  40  26  3  28  41  22  14  43  33  17  21  7  4  27  35  37  8  6  47  15  36  10  34  1  18  16  23  20  24 
bbbest=473
 11  46  38  42  29  30  13  12  19  45  31  44  39  5  32  2  48  25  9  40  26  3  28  41  22  14  43  33  17  21  7  4  27  35  37  8  6  47  15  36  10  34  1  18  16  23  20  24 
bbbest=473
 11  46  38  42  29  30  13  12  19  45  31  44  39  5  32  2  48  25  9  40  26  3  28  41  22  14  43  33  17  21  7  4  27  35  37  8  6  47  15  36  10  34  1  18  16  23  20  24 
bbbest=473
 11  46  38  42  29  30  13  12  19  45  31  44  39  5  32  2  48  25  9  40  26  3  28  41  22  14  43  33  17  21  7  4  27  35  37  8  6  47  15  36  10  34  1  18  16  23  20  24 
bbbest=473
 11  46  38  42  29  30  13  12  19  45  31  44  39  5  32  2  48  25  9  40  26  3  28  41  22  14  43  33  17  21  7  4  27  35  37  8  6  47  15  36  10  34  1  18  16  23  20  24 
bbbest=473
 11  46  38  42  29  30  13  12  19  45  31  44  39  5  32  2  48  25  9  40  26  3  28  41  22  14  43  33  17  21  7  4  27  35  37  8  6  47  15  36  10  34  1  18  16  23  20  24 
bbbest=473
 11  46  38  42  29  30  13  12  19  45  31  44  39  5  32  2  48  25  9  40  26  3  28  41  22  14  43  33  17  21  7  4  27  35  37  8  6  47  15  36  10  34  1  18  16  23  20  24 
bbbest=473
 11  46  38  42  29  30  13  12  19  45  31  44  39  5  32  2  48  25  9  40  26  3  28  41  22  14  43  33  17  21  7  4  27  35  37  8  6  47  15  36  10  34  1  18  16  23  20  24 
bbbest=473
 11  46  38  42  29  30  13  12  19  45  31  44  39  5  32  2  48  25  9  40  26  3  28  41  22  14  43  33  17  21  7  4  27  35  37  8  6  47  15  36  10  34  1  18  16  23  20  24 
bbbest=473
 11  46  38  42  29  30  13  12  19  45  31  44  39  5  32  2  48  25  9  40  26  3  28  41  22  14  43  33  17  21  7  4  27  35  37  8  6  47  15  36  10  34  1  18  16  23  20  24 
bbbest=473
 11  46  38  42  29  30  13  12  19  45  31  44  39  5  32  2  48  25  9  40  26  3  28  41  22  14  43  33  17  21  7  4  27  35  37  8  6  47  15  36  10  34  1  18  16  23  20  24 
bbbest=473
 11  46  38  42  29  30  13  12  19  45  31  44  39  5  32  2  48  25  9  40  26  3  28  41  22  14  43  33  17  21  7  4  27  35  37  8  6  47  15  36  10  34  1  18  16  23  20  24 
bbbest=473
 11  46  38  42  29  30  13  12  19  45  31  44  39  5  32  2  48  25  9  40  26  3  28  41  22  14  43  33  17  21  7  4  27  35  37  8  6  47  15  36  10  34  1  18  16  23  20  24 
bbbest=473
 11  46  38  42  29  30  13  12  19  45  31  44  39  5  32  2  48  25  9  40  26  3  28  41  22  14  43  33  17  21  7  4  27  35  37  8  6  47  15  36  10  34  1  18  16  23  20  24 
bbbest=473
 11  46  38  42  29  30  13  12  19  45  31  44  39  5  32  2  48  25  9  40  26  3  28  41  22  14  43  33  17  21  7  4  27  35  37  8  6  47  15  36  10  34  1  18  16  23  20  24 
bbbest=473
 11  46  38  42  29  30  13  12  19  45  31  44  39  5  32  2  48  25  9  40  26  3  28  41  22  14  43  33  17  21  7  4  27  35  37  8  6  47  15  36  10  34  1  18  16  23  20  24 
bbbest=473
 11  46  38  42  29  30  13  12  19  45  31  44  39  5  32  2  48  25  9  40  26  3  28  41  22  14  43  33  17  21  7  4  27  35  37  8  6  47  15  36  10  34  1  18  16  23  20  24 
bbbest=473
 11  46  38  42  29  30  13  12  19  45  31  44  39  5  32  2  48  25  9  40  26  3  28  41  22  14  43  33  17  21  7  4  27  35  37  8  6  47  15  36  10  34  1  18  16  23  20  24 
bbbest=473
 11  46  38  42  29  30  13  12  19  45  31  44  39  5  32  2  48  25  9  40  26  3  28  41  22  14  43  33  17  21  7  4  27  35  37  8  6  47  15  36  10  34  1  18  16  23  20  24 
bbbest=473
 11  46  38  42  29  30  13  12  19  45  31  44  39  5  32  2  48  25  9  40  26  3  28  41  22  14  43  33  17  21  7  4  27  35  37  8  6  47  15  36  10  34  1  18  16  23  20  24 
bbbest=473
 11  46  38  42  29  30  13  12  19  45  31  44  39  5  32  2  48  25  9  40  26  3  28  41  22  14  43  33  17  21  7  4  27  35  37  8  6  47  15  36  10  34  1  18  16  23  20  24 
bbbest=473
 11  46  38  42  29  30  13  12  19  45  31  44  39  5  32  2  48  25  9  40  26  3  28  41  22  14  43  33  17  21  7  4  27  35  37  8  6  47  15  36  10  34  1  18  16  23  20  24 
bbbest=473
 11  46  38  42  29  30  13  12  19  45  31  44  39  5  32  2  48  25  9  40  26  3  28  41  22  14  43  33  17  21  7  4  27  35  37  8  6  47  15  36  10  34  1  18  16  23  20  24 
bbbest=473
 11  46  38  42  29  30  13  12  19  45  31  44  39  5  32  2  48  25  9  40  26  3  28  41  22  14  43  33  17  21  7  4  27  35  37  8  6  47  15  36  10  34  1  18  16  23  20  24 
bbbest=473
 11  46  38  42  29  30  13  12  19  45  31  44  39  5  32  2  48  25  9  40  26  3  28  41  22  14  43  33  17  21  7  4  27  35  37  8  6  47  15  36  10  34  1  18  16  23  20  24 
bbbest=473
 11  46  38  42  29  30  13  12  19  45  31  44  39  5  32  2  48  25  9  40  26  3  28  41  22  14  43  33  17  21  7  4  27  35  37  8  6  47  15  36  10  34  1  18  16  23  20  24 
bbbest=473
 11  46  38  42  29  30  13  12  19  45  31  44  39  5  32  2  48  25  9  40  26  3  28  41  22  14  43  33  17  21  7  4  27  35  37  8  6  47  15  36  10  34  1  18  16  23  20  24 
bbbest=473
 11  46  38  42  29  30  13  12  19  45  31  44  39  5  32  2  48  25  9  40  26  3  28  41  22  14  43  33  17  21  7  4  27  35  37  8  6  47  15  36  10  34  1  18  16  23  20  24 
bbbest=473
 11  46  38  42  29  30  13  12  19  45  31  44  39  5  32  2  48  25  9  40  26  3  28  41  22  14  43  33  17  21  7  4  27  35  37  8  6  47  15  36  10  34  1  18  16  23  20  24 
bbbest=473
 11  46  38  42  29  30  13  12  19  45  31  44  39  5  32  2  48  25  9  40  26  3  28  41  22  14  43  33  17  21  7  4  27  35  37  8  6  47  15  36  10  34  1  18  16  23  20  24 
bbbest=473
 11  46  38  42  29  30  13  12  19  45  31  44  39  5  32  2  48  25  9  40  26  3  28  41  22  14  43  33  17  21  7  4  27  35  37  8  6  47  15  36  10  34  1  18  16  23  20  24 
bbbest=473
 11  46  38  42  29  30  13  12  19  45  31  44  39  5  32  2  48  25  9  40  26  3  28  41  22  14  43  33  17  21  7  4  27  35  37  8  6  47  15  36  10  34  1  18  16  23  20  24 
bbbest=473
 11  46  38  42  29  30  13  12  19  45  31  44  39  5  32  2  48  25  9  40  26  3  28  41  22  14  43  33  17  21  7  4  27  35  37  8  6  47  15  36  10  34  1  18  16  23  20  24 
bbbest=473
 11  46  38  42  29  30  13  12  19  45  31  44  39  5  32  2  48  25  9  40  26  3  28  41  22  14  43  33  17  21  7  4  27  35  37  8  6  47  15  36  10  34  1  18  16  23  20  24 
bbbest=473
 11  46  38  42  29  30  13  12  19  45  31  44  39  5  32  2  48  25  9  40  26  3  28  41  22  14  43  33  17  21  7  4  27  35  37  8  6  47  15  36  10  34  1  18  16  23  20  24 
mmax=473
 11  46  38  42  29  30  13  12  19  45  31  44  39  5  32  2  48  25  9  40  26  3  28  41  22  14  43  33  17  21  7  4  27  35  37  8  6  47  15  36  10  34  1  18  16  23  20  24 
