 18  27  15  24  12  21  9  6  3  25  22  10  19  7  16  4  13  1  23  20  17  26  14  2  11  8  5 
 13  7  14  24  10  17  22  15  1  21  27  19  4  9  25  18  12  16  3  2  23  6  20  26  5  8  11 
 17  19  13  4  25  21  22  6  27  3  18  20  10  8  9  12  26  7  24  14  15  5  16  1  11  2  23 
 20  22  3  8  16  2  12  25  11  17  9  1  15  7  26  21  6  13  14  24  19  10  23  27  4  5  18 
 23  24  3  9  1  10  27  12  19  4  26  14  21  16  15  17  25  6  8  22  13  5  11  7  2  18  20 
 26  9  3  16  13  17  10  27  18  22  25  6  23  7  19  4  12  14  21  11  5  2  24  8  20  1  15 
 3  12  20  5  24  25  8  6  18  11  13  9  7  27  22  19  2  14  17  26  21  1  15  16  23  4  10 
 6  14  21  20  9  5  22  19  23  27  16  12  26  3  18  2  11  8  24  7  1  15  13  17  10  4  25 
 9  27  11  21  13  10  14  6  26  12  3  20  17  23  24  16  15  8  25  1  7  18  5  19  22  4  2 
 13  2  11  17  5  3  25  7  22  20  8  18  10  12  14  9  4  19  23  15  1  27  16  24  21  6  26 
 16  4  1  6  5  17  11  14  22  3  7  20  12  26  21  27  15  13  18  19  8  24  2  10  25  9  23 
 19  17  1  22  6  2  18  20  11  21  10  15  24  8  26  12  25  7  23  9  27  5  3  13  4  16  14 
 22  19  2  16  24  25  18  7  9  8  27  13  5  12  10  23  3  11  17  15  14  20  1  4  6  21  26 
 26  22  19  18  17  8  6  7  5  23  13  27  14  4  21  25  3  16  20  1  2  9  11  12  24  10  15 
 2  7  9  17  20  13  19  25  10  5  24  12  4  3  15  11  27  16  1  21  22  8  26  14  23  18  6 
 5  9  24  18  21  1  17  6  14  19  20  7  4  3  23  27  10  13  22  8  25  11  2  12  26  15  16 
 8  12  9  3  2  17  1  5  13  11  14  23  24  22  10  21  26  4  27  18  20  16  15  25  6  7  19 
 12  24  26  19  2  1  9  6  11  25  4  22  20  17  15  23  27  7  18  3  14  5  10  16  21  13  8 
 15  27  9  3  13  16  21  17  19  12  4  25  7  18  8  20  14  2  24  10  11  23  6  22  26  1  5 
 18  2  17  25  13  7  10  14  27  26  11  12  20  15  24  19  9  23  21  3  1  8  5  22  4  16  6 
bbbest=252
 18  27  15  24  12  21  9  6  3  25  22  10  19  7  16  4  13  1  26  23  20  17  14  11  8  5  2 
bbbest=252
 18  27  15  24  12  21  9  6  3  25  22  10  19  7  16  4  13  1  26  23  20  17  14  11  8  5  2 
bbbest=252
 18  27  15  24  12  21  9  6  3  25  22  10  19  7  16  4  13  1  26  23  20  17  14  11  8  5  2 
bbbest=252
 18  27  15  24  12  21  9  6  3  25  22  10  19  7  16  4  13  1  26  23  20  17  14  11  8  5  2 
bbbest=252
 18  27  15  24  12  21  9  6  3  25  22  10  19  7  16  4  13  1  26  23  20  17  14  11  8  5  2 
bbbest=252
 18  27  15  24  12  21  9  6  3  25  22  10  19  7  16  4  13  1  26  23  20  17  14  11  8  5  2 
bbbest=252
 18  27  15  24  12  21  9  6  3  25  22  10  19  7  16  4  13  1  26  23  20  17  14  11  8  5  2 
bbbest=252
 18  27  15  24  12  21  9  6  3  25  22  10  19  7  16  4  13  1  26  23  20  17  14  11  8  5  2 
bbbest=252
 18  27  15  24  12  21  9  6  3  25  22  10  19  7  16  4  13  1  26  23  20  17  14  11  8  5  2 
bbbest=252
 18  27  15  24  12  21  9  6  3  25  22  10  19  7  16  4  13  1  26  23  20  17  14  11  8  5  2 
bbbest=252
 18  27  15  24  12  21  9  6  3  25  22  10  19  7  16  4  13  1  26  23  20  17  14  11  8  5  2 
bbbest=252
 18  27  15  24  12  21  9  6  3  25  22  10  19  7  16  4  13  1  26  23  20  17  14  11  8  5  2 
bbbest=252
 18  27  15  24  12  21  9  6  3  25  22  10  19  7  16  4  13  1  26  23  20  17  14  11  8  5  2 
bbbest=252
 18  27  15  24  12  21  9  6  3  25  22  10  19  7  16  4  13  1  26  23  20  17  14  11  8  5  2 
bbbest=252
 18  27  15  24  12  21  9  6  3  25  22  10  19  7  16  4  13  1  26  23  20  17  14  11  8  5  2 
bbbest=252
 18  27  15  24  12  21  9  6  3  25  22  10  19  7  16  4  13  1  26  23  20  17  14  11  8  5  2 
bbbest=252
 18  27  15  24  12  21  9  6  3  25  22  10  19  7  16  4  13  1  26  23  20  17  14  11  8  5  2 
bbbest=252
 18  27  15  24  12  21  9  6  3  25  22  10  19  7  16  4  13  1  26  23  20  17  14  11  8  5  2 
bbbest=252
 18  27  15  24  12  21  9  6  3  25  22  10  19  7  16  4  13  1  26  23  20  17  14  11  8  5  2 
bbbest=252
 18  27  15  24  12  21  9  6  3  25  22  10  19  7  16  4  13  1  26  23  20  17  14  11  8  5  2 
bbbest=252
 18  27  15  24  12  21  9  6  3  25  22  10  19  7  16  4  13  1  26  23  20  17  14  11  8  5  2 
bbbest=252
 18  27  15  24  12  21  9  6  3  25  22  10  19  7  16  4  13  1  26  23  20  17  14  11  8  5  2 
bbbest=252
 18  27  15  24  12  21  9  6  3  25  22  10  19  7  16  4  13  1  26  23  20  17  14  11  8  5  2 
bbbest=252
 18  27  15  24  12  21  9  6  3  25  22  10  19  7  16  4  13  1  26  23  20  17  14  11  8  5  2 
bbbest=252
 18  27  15  24  12  21  9  6  3  25  22  10  19  7  16  4  13  1  26  23  20  17  14  11  8  5  2 
bbbest=252
 18  27  15  24  12  21  9  6  3  25  22  10  19  7  16  4  13  1  26  23  20  17  14  11  8  5  2 
bbbest=252
 18  27  15  24  12  21  9  6  3  25  22  10  19  7  16  4  13  1  26  23  20  17  14  11  8  5  2 
bbbest=252
 18  27  15  24  12  21  9  6  3  25  22  10  19  7  16  4  13  1  26  23  20  17  14  11  8  5  2 
bbbest=252
 18  27  15  24  12  21  9  6  3  25  22  10  19  7  16  4  13  1  26  23  20  17  14  11  8  5  2 
bbbest=252
 18  27  15  24  12  21  9  6  3  25  22  10  19  7  16  4  13  1  26  23  20  17  14  11  8  5  2 
bbbest=252
 18  27  15  24  12  21  9  6  3  25  22  10  19  7  16  4  13  1  26  23  20  17  14  11  8  5  2 
bbbest=252
 18  27  15  24  12  21  9  6  3  25  22  10  19  7  16  4  13  1  26  23  20  17  14  11  8  5  2 
bbbest=252
 18  27  15  24  12  21  9  6  3  25  22  10  19  7  16  4  13  1  26  23  20  17  14  11  8  5  2 
bbbest=252
 18  27  15  24  12  21  9  6  3  25  22  10  19  7  16  4  13  1  26  23  20  17  14  11  8  5  2 
bbbest=252
 18  27  15  24  12  21  9  6  3  25  22  10  19  7  16  4  13  1  26  23  20  17  14  11  8  5  2 
bbbest=252
 18  27  15  24  12  21  9  6  3  25  22  10  19  7  16  4  13  1  26  23  20  17  14  11  8  5  2 
bbbest=252
 18  27  15  24  12  21  9  6  3  25  22  10  19  7  16  4  13  1  26  23  20  17  14  11  8  5  2 
bbbest=252
 18  27  15  24  12  21  9  6  3  25  22  10  19  7  16  4  13  1  26  23  20  17  14  11  8  5  2 
bbbest=252
 18  27  15  24  12  21  9  6  3  25  22  10  19  7  16  4  13  1  26  23  20  17  14  11  8  5  2 
bbbest=252
 18  27  15  24  12  21  9  6  3  25  22  10  19  7  16  4  13  1  26  23  20  17  14  11  8  5  2 
bbbest=252
 18  27  15  24  12  21  9  6  3  25  22  10  19  7  16  4  13  1  26  23  20  17  14  11  8  5  2 
bbbest=252
 18  27  15  24  12  21  9  6  3  25  22  10  19  7  16  4  13  1  26  23  20  17  14  11  8  5  2 
bbbest=252
 18  27  15  24  12  21  9  6  3  25  22  10  19  7  16  4  13  1  26  23  20  17  14  11  8  5  2 
bbbest=252
 18  27  15  24  12  21  9  6  3  25  22  10  19  7  16  4  13  1  26  23  20  17  14  11  8  5  2 
bbbest=252
 18  27  15  24  12  21  9  6  3  25  22  10  19  7  16  4  13  1  26  23  20  17  14  11  8  5  2 
bbbest=252
 18  27  15  24  12  21  9  6  3  25  22  10  19  7  16  4  13  1  26  23  20  17  14  11  8  5  2 
bbbest=252
 18  27  15  24  12  21  9  6  3  25  22  10  19  7  16  4  13  1  26  23  20  17  14  11  8  5  2 
bbbest=252
 18  27  15  24  12  21  9  6  3  25  22  10  19  7  16  4  13  1  26  23  20  17  14  11  8  5  2 
bbbest=252
 18  27  15  24  12  21  9  6  3  25  22  10  19  7  16  4  13  1  26  23  20  17  14  11  8  5  2 
bbbest=252
 18  27  15  24  12  21  9  6  3  25  22  10  19  7  16  4  13  1  26  23  20  17  14  11  8  5  2 
bbbest=252
 18  27  15  24  12  21  9  6  3  25  22  10  19  7  16  4  13  1  26  23  20  17  14  11  8  5  2 
bbbest=252
 18  27  15  24  12  21  9  6  3  25  22  10  19  7  16  4  13  1  26  23  20  17  14  11  8  5  2 
bbbest=252
 18  27  15  24  12  21  9  6  3  25  22  10  19  7  16  4  13  1  26  23  20  17  14  11  8  5  2 
bbbest=252
 18  27  15  24  12  21  9  6  3  25  22  10  19  7  16  4  13  1  26  23  20  17  14  11  8  5  2 
bbbest=252
 18  27  15  24  12  21  9  6  3  25  22  10  19  7  16  4  13  1  26  23  20  17  14  11  8  5  2 
bbbest=252
 18  27  15  24  12  21  9  6  3  25  22  10  19  7  16  4  13  1  26  23  20  17  14  11  8  5  2 
bbbest=252
 18  27  15  24  12  21  9  6  3  25  22  10  19  7  16  4  13  1  26  23  20  17  14  11  8  5  2 
bbbest=252
 18  27  15  24  12  21  9  6  3  25  22  10  19  7  16  4  13  1  26  23  20  17  14  11  8  5  2 
bbbest=252
 18  27  15  24  12  21  9  6  3  25  22  10  19  7  16  4  13  1  26  23  20  17  14  11  8  5  2 
bbbest=252
 18  27  15  24  12  21  9  6  3  25  22  10  19  7  16  4  13  1  26  23  20  17  14  11  8  5  2 
bbbest=252
 18  27  15  24  12  21  9  6  3  25  22  10  19  7  16  4  13  1  26  23  20  17  14  11  8  5  2 
bbbest=252
 18  27  15  24  12  21  9  6  3  25  22  10  19  7  16  4  13  1  26  23  20  17  14  11  8  5  2 
bbbest=252
 18  27  15  24  12  21  9  6  3  25  22  10  19  7  16  4  13  1  26  23  20  17  14  11  8  5  2 
bbbest=252
 18  27  15  24  12  21  9  6  3  25  22  10  19  7  16  4  13  1  26  23  20  17  14  11  8  5  2 
bbbest=252
 18  27  15  24  12  21  9  6  3  25  22  10  19  7  16  4  13  1  26  23  20  17  14  11  8  5  2 
bbbest=252
 18  27  15  24  12  21  9  6  3  25  22  10  19  7  16  4  13  1  26  23  20  17  14  11  8  5  2 
bbbest=252
 18  27  15  24  12  21  9  6  3  25  22  10  19  7  16  4  13  1  26  23  20  17  14  11  8  5  2 
bbbest=252
 18  27  15  24  12  21  9  6  3  25  22  10  19  7  16  4  13  1  26  23  20  17  14  11  8  5  2 
bbbest=252
 18  27  15  24  12  21  9  6  3  25  22  10  19  7  16  4  13  1  26  23  20  17  14  11  8  5  2 
bbbest=252
 18  27  15  24  12  21  9  6  3  25  22  10  19  7  16  4  13  1  26  23  20  17  14  11  8  5  2 
bbbest=252
 18  27  15  24  12  21  9  6  3  25  22  10  19  7  16  4  13  1  26  23  20  17  14  11  8  5  2 
bbbest=252
 18  27  15  24  12  21  9  6  3  25  22  10  19  7  16  4  13  1  26  23  20  17  14  11  8  5  2 
bbbest=252
 18  27  15  24  12  21  9  6  3  25  22  10  19  7  16  4  13  1  26  23  20  17  14  11  8  5  2 
bbbest=252
 18  27  15  24  12  21  9  6  3  25  22  10  19  7  16  4  13  1  26  23  20  17  14  11  8  5  2 
bbbest=252
 18  27  15  24  12  21  9  6  3  25  22  10  19  7  16  4  13  1  26  23  20  17  14  11  8  5  2 
bbbest=252
 18  27  15  24  12  21  9  6  3  25  22  10  19  7  16  4  13  1  26  23  20  17  14  11  8  5  2 
bbbest=252
 18  27  15  24  12  21  9  6  3  25  22  10  19  7  16  4  13  1  26  23  20  17  14  11  8  5  2 
bbbest=252
 18  27  15  24  12  21  9  6  3  25  22  10  19  7  16  4  13  1  26  23  20  17  14  11  8  5  2 
bbbest=252
 18  27  15  24  12  21  9  6  3  25  22  10  19  7  16  4  13  1  26  23  20  17  14  11  8  5  2 
bbbest=252
 18  27  15  24  12  21  9  6  3  25  22  10  19  7  16  4  13  1  26  23  20  17  14  11  8  5  2 
bbbest=252
 18  27  15  24  12  21  9  6  3  25  22  10  19  7  16  4  13  1  26  23  20  17  14  11  8  5  2 
bbbest=252
 18  27  15  24  12  21  9  6  3  25  22  10  19  7  16  4  13  1  26  23  20  17  14  11  8  5  2 
bbbest=252
 18  27  15  24  12  21  9  6  3  25  22  10  19  7  16  4  13  1  26  23  20  17  14  11  8  5  2 
bbbest=252
 18  27  15  24  12  21  9  6  3  25  22  10  19  7  16  4  13  1  26  23  20  17  14  11  8  5  2 
bbbest=252
 18  27  15  24  12  21  9  6  3  25  22  10  19  7  16  4  13  1  26  23  20  17  14  11  8  5  2 
bbbest=252
 18  27  15  24  12  21  9  6  3  25  22  10  19  7  16  4  13  1  26  23  20  17  14  11  8  5  2 
bbbest=252
 18  27  15  24  12  21  9  6  3  25  22  10  19  7  16  4  13  1  26  23  20  17  14  11  8  5  2 
bbbest=252
 18  27  15  24  12  21  9  6  3  25  22  10  19  7  16  4  13  1  26  23  20  17  14  11  8  5  2 
bbbest=252
 18  27  15  24  12  21  9  6  3  25  22  10  19  7  16  4  13  1  26  23  20  17  14  11  8  5  2 
bbbest=252
 18  27  15  24  12  21  9  6  3  25  22  10  19  7  16  4  13  1  26  23  20  17  14  11  8  5  2 
bbbest=252
 18  27  15  24  12  21  9  6  3  25  22  10  19  7  16  4  13  1  26  23  20  17  14  11  8  5  2 
bbbest=252
 18  27  15  24  12  21  9  6  3  25  22  10  19  7  16  4  13  1  26  23  20  17  14  11  8  5  2 
bbbest=252
 18  27  15  24  12  21  9  6  3  25  22  10  19  7  16  4  13  1  26  23  20  17  14  11  8  5  2 
bbbest=252
 18  27  15  24  12  21  9  6  3  25  22  10  19  7  16  4  13  1  26  23  20  17  14  11  8  5  2 
bbbest=252
 18  27  15  24  12  21  9  6  3  25  22  10  19  7  16  4  13  1  26  23  20  17  14  11  8  5  2 
bbbest=252
 18  27  15  24  12  21  9  6  3  25  22  10  19  7  16  4  13  1  26  23  20  17  14  11  8  5  2 
bbbest=252
 18  27  15  24  12  21  9  6  3  25  22  10  19  7  16  4  13  1  26  23  20  17  14  11  8  5  2 
bbbest=252
 18  27  15  24  12  21  9  6  3  25  22  10  19  7  16  4  13  1  26  23  20  17  14  11  8  5  2 
bbbest=252
 18  27  15  24  12  21  9  6  3  25  22  10  19  7  16  4  13  1  26  23  20  17  14  11  8  5  2 
bbbest=252
 18  27  15  24  12  21  9  6  3  25  22  10  19  7  16  4  13  1  26  23  20  17  14  11  8  5  2 
bbbest=252
 18  27  15  24  12  21  9  6  3  25  22  10  19  7  16  4  13  1  26  23  20  17  14  11  8  5  2 
bbbest=252
 18  27  15  24  12  21  9  6  3  25  22  10  19  7  16  4  13  1  26  23  20  17  14  11  8  5  2 
bbbest=252
 18  27  15  24  12  21  9  6  3  25  22  10  19  7  16  4  13  1  26  23  20  17  14  11  8  5  2 
bbbest=252
 18  27  15  24  12  21  9  6  3  25  22  10  19  7  16  4  13  1  26  23  20  17  14  11  8  5  2 
bbbest=252
 18  27  15  24  12  21  9  6  3  25  22  10  19  7  16  4  13  1  26  23  20  17  14  11  8  5  2 
bbbest=252
 18  27  15  24  12  21  9  6  3  25  22  10  19  7  16  4  13  1  26  23  20  17  14  11  8  5  2 
bbbest=252
 18  27  15  24  12  21  9  6  3  25  22  10  19  7  16  4  13  1  26  23  20  17  14  11  8  5  2 
bbbest=252
 18  27  15  24  12  21  9  6  3  25  22  10  19  7  16  4  13  1  26  23  20  17  14  11  8  5  2 
bbbest=252
 18  27  15  24  12  21  9  6  3  25  22  10  19  7  16  4  13  1  26  23  20  17  14  11  8  5  2 
bbbest=252
 18  27  15  24  12  21  9  6  3  25  22  10  19  7  16  4  13  1  26  23  20  17  14  11  8  5  2 
bbbest=252
 18  27  15  24  12  21  9  6  3  25  22  10  19  7  16  4  13  1  26  23  20  17  14  11  8  5  2 
bbbest=252
 18  27  15  24  12  21  9  6  3  25  22  10  19  7  16  4  13  1  26  23  20  17  14  11  8  5  2 
bbbest=252
 18  27  15  24  12  21  9  6  3  25  22  10  19  7  16  4  13  1  26  23  20  17  14  11  8  5  2 
bbbest=252
 18  27  15  24  12  21  9  6  3  25  22  10  19  7  16  4  13  1  26  23  20  17  14  11  8  5  2 
bbbest=252
 18  27  15  24  12  21  9  6  3  25  22  10  19  7  16  4  13  1  26  23  20  17  14  11  8  5  2 
bbbest=252
 18  27  15  24  12  21  9  6  3  25  22  10  19  7  16  4  13  1  26  23  20  17  14  11  8  5  2 
bbbest=252
 18  27  15  24  12  21  9  6  3  25  22  10  19  7  16  4  13  1  26  23  20  17  14  11  8  5  2 
bbbest=252
 18  27  15  24  12  21  9  6  3  25  22  10  19  7  16  4  13  1  26  23  20  17  14  11  8  5  2 
bbbest=252
 18  27  15  24  12  21  9  6  3  25  22  10  19  7  16  4  13  1  26  23  20  17  14  11  8  5  2 
bbbest=252
 18  27  15  24  12  21  9  6  3  25  22  10  19  7  16  4  13  1  26  23  20  17  14  11  8  5  2 
bbbest=252
 18  27  15  24  12  21  9  6  3  25  22  10  19  7  16  4  13  1  26  23  20  17  14  11  8  5  2 
bbbest=252
 18  27  15  24  12  21  9  6  3  25  22  10  19  7  16  4  13  1  26  23  20  17  14  11  8  5  2 
bbbest=252
 18  27  15  24  12  21  9  6  3  25  22  10  19  7  16  4  13  1  26  23  20  17  14  11  8  5  2 
bbbest=252
 18  27  15  24  12  21  9  6  3  25  22  10  19  7  16  4  13  1  26  23  20  17  14  11  8  5  2 
bbbest=252
 18  27  15  24  12  21  9  6  3  25  22  10  19  7  16  4  13  1  26  23  20  17  14  11  8  5  2 
bbbest=252
 18  27  15  24  12  21  9  6  3  25  22  10  19  7  16  4  13  1  26  23  20  17  14  11  8  5  2 
bbbest=252
 18  27  15  24  12  21  9  6  3  25  22  10  19  7  16  4  13  1  26  23  20  17  14  11  8  5  2 
bbbest=252
 18  27  15  24  12  21  9  6  3  25  22  10  19  7  16  4  13  1  26  23  20  17  14  11  8  5  2 
bbbest=252
 18  27  15  24  12  21  9  6  3  25  22  10  19  7  16  4  13  1  26  23  20  17  14  11  8  5  2 
bbbest=252
 18  27  15  24  12  21  9  6  3  25  22  10  19  7  16  4  13  1  26  23  20  17  14  11  8  5  2 
bbbest=252
 18  27  15  24  12  21  9  6  3  25  22  10  19  7  16  4  13  1  26  23  20  17  14  11  8  5  2 
bbbest=252
 18  27  15  24  12  21  9  6  3  25  22  10  19  7  16  4  13  1  26  23  20  17  14  11  8  5  2 
bbbest=252
 18  27  15  24  12  21  9  6  3  25  22  10  19  7  16  4  13  1  26  23  20  17  14  11  8  5  2 
bbbest=252
 18  27  15  24  12  21  9  6  3  25  22  10  19  7  16  4  13  1  26  23  20  17  14  11  8  5  2 
bbbest=252
 18  27  15  24  12  21  9  6  3  25  22  10  19  7  16  4  13  1  26  23  20  17  14  11  8  5  2 
bbbest=252
 18  27  15  24  12  21  9  6  3  25  22  10  19  7  16  4  13  1  26  23  20  17  14  11  8  5  2 
bbbest=252
 18  27  15  24  12  21  9  6  3  25  22  10  19  7  16  4  13  1  26  23  20  17  14  11  8  5  2 
bbbest=252
 18  27  15  24  12  21  9  6  3  25  22  10  19  7  16  4  13  1  26  23  20  17  14  11  8  5  2 
bbbest=252
 18  27  15  24  12  21  9  6  3  25  22  10  19  7  16  4  13  1  26  23  20  17  14  11  8  5  2 
bbbest=252
 18  27  15  24  12  21  9  6  3  25  22  10  19  7  16  4  13  1  26  23  20  17  14  11  8  5  2 
bbbest=252
 18  27  15  24  12  21  9  6  3  25  22  10  19  7  16  4  13  1  26  23  20  17  14  11  8  5  2 
bbbest=252
 18  27  15  24  12  21  9  6  3  25  22  10  19  7  16  4  13  1  26  23  20  17  14  11  8  5  2 
bbbest=252
 18  27  15  24  12  21  9  6  3  25  22  10  19  7  16  4  13  1  26  23  20  17  14  11  8  5  2 
bbbest=252
 18  27  15  24  12  21  9  6  3  25  22  10  19  7  16  4  13  1  26  23  20  17  14  11  8  5  2 
bbbest=252
 18  27  15  24  12  21  9  6  3  25  22  10  19  7  16  4  13  1  26  23  20  17  14  11  8  5  2 
bbbest=252
 18  27  15  24  12  21  9  6  3  25  22  10  19  7  16  4  13  1  26  23  20  17  14  11  8  5  2 
bbbest=252
 18  27  15  24  12  21  9  6  3  25  22  10  19  7  16  4  13  1  26  23  20  17  14  11  8  5  2 
bbbest=252
 18  27  15  24  12  21  9  6  3  25  22  10  19  7  16  4  13  1  26  23  20  17  14  11  8  5  2 
bbbest=252
 18  27  15  24  12  21  9  6  3  25  22  10  19  7  16  4  13  1  26  23  20  17  14  11  8  5  2 
bbbest=252
 18  27  15  24  12  21  9  6  3  25  22  10  19  7  16  4  13  1  26  23  20  17  14  11  8  5  2 
bbbest=252
 18  27  15  24  12  21  9  6  3  25  22  10  19  7  16  4  13  1  26  23  20  17  14  11  8  5  2 
bbbest=252
 18  27  15  24  12  21  9  6  3  25  22  10  19  7  16  4  13  1  26  23  20  17  14  11  8  5  2 
bbbest=252
 18  27  15  24  12  21  9  6  3  25  22  10  19  7  16  4  13  1  26  23  20  17  14  11  8  5  2 
bbbest=252
 18  27  15  24  12  21  9  6  3  25  22  10  19  7  16  4  13  1  26  23  20  17  14  11  8  5  2 
bbbest=252
 18  27  15  24  12  21  9  6  3  25  22  10  19  7  16  4  13  1  26  23  20  17  14  11  8  5  2 
bbbest=252
 18  27  15  24  12  21  9  6  3  25  22  10  19  7  16  4  13  1  26  23  20  17  14  11  8  5  2 
bbbest=252
 18  27  15  24  12  21  9  6  3  25  22  10  19  7  16  4  13  1  26  23  20  17  14  11  8  5  2 
bbbest=252
 18  27  15  24  12  21  9  6  3  25  22  10  19  7  16  4  13  1  26  23  20  17  14  11  8  5  2 
bbbest=252
 18  27  15  24  12  21  9  6  3  25  22  10  19  7  16  4  13  1  26  23  20  17  14  11  8  5  2 
bbbest=252
 18  27  15  24  12  21  9  6  3  25  22  10  19  7  16  4  13  1  26  23  20  17  14  11  8  5  2 
bbbest=252
 18  27  15  24  12  21  9  6  3  25  22  10  19  7  16  4  13  1  26  23  20  17  14  11  8  5  2 
bbbest=252
 18  27  15  24  12  21  9  6  3  25  22  10  19  7  16  4  13  1  26  23  20  17  14  11  8  5  2 
bbbest=252
 18  27  15  24  12  21  9  6  3  25  22  10  19  7  16  4  13  1  26  23  20  17  14  11  8  5  2 
bbbest=252
 18  27  15  24  12  21  9  6  3  25  22  10  19  7  16  4  13  1  26  23  20  17  14  11  8  5  2 
bbbest=252
 18  27  15  24  12  21  9  6  3  25  22  10  19  7  16  4  13  1  26  23  20  17  14  11  8  5  2 
bbbest=252
 18  27  15  24  12  21  9  6  3  25  22  10  19  7  16  4  13  1  26  23  20  17  14  11  8  5  2 
bbbest=252
 18  27  15  24  12  21  9  6  3  25  22  10  19  7  16  4  13  1  26  23  20  17  14  11  8  5  2 
bbbest=252
 18  27  15  24  12  21  9  6  3  25  22  10  19  7  16  4  13  1  26  23  20  17  14  11  8  5  2 
bbbest=252
 18  27  15  24  12  21  9  6  3  25  22  10  19  7  16  4  13  1  26  23  20  17  14  11  8  5  2 
bbbest=252
 18  27  15  24  12  21  9  6  3  25  22  10  19  7  16  4  13  1  26  23  20  17  14  11  8  5  2 
bbbest=252
 18  27  15  24  12  21  9  6  3  25  22  10  19  7  16  4  13  1  26  23  20  17  14  11  8  5  2 
bbbest=252
 18  27  15  24  12  21  9  6  3  25  22  10  19  7  16  4  13  1  26  23  20  17  14  11  8  5  2 
bbbest=252
 18  27  15  24  12  21  9  6  3  25  22  10  19  7  16  4  13  1  26  23  20  17  14  11  8  5  2 
bbbest=252
 18  27  15  24  12  21  9  6  3  25  22  10  19  7  16  4  13  1  26  23  20  17  14  11  8  5  2 
bbbest=252
 18  27  15  24  12  21  9  6  3  25  22  10  19  7  16  4  13  1  26  23  20  17  14  11  8  5  2 
bbbest=252
 18  27  15  24  12  21  9  6  3  25  22  10  19  7  16  4  13  1  26  23  20  17  14  11  8  5  2 
bbbest=252
 18  27  15  24  12  21  9  6  3  25  22  10  19  7  16  4  13  1  26  23  20  17  14  11  8  5  2 
bbbest=252
 18  27  15  24  12  21  9  6  3  25  22  10  19  7  16  4  13  1  26  23  20  17  14  11  8  5  2 
bbbest=252
 18  27  15  24  12  21  9  6  3  25  22  10  19  7  16  4  13  1  26  23  20  17  14  11  8  5  2 
bbbest=252
 18  27  15  24  12  21  9  6  3  25  22  10  19  7  16  4  13  1  26  23  20  17  14  11  8  5  2 
bbbest=252
 18  27  15  24  12  21  9  6  3  25  22  10  19  7  16  4  13  1  26  23  20  17  14  11  8  5  2 
bbbest=252
 18  27  15  24  12  21  9  6  3  25  22  10  19  7  16  4  13  1  26  23  20  17  14  11  8  5  2 
bbbest=252
 18  27  15  24  12  21  9  6  3  25  22  10  19  7  16  4  13  1  26  23  20  17  14  11  8  5  2 
bbbest=252
 18  27  15  24  12  21  9  6  3  25  22  10  19  7  16  4  13  1  26  23  20  17  14  11  8  5  2 
bbbest=252
 18  27  15  24  12  21  9  6  3  25  22  10  19  7  16  4  13  1  26  23  20  17  14  11  8  5  2 
bbbest=252
 18  27  15  24  12  21  9  6  3  25  22  10  19  7  16  4  13  1  26  23  20  17  14  11  8  5  2 
bbbest=252
 18  27  15  24  12  21  9  6  3  25  22  10  19  7  16  4  13  1  26  23  20  17  14  11  8  5  2 
bbbest=252
 18  27  15  24  12  21  9  6  3  25  22  10  19  7  16  4  13  1  26  23  20  17  14  11  8  5  2 
bbbest=252
 18  27  15  24  12  21  9  6  3  25  22  10  19  7  16  4  13  1  26  23  20  17  14  11  8  5  2 
bbbest=252
 18  27  15  24  12  21  9  6  3  25  22  10  19  7  16  4  13  1  26  23  20  17  14  11  8  5  2 
bbbest=252
 18  27  15  24  12  21  9  6  3  25  22  10  19  7  16  4  13  1  26  23  20  17  14  11  8  5  2 
bbbest=252
 18  27  15  24  12  21  9  6  3  25  22  10  19  7  16  4  13  1  26  23  20  17  14  11  8  5  2 
bbbest=252
 18  27  15  24  12  21  9  6  3  25  22  10  19  7  16  4  13  1  26  23  20  17  14  11  8  5  2 
bbbest=252
 18  27  15  24  12  21  9  6  3  25  22  10  19  7  16  4  13  1  26  23  20  17  14  11  8  5  2 
bbbest=252
 18  27  15  24  12  21  9  6  3  25  22  10  19  7  16  4  13  1  26  23  20  17  14  11  8  5  2 
bbbest=252
 18  27  15  24  12  21  9  6  3  25  22  10  19  7  16  4  13  1  26  23  20  17  14  11  8  5  2 
bbbest=252
 18  27  15  24  12  21  9  6  3  25  22  10  19  7  16  4  13  1  26  23  20  17  14  11  8  5  2 
bbbest=252
 18  27  15  24  12  21  9  6  3  25  22  10  19  7  16  4  13  1  26  23  20  17  14  11  8  5  2 
bbbest=252
 18  27  15  24  12  21  9  6  3  25  22  10  19  7  16  4  13  1  26  23  20  17  14  11  8  5  2 
bbbest=252
 18  27  15  24  12  21  9  6  3  25  22  10  19  7  16  4  13  1  26  23  20  17  14  11  8  5  2 
bbbest=252
 18  27  15  24  12  21  9  6  3  25  22  10  19  7  16  4  13  1  26  23  20  17  14  11  8  5  2 
bbbest=252
 18  27  15  24  12  21  9  6  3  25  22  10  19  7  16  4  13  1  26  23  20  17  14  11  8  5  2 
bbbest=252
 18  27  15  24  12  21  9  6  3  25  22  10  19  7  16  4  13  1  26  23  20  17  14  11  8  5  2 
bbbest=252
 18  27  15  24  12  21  9  6  3  25  22  10  19  7  16  4  13  1  26  23  20  17  14  11  8  5  2 
bbbest=252
 18  27  15  24  12  21  9  6  3  25  22  10  19  7  16  4  13  1  26  23  20  17  14  11  8  5  2 
bbbest=252
 18  27  15  24  12  21  9  6  3  25  22  10  19  7  16  4  13  1  26  23  20  17  14  11  8  5  2 
bbbest=252
 18  27  15  24  12  21  9  6  3  25  22  10  19  7  16  4  13  1  26  23  20  17  14  11  8  5  2 
bbbest=252
 18  27  15  24  12  21  9  6  3  25  22  10  19  7  16  4  13  1  26  23  20  17  14  11  8  5  2 
bbbest=252
 18  27  15  24  12  21  9  6  3  25  22  10  19  7  16  4  13  1  26  23  20  17  14  11  8  5  2 
bbbest=252
 18  27  15  24  12  21  9  6  3  25  22  10  19  7  16  4  13  1  26  23  20  17  14  11  8  5  2 
bbbest=252
 18  27  15  24  12  21  9  6  3  25  22  10  19  7  16  4  13  1  26  23  20  17  14  11  8  5  2 
bbbest=252
 18  27  15  24  12  21  9  6  3  25  22  10  19  7  16  4  13  1  26  23  20  17  14  11  8  5  2 
bbbest=252
 18  27  15  24  12  21  9  6  3  25  22  10  19  7  16  4  13  1  26  23  20  17  14  11  8  5  2 
bbbest=252
 18  27  15  24  12  21  9  6  3  25  22  10  19  7  16  4  13  1  26  23  20  17  14  11  8  5  2 
bbbest=252
 18  27  15  24  12  21  9  6  3  25  22  10  19  7  16  4  13  1  26  23  20  17  14  11  8  5  2 
bbbest=252
 18  27  15  24  12  21  9  6  3  25  22  10  19  7  16  4  13  1  26  23  20  17  14  11  8  5  2 
bbbest=252
 18  27  15  24  12  21  9  6  3  25  22  10  19  7  16  4  13  1  26  23  20  17  14  11  8  5  2 
bbbest=252
 18  27  15  24  12  21  9  6  3  25  22  10  19  7  16  4  13  1  26  23  20  17  14  11  8  5  2 
bbbest=252
 18  27  15  24  12  21  9  6  3  25  22  10  19  7  16  4  13  1  26  23  20  17  14  11  8  5  2 
bbbest=252
 18  27  15  24  12  21  9  6  3  25  22  10  19  7  16  4  13  1  26  23  20  17  14  11  8  5  2 
bbbest=252
 18  27  15  24  12  21  9  6  3  25  22  10  19  7  16  4  13  1  26  23  20  17  14  11  8  5  2 
bbbest=252
 18  27  15  24  12  21  9  6  3  25  22  10  19  7  16  4  13  1  26  23  20  17  14  11  8  5  2 
bbbest=252
 18  27  15  24  12  21  9  6  3  25  22  10  19  7  16  4  13  1  26  23  20  17  14  11  8  5  2 
bbbest=252
 18  27  15  24  12  21  9  6  3  25  22  10  19  7  16  4  13  1  26  23  20  17  14  11  8  5  2 
bbbest=252
 18  27  15  24  12  21  9  6  3  25  22  10  19  7  16  4  13  1  26  23  20  17  14  11  8  5  2 
bbbest=252
 18  27  15  24  12  21  9  6  3  25  22  10  19  7  16  4  13  1  26  23  20  17  14  11  8  5  2 
bbbest=252
 18  27  15  24  12  21  9  6  3  25  22  10  19  7  16  4  13  1  26  23  20  17  14  11  8  5  2 
bbbest=252
 18  27  15  24  12  21  9  6  3  25  22  10  19  7  16  4  13  1  26  23  20  17  14  11  8  5  2 
bbbest=252
 18  27  15  24  12  21  9  6  3  25  22  10  19  7  16  4  13  1  26  23  20  17  14  11  8  5  2 
bbbest=252
 18  27  15  24  12  21  9  6  3  25  22  10  19  7  16  4  13  1  26  23  20  17  14  11  8  5  2 
bbbest=252
 18  27  15  24  12  21  9  6  3  25  22  10  19  7  16  4  13  1  26  23  20  17  14  11  8  5  2 
bbbest=252
 18  27  15  24  12  21  9  6  3  25  22  10  19  7  16  4  13  1  26  23  20  17  14  11  8  5  2 
bbbest=252
 18  27  15  24  12  21  9  6  3  25  22  10  19  7  16  4  13  1  26  23  20  17  14  11  8  5  2 
bbbest=252
 18  27  15  24  12  21  9  6  3  25  22  10  19  7  16  4  13  1  26  23  20  17  14  11  8  5  2 
bbbest=252
 18  27  15  24  12  21  9  6  3  25  22  10  19  7  16  4  13  1  26  23  20  17  14  11  8  5  2 
bbbest=252
 18  27  15  24  12  21  9  6  3  25  22  10  19  7  16  4  13  1  26  23  20  17  14  11  8  5  2 
bbbest=252
 18  27  15  24  12  21  9  6  3  25  22  10  19  7  16  4  13  1  26  23  20  17  14  11  8  5  2 
bbbest=252
 18  27  15  24  12  21  9  6  3  25  22  10  19  7  16  4  13  1  26  23  20  17  14  11  8  5  2 
bbbest=252
 18  27  15  24  12  21  9  6  3  25  22  10  19  7  16  4  13  1  26  23  20  17  14  11  8  5  2 
bbbest=252
 18  27  15  24  12  21  9  6  3  25  22  10  19  7  16  4  13  1  26  23  20  17  14  11  8  5  2 
bbbest=252
 18  27  15  24  12  21  9  6  3  25  22  10  19  7  16  4  13  1  26  23  20  17  14  11  8  5  2 
bbbest=252
 18  27  15  24  12  21  9  6  3  25  22  10  19  7  16  4  13  1  26  23  20  17  14  11  8  5  2 
bbbest=252
 18  27  15  24  12  21  9  6  3  25  22  10  19  7  16  4  13  1  26  23  20  17  14  11  8  5  2 
bbbest=252
 18  27  15  24  12  21  9  6  3  25  22  10  19  7  16  4  13  1  26  23  20  17  14  11  8  5  2 
bbbest=252
 18  27  15  24  12  21  9  6  3  25  22  10  19  7  16  4  13  1  26  23  20  17  14  11  8  5  2 
bbbest=252
 18  27  15  24  12  21  9  6  3  25  22  10  19  7  16  4  13  1  26  23  20  17  14  11  8  5  2 
bbbest=252
 18  27  15  24  12  21  9  6  3  25  22  10  19  7  16  4  13  1  26  23  20  17  14  11  8  5  2 
bbbest=252
 18  27  15  24  12  21  9  6  3  25  22  10  19  7  16  4  13  1  26  23  20  17  14  11  8  5  2 
bbbest=252
 18  27  15  24  12  21  9  6  3  25  22  10  19  7  16  4  13  1  26  23  20  17  14  11  8  5  2 
bbbest=252
 18  27  15  24  12  21  9  6  3  25  22  10  19  7  16  4  13  1  26  23  20  17  14  11  8  5  2 
bbbest=252
 18  27  15  24  12  21  9  6  3  25  22  10  19  7  16  4  13  1  26  23  20  17  14  11  8  5  2 
bbbest=252
 18  27  15  24  12  21  9  6  3  25  22  10  19  7  16  4  13  1  26  23  20  17  14  11  8  5  2 
bbbest=252
 18  27  15  24  12  21  9  6  3  25  22  10  19  7  16  4  13  1  26  23  20  17  14  11  8  5  2 
bbbest=252
 18  27  15  24  12  21  9  6  3  25  22  10  19  7  16  4  13  1  26  23  20  17  14  11  8  5  2 
bbbest=252
 18  27  15  24  12  21  9  6  3  25  22  10  19  7  16  4  13  1  26  23  20  17  14  11  8  5  2 
bbbest=252
 18  27  15  24  12  21  9  6  3  25  22  10  19  7  16  4  13  1  26  23  20  17  14  11  8  5  2 
bbbest=252
 18  27  15  24  12  21  9  6  3  25  22  10  19  7  16  4  13  1  26  23  20  17  14  11  8  5  2 
bbbest=252
 18  27  15  24  12  21  9  6  3  25  22  10  19  7  16  4  13  1  26  23  20  17  14  11  8  5  2 
bbbest=252
 18  27  15  24  12  21  9  6  3  25  22  10  19  7  16  4  13  1  26  23  20  17  14  11  8  5  2 
bbbest=252
 18  27  15  24  12  21  9  6  3  25  22  10  19  7  16  4  13  1  26  23  20  17  14  11  8  5  2 
bbbest=252
 18  27  15  24  12  21  9  6  3  25  22  10  19  7  16  4  13  1  26  23  20  17  14  11  8  5  2 
bbbest=252
 18  27  15  24  12  21  9  6  3  25  22  10  19  7  16  4  13  1  26  23  20  17  14  11  8  5  2 
bbbest=252
 18  27  15  24  12  21  9  6  3  25  22  10  19  7  16  4  13  1  26  23  20  17  14  11  8  5  2 
bbbest=252
 18  27  15  24  12  21  9  6  3  25  22  10  19  7  16  4  13  1  26  23  20  17  14  11  8  5  2 
bbbest=252
 18  27  15  24  12  21  9  6  3  25  22  10  19  7  16  4  13  1  26  23  20  17  14  11  8  5  2 
bbbest=252
 18  27  15  24  12  21  9  6  3  25  22  10  19  7  16  4  13  1  26  23  20  17  14  11  8  5  2 
bbbest=252
 18  27  15  24  12  21  9  6  3  25  22  10  19  7  16  4  13  1  26  23  20  17  14  11  8  5  2 
bbbest=252
 18  27  15  24  12  21  9  6  3  25  22  10  19  7  16  4  13  1  26  23  20  17  14  11  8  5  2 
bbbest=252
 18  27  15  24  12  21  9  6  3  25  22  10  19  7  16  4  13  1  26  23  20  17  14  11  8  5  2 
bbbest=252
 18  27  15  24  12  21  9  6  3  25  22  10  19  7  16  4  13  1  26  23  20  17  14  11  8  5  2 
bbbest=252
 18  27  15  24  12  21  9  6  3  25  22  10  19  7  16  4  13  1  26  23  20  17  14  11  8  5  2 
bbbest=252
 18  27  15  24  12  21  9  6  3  25  22  10  19  7  16  4  13  1  26  23  20  17  14  11  8  5  2 
bbbest=252
 18  27  15  24  12  21  9  6  3  25  22  10  19  7  16  4  13  1  26  23  20  17  14  11  8  5  2 
bbbest=252
 18  27  15  24  12  21  9  6  3  25  22  10  19  7  16  4  13  1  26  23  20  17  14  11  8  5  2 
bbbest=252
 18  27  15  24  12  21  9  6  3  25  22  10  19  7  16  4  13  1  26  23  20  17  14  11  8  5  2 
bbbest=252
 18  27  15  24  12  21  9  6  3  25  22  10  19  7  16  4  13  1  26  23  20  17  14  11  8  5  2 
bbbest=252
 18  27  15  24  12  21  9  6  3  25  22  10  19  7  16  4  13  1  26  23  20  17  14  11  8  5  2 
bbbest=252
 18  27  15  24  12  21  9  6  3  25  22  10  19  7  16  4  13  1  26  23  20  17  14  11  8  5  2 
bbbest=252
 18  27  15  24  12  21  9  6  3  25  22  10  19  7  16  4  13  1  26  23  20  17  14  11  8  5  2 
bbbest=252
 18  27  15  24  12  21  9  6  3  25  22  10  19  7  16  4  13  1  26  23  20  17  14  11  8  5  2 
bbbest=252
 18  27  15  24  12  21  9  6  3  25  22  10  19  7  16  4  13  1  26  23  20  17  14  11  8  5  2 
bbbest=252
 18  27  15  24  12  21  9  6  3  25  22  10  19  7  16  4  13  1  26  23  20  17  14  11  8  5  2 
bbbest=252
 18  27  15  24  12  21  9  6  3  25  22  10  19  7  16  4  13  1  26  23  20  17  14  11  8  5  2 
bbbest=252
 18  27  15  24  12  21  9  6  3  25  22  10  19  7  16  4  13  1  26  23  20  17  14  11  8  5  2 
bbbest=252
 18  27  15  24  12  21  9  6  3  25  22  10  19  7  16  4  13  1  26  23  20  17  14  11  8  5  2 
bbbest=252
 18  27  15  24  12  21  9  6  3  25  22  10  19  7  16  4  13  1  26  23  20  17  14  11  8  5  2 
bbbest=252
 18  27  15  24  12  21  9  6  3  25  22  10  19  7  16  4  13  1  26  23  20  17  14  11  8  5  2 
bbbest=252
 18  27  15  24  12  21  9  6  3  25  22  10  19  7  16  4  13  1  26  23  20  17  14  11  8  5  2 
bbbest=252
 18  27  15  24  12  21  9  6  3  25  22  10  19  7  16  4  13  1  26  23  20  17  14  11  8  5  2 
bbbest=252
 18  27  15  24  12  21  9  6  3  25  22  10  19  7  16  4  13  1  26  23  20  17  14  11  8  5  2 
bbbest=252
 18  27  15  24  12  21  9  6  3  25  22  10  19  7  16  4  13  1  26  23  20  17  14  11  8  5  2 
bbbest=252
 18  27  15  24  12  21  9  6  3  25  22  10  19  7  16  4  13  1  26  23  20  17  14  11  8  5  2 
bbbest=252
 18  27  15  24  12  21  9  6  3  25  22  10  19  7  16  4  13  1  26  23  20  17  14  11  8  5  2 
bbbest=252
 18  27  15  24  12  21  9  6  3  25  22  10  19  7  16  4  13  1  26  23  20  17  14  11  8  5  2 
bbbest=252
 18  27  15  24  12  21  9  6  3  25  22  10  19  7  16  4  13  1  26  23  20  17  14  11  8  5  2 
bbbest=252
 18  27  15  24  12  21  9  6  3  25  22  10  19  7  16  4  13  1  26  23  20  17  14  11  8  5  2 
bbbest=252
 18  27  15  24  12  21  9  6  3  25  22  10  19  7  16  4  13  1  26  23  20  17  14  11  8  5  2 
bbbest=252
 18  27  15  24  12  21  9  6  3  25  22  10  19  7  16  4  13  1  26  23  20  17  14  11  8  5  2 
bbbest=252
 18  27  15  24  12  21  9  6  3  25  22  10  19  7  16  4  13  1  26  23  20  17  14  11  8  5  2 
bbbest=252
 18  27  15  24  12  21  9  6  3  25  22  10  19  7  16  4  13  1  26  23  20  17  14  11  8  5  2 
bbbest=252
 18  27  15  24  12  21  9  6  3  25  22  10  19  7  16  4  13  1  26  23  20  17  14  11  8  5  2 
bbbest=252
 18  27  15  24  12  21  9  6  3  25  22  10  19  7  16  4  13  1  26  23  20  17  14  11  8  5  2 
bbbest=252
 18  27  15  24  12  21  9  6  3  25  22  10  19  7  16  4  13  1  26  23  20  17  14  11  8  5  2 
bbbest=252
 18  27  15  24  12  21  9  6  3  25  22  10  19  7  16  4  13  1  26  23  20  17  14  11  8  5  2 
bbbest=252
 18  27  15  24  12  21  9  6  3  25  22  10  19  7  16  4  13  1  26  23  20  17  14  11  8  5  2 
bbbest=252
 18  27  15  24  12  21  9  6  3  25  22  10  19  7  16  4  13  1  26  23  20  17  14  11  8  5  2 
bbbest=252
 18  27  15  24  12  21  9  6  3  25  22  10  19  7  16  4  13  1  26  23  20  17  14  11  8  5  2 
bbbest=252
 18  27  15  24  12  21  9  6  3  25  22  10  19  7  16  4  13  1  26  23  20  17  14  11  8  5  2 
bbbest=252
 18  27  15  24  12  21  9  6  3  25  22  10  19  7  16  4  13  1  26  23  20  17  14  11  8  5  2 
bbbest=252
 18  27  15  24  12  21  9  6  3  25  22  10  19  7  16  4  13  1  26  23  20  17  14  11  8  5  2 
bbbest=252
 18  27  15  24  12  21  9  6  3  25  22  10  19  7  16  4  13  1  26  23  20  17  14  11  8  5  2 
bbbest=252
 18  27  15  24  12  21  9  6  3  25  22  10  19  7  16  4  13  1  26  23  20  17  14  11  8  5  2 
bbbest=252
 18  27  15  24  12  21  9  6  3  25  22  10  19  7  16  4  13  1  26  23  20  17  14  11  8  5  2 
bbbest=252
 18  27  15  24  12  21  9  6  3  25  22  10  19  7  16  4  13  1  26  23  20  17  14  11  8  5  2 
bbbest=252
 18  27  15  24  12  21  9  6  3  25  22  10  19  7  16  4  13  1  26  23  20  17  14  11  8  5  2 
bbbest=252
 18  27  15  24  12  21  9  6  3  25  22  10  19  7  16  4  13  1  26  23  20  17  14  11  8  5  2 
bbbest=252
 18  27  15  24  12  21  9  6  3  25  22  10  19  7  16  4  13  1  26  23  20  17  14  11  8  5  2 
bbbest=252
 18  27  15  24  12  21  9  6  3  25  22  10  19  7  16  4  13  1  26  23  20  17  14  11  8  5  2 
bbbest=252
 18  27  15  24  12  21  9  6  3  25  22  10  19  7  16  4  13  1  26  23  20  17  14  11  8  5  2 
bbbest=252
 18  27  15  24  12  21  9  6  3  25  22  10  19  7  16  4  13  1  26  23  20  17  14  11  8  5  2 
bbbest=252
 18  27  15  24  12  21  9  6  3  25  22  10  19  7  16  4  13  1  26  23  20  17  14  11  8  5  2 
bbbest=252
 18  27  15  24  12  21  9  6  3  25  22  10  19  7  16  4  13  1  26  23  20  17  14  11  8  5  2 
bbbest=252
 18  27  15  24  12  21  9  6  3  25  22  10  19  7  16  4  13  1  26  23  20  17  14  11  8  5  2 
bbbest=252
 18  27  15  24  12  21  9  6  3  25  22  10  19  7  16  4  13  1  26  23  20  17  14  11  8  5  2 
bbbest=252
 18  27  15  24  12  21  9  6  3  25  22  10  19  7  16  4  13  1  26  23  20  17  14  11  8  5  2 
bbbest=252
 18  27  15  24  12  21  9  6  3  25  22  10  19  7  16  4  13  1  26  23  20  17  14  11  8  5  2 
bbbest=252
 18  27  15  24  12  21  9  6  3  25  22  10  19  7  16  4  13  1  26  23  20  17  14  11  8  5  2 
bbbest=252
 18  27  15  24  12  21  9  6  3  25  22  10  19  7  16  4  13  1  26  23  20  17  14  11  8  5  2 
bbbest=252
 18  27  15  24  12  21  9  6  3  25  22  10  19  7  16  4  13  1  26  23  20  17  14  11  8  5  2 
bbbest=252
 18  27  15  24  12  21  9  6  3  25  22  10  19  7  16  4  13  1  26  23  20  17  14  11  8  5  2 
bbbest=252
 18  27  15  24  12  21  9  6  3  25  22  10  19  7  16  4  13  1  26  23  20  17  14  11  8  5  2 
bbbest=252
 18  27  15  24  12  21  9  6  3  25  22  10  19  7  16  4  13  1  26  23  20  17  14  11  8  5  2 
bbbest=252
 18  27  15  24  12  21  9  6  3  25  22  10  19  7  16  4  13  1  26  23  20  17  14  11  8  5  2 
bbbest=252
 18  27  15  24  12  21  9  6  3  25  22  10  19  7  16  4  13  1  26  23  20  17  14  11  8  5  2 
bbbest=252
 18  27  15  24  12  21  9  6  3  25  22  10  19  7  16  4  13  1  26  23  20  17  14  11  8  5  2 
bbbest=252
 18  27  15  24  12  21  9  6  3  25  22  10  19  7  16  4  13  1  26  23  20  17  14  11  8  5  2 
bbbest=252
 18  27  15  24  12  21  9  6  3  25  22  10  19  7  16  4  13  1  26  23  20  17  14  11  8  5  2 
bbbest=252
 18  27  15  24  12  21  9  6  3  25  22  10  19  7  16  4  13  1  26  23  20  17  14  11  8  5  2 
bbbest=252
 18  27  15  24  12  21  9  6  3  25  22  10  19  7  16  4  13  1  26  23  20  17  14  11  8  5  2 
bbbest=252
 18  27  15  24  12  21  9  6  3  25  22  10  19  7  16  4  13  1  26  23  20  17  14  11  8  5  2 
bbbest=252
 18  27  15  24  12  21  9  6  3  25  22  10  19  7  16  4  13  1  26  23  20  17  14  11  8  5  2 
bbbest=252
 18  27  15  24  12  21  9  6  3  25  22  10  19  7  16  4  13  1  26  23  20  17  14  11  8  5  2 
bbbest=252
 18  27  15  24  12  21  9  6  3  25  22  10  19  7  16  4  13  1  26  23  20  17  14  11  8  5  2 
bbbest=252
 18  27  15  24  12  21  9  6  3  25  22  10  19  7  16  4  13  1  26  23  20  17  14  11  8  5  2 
bbbest=252
 18  27  15  24  12  21  9  6  3  25  22  10  19  7  16  4  13  1  26  23  20  17  14  11  8  5  2 
bbbest=252
 18  27  15  24  12  21  9  6  3  25  22  10  19  7  16  4  13  1  26  23  20  17  14  11  8  5  2 
bbbest=252
 18  27  15  24  12  21  9  6  3  25  22  10  19  7  16  4  13  1  26  23  20  17  14  11  8  5  2 
bbbest=252
 18  27  15  24  12  21  9  6  3  25  22  10  19  7  16  4  13  1  26  23  20  17  14  11  8  5  2 
bbbest=252
 18  27  15  24  12  21  9  6  3  25  22  10  19  7  16  4  13  1  26  23  20  17  14  11  8  5  2 
bbbest=252
 18  27  15  24  12  21  9  6  3  25  22  10  19  7  16  4  13  1  26  23  20  17  14  11  8  5  2 
bbbest=252
 18  27  15  24  12  21  9  6  3  25  22  10  19  7  16  4  13  1  26  23  20  17  14  11  8  5  2 
bbbest=252
 18  27  15  24  12  21  9  6  3  25  22  10  19  7  16  4  13  1  26  23  20  17  14  11  8  5  2 
bbbest=252
 18  27  15  24  12  21  9  6  3  25  22  10  19  7  16  4  13  1  26  23  20  17  14  11  8  5  2 
bbbest=252
 18  27  15  24  12  21  9  6  3  25  22  10  19  7  16  4  13  1  26  23  20  17  14  11  8  5  2 
bbbest=252
 18  27  15  24  12  21  9  6  3  25  22  10  19  7  16  4  13  1  26  23  20  17  14  11  8  5  2 
bbbest=252
 18  27  15  24  12  21  9  6  3  25  22  10  19  7  16  4  13  1  26  23  20  17  14  11  8  5  2 
bbbest=252
 18  27  15  24  12  21  9  6  3  25  22  10  19  7  16  4  13  1  26  23  20  17  14  11  8  5  2 
bbbest=252
 18  27  15  24  12  21  9  6  3  25  22  10  19  7  16  4  13  1  26  23  20  17  14  11  8  5  2 
bbbest=252
 18  27  15  24  12  21  9  6  3  25  22  10  19  7  16  4  13  1  26  23  20  17  14  11  8  5  2 
bbbest=252
 18  27  15  24  12  21  9  6  3  25  22  10  19  7  16  4  13  1  26  23  20  17  14  11  8  5  2 
bbbest=252
 18  27  15  24  12  21  9  6  3  25  22  10  19  7  16  4  13  1  26  23  20  17  14  11  8  5  2 
bbbest=252
 18  27  15  24  12  21  9  6  3  25  22  10  19  7  16  4  13  1  26  23  20  17  14  11  8  5  2 
bbbest=252
 18  27  15  24  12  21  9  6  3  25  22  10  19  7  16  4  13  1  26  23  20  17  14  11  8  5  2 
bbbest=252
 18  27  15  24  12  21  9  6  3  25  22  10  19  7  16  4  13  1  26  23  20  17  14  11  8  5  2 
bbbest=252
 18  27  15  24  12  21  9  6  3  25  22  10  19  7  16  4  13  1  26  23  20  17  14  11  8  5  2 
bbbest=252
 18  27  15  24  12  21  9  6  3  25  22  10  19  7  16  4  13  1  26  23  20  17  14  11  8  5  2 
bbbest=252
 18  27  15  24  12  21  9  6  3  25  22  10  19  7  16  4  13  1  26  23  20  17  14  11  8  5  2 
bbbest=252
 18  27  15  24  12  21  9  6  3  25  22  10  19  7  16  4  13  1  26  23  20  17  14  11  8  5  2 
bbbest=252
 18  27  15  24  12  21  9  6  3  25  22  10  19  7  16  4  13  1  26  23  20  17  14  11  8  5  2 
bbbest=252
 18  27  15  24  12  21  9  6  3  25  22  10  19  7  16  4  13  1  26  23  20  17  14  11  8  5  2 
bbbest=252
 18  27  15  24  12  21  9  6  3  25  22  10  19  7  16  4  13  1  26  23  20  17  14  11  8  5  2 
bbbest=252
 18  27  15  24  12  21  9  6  3  25  22  10  19  7  16  4  13  1  26  23  20  17  14  11  8  5  2 
bbbest=252
 18  27  15  24  12  21  9  6  3  25  22  10  19  7  16  4  13  1  26  23  20  17  14  11  8  5  2 
bbbest=252
 18  27  15  24  12  21  9  6  3  25  22  10  19  7  16  4  13  1  26  23  20  17  14  11  8  5  2 
bbbest=252
 18  27  15  24  12  21  9  6  3  25  22  10  19  7  16  4  13  1  26  23  20  17  14  11  8  5  2 
bbbest=252
 18  27  15  24  12  21  9  6  3  25  22  10  19  7  16  4  13  1  26  23  20  17  14  11  8  5  2 
bbbest=252
 18  27  15  24  12  21  9  6  3  25  22  10  19  7  16  4  13  1  26  23  20  17  14  11  8  5  2 
bbbest=252
 18  27  15  24  12  21  9  6  3  25  22  10  19  7  16  4  13  1  26  23  20  17  14  11  8  5  2 
bbbest=252
 18  27  15  24  12  21  9  6  3  25  22  10  19  7  16  4  13  1  26  23  20  17  14  11  8  5  2 
bbbest=252
 18  27  15  24  12  21  9  6  3  25  22  10  19  7  16  4  13  1  26  23  20  17  14  11  8  5  2 
bbbest=252
 18  27  15  24  12  21  9  6  3  25  22  10  19  7  16  4  13  1  26  23  20  17  14  11  8  5  2 
bbbest=252
 18  27  15  24  12  21  9  6  3  25  22  10  19  7  16  4  13  1  26  23  20  17  14  11  8  5  2 
bbbest=252
 18  27  15  24  12  21  9  6  3  25  22  10  19  7  16  4  13  1  26  23  20  17  14  11  8  5  2 
bbbest=252
 18  27  15  24  12  21  9  6  3  25  22  10  19  7  16  4  13  1  26  23  20  17  14  11  8  5  2 
bbbest=252
 18  27  15  24  12  21  9  6  3  25  22  10  19  7  16  4  13  1  26  23  20  17  14  11  8  5  2 
bbbest=252
 18  27  15  24  12  21  9  6  3  25  22  10  19  7  16  4  13  1  26  23  20  17  14  11  8  5  2 
bbbest=252
 18  27  15  24  12  21  9  6  3  25  22  10  19  7  16  4  13  1  26  23  20  17  14  11  8  5  2 
bbbest=252
 18  27  15  24  12  21  9  6  3  25  22  10  19  7  16  4  13  1  26  23  20  17  14  11  8  5  2 
bbbest=252
 18  27  15  24  12  21  9  6  3  25  22  10  19  7  16  4  13  1  26  23  20  17  14  11  8  5  2 
bbbest=252
 18  27  15  24  12  21  9  6  3  25  22  10  19  7  16  4  13  1  26  23  20  17  14  11  8  5  2 
bbbest=252
 18  27  15  24  12  21  9  6  3  25  22  10  19  7  16  4  13  1  26  23  20  17  14  11  8  5  2 
bbbest=252
 18  27  15  24  12  21  9  6  3  25  22  10  19  7  16  4  13  1  26  23  20  17  14  11  8  5  2 
bbbest=252
 18  27  15  24  12  21  9  6  3  25  22  10  19  7  16  4  13  1  26  23  20  17  14  11  8  5  2 
bbbest=252
 18  27  15  24  12  21  9  6  3  25  22  10  19  7  16  4  13  1  26  23  20  17  14  11  8  5  2 
bbbest=252
 18  27  15  24  12  21  9  6  3  25  22  10  19  7  16  4  13  1  26  23  20  17  14  11  8  5  2 
bbbest=252
 18  27  15  24  12  21  9  6  3  25  22  10  19  7  16  4  13  1  26  23  20  17  14  11  8  5  2 
bbbest=252
 18  27  15  24  12  21  9  6  3  25  22  10  19  7  16  4  13  1  26  23  20  17  14  11  8  5  2 
bbbest=252
 18  27  15  24  12  21  9  6  3  25  22  10  19  7  16  4  13  1  26  23  20  17  14  11  8  5  2 
bbbest=252
 18  27  15  24  12  21  9  6  3  25  22  10  19  7  16  4  13  1  26  23  20  17  14  11  8  5  2 
bbbest=252
 18  27  15  24  12  21  9  6  3  25  22  10  19  7  16  4  13  1  26  23  20  17  14  11  8  5  2 
mmax=252
 18  27  15  24  12  21  9  6  3  25  22  10  19  7  16  4  13  1  26  23  20  17  14  11  8  5  2 
