143
 1  22  5  6  7  8  11  13  19  9  17  21  23  2  18  20  15  4  10  12  14  3  16 
139
 7  22  11  13  17  20  9  21  6  12  16  18  1  2  3  19  5  14  15  23  4  8  10 
147
 22  2  18  11  4  5  13  17  21  14  3  12  7  20  6  15  1  10  19  23  8  16  9 
141
 3  6  4  8  21  16  20  22  1  5  7  23  12  13  2  15  19  14  9  17  10  18  11 
149
 4  2  16  5  6  19  8  14  20  9  10  18  11  13  22  15  17  3  21  7  23  12  1 
140
 14  18  17  19  23  13  2  3  15  21  16  20  22  5  7  10  11  4  6  8  12  1  9 
148
 7  14  16  20  9  2  15  17  6  18  1  19  21  4  22  8  10  3  12  5  11  23  13 
145
 3  14  7  16  15  17  18  21  1  19  9  12  2  10  22  5  11  4  20  23  13  6  8 
141
 1  2  5  8  11  15  16  19  12  20  13  6  9  10  14  18  22  17  3  21  7  23  4 
144
 13  2  3  9  15  5  21  16  11  1  17  19  14  4  8  20  22  23  6  7  10  12  18 
147
 16  9  2  15  8  17  19  12  20  21  10  23  1  5  18  13  14  22  3  4  7  11  6 
146
 20  7  10  23  18  3  9  11  4  12  1  13  14  22  15  5  8  16  17  21  2  6  19 
150
 15  6  16  18  8  20  22  1  17  19  9  21  7  2  10  23  3  11  4  12  5  13  14 
139
 15  14  10  18  11  4  17  6  19  8  12  16  1  2  20  9  21  22  23  13  3  5  7 
145
 6  10  17  12  18  13  19  20  9  22  7  2  15  8  3  21  11  1  4  16  5  14  23 
151
 5  6  7  15  8  12  21  10  14  16  18  1  19  9  2  11  4  20  13  22  17  23  3 
144
 23  7  11  13  19  8  14  16  6  9  17  10  18  3  12  21  1  4  20  22  2  15  5 
144
 14  11  20  10  18  3  16  6  22  15  8  1  19  4  12  5  23  9  17  21  7  13  2 
145
 17  6  15  10  18  19  12  20  21  11  14  3  4  7  16  22  1  2  5  23  13  8  9 
138
 8  23  12  13  16  2  5  14  20  6  15  4  10  19  21  22  11  1  17  18  3  7  9 
144
 6  16  22  14  17  2  18  11  4  20  1  19  8  3  9  12  5  7  15  21  10  23  13 
146
 21  1  22  5  17  7  15  19  14  23  6  9  2  10  18  11  4  13  8  12  16  20  3 
147
 21  2  8  10  5  14  18  4  20  9  22  23  3  11  12  13  17  7  15  16  6  1  19 
145
 1  5  6  12  14  18  3  4  7  8  16  19  20  23  9  10  13  22  2  15  17  21  11 
139
 21  11  6  22  3  12  20  15  18  1  14  17  2  4  5  7  13  8  16  19  9  10  23 
146
 3  16  11  13  21  6  9  22  2  8  1  17  10  19  12  5  14  15  23  18  4  7  20 
143
 9  7  15  16  18  11  4  17  12  20  1  10  13  6  14  22  8  3  19  21  23  2  5 
147
 1  3  5  14  7  9  15  10  19  23  12  21  4  13  17  18  22  2  8  16  11  20  6 
138
 19  12  14  4  20  13  6  18  22  8  16  2  11  15  5  7  23  3  9  17  21  1  10 
144
 2  21  10  9  22  7  11  13  15  19  14  23  12  16  18  1  3  4  5  8  17  20  6 
142
 2  3  12  18  4  21  16  11  6  22  1  17  19  14  7  9  13  15  5  8  20  10  23 
145
 6  22  8  20  9  17  19  21  10  11  14  23  1  13  2  3  4  12  5  7  15  16  18 
143
 15  18  12  13  14  4  22  7  16  20  23  3  19  5  9  21  2  6  8  11  1  17  10 
147
 22  6  12  7  16  19  23  2  18  8  1  14  9  4  20  10  3  5  13  15  17  21  11 
143
 10  23  9  18  20  21  6  22  12  15  4  7  13  16  11  1  17  3  19  2  5  8  14 
145
 21  3  4  10  16  19  5  6  8  12  14  7  2  18  20  13  22  11  15  1  17  23  9 
140
 9  23  3  12  2  11  4  17  20  10  13  14  18  19  8  21  16  6  22  1  7  15  5 
144
 11  19  4  22  12  1  13  6  14  23  2  18  8  3  16  20  5  9  17  21  7  15  10 
143
 13  3  11  14  15  4  20  22  17  12  2  6  19  5  7  23  8  21  16  18  1  9  10 
145
 12  18  8  20  23  6  9  13  21  14  22  11  1  3  15  16  19  4  5  17  7  2  10 
141
 8  20  5  13  15  18  19  22  11  1  14  17  7  10  23  3  4  12  16  9  21  2  6 
139
 18  11  19  23  4  13  17  3  7  15  21  2  5  6  9  10  12  14  22  8  16  20  1 
141
 4  22  5  9  11  20  13  14  17  23  8  10  18  1  3  21  16  6  12  7  15  19  2 
144
 20  1  13  3  9  2  15  18  4  22  12  5  6  8  14  17  7  16  19  21  10  11  23 
145
 19  16  22  5  8  11  17  12  21  23  13  2  14  7  15  18  1  3  9  4  20  6  10 
148
 8  4  6  12  16  1  14  7  20  9  13  17  21  22  2  10  18  11  15  19  5  23  3 
138
 5  1  14  17  7  4  20  10  16  6  22  8  3  12  13  19  21  2  15  23  9  18  11 
142
 2  10  5  17  21  11  23  13  6  22  1  4  12  14  7  16  20  9  18  3  15  19  8 
144
 9  10  16  5  17  3  21  11  1  14  7  23  2  4  6  18  19  8  12  20  13  22  15 
137
 10  19  8  21  22  1  13  3  6  7  9  2  18  11  4  5  14  16  17  12  20  15  23 
146
 5  14  10  13  3  12  15  16  18  21  11  1  19  22  17  7  23  9  2  4  6  8  20 
140
 17  21  1  14  7  11  20  22  23  12  16  5  6  18  13  2  8  3  15  19  9  4  10 
141
 19  22  8  20  1  3  5  7  23  13  17  12  15  18  21  4  16  2  11  6  10  14  9 
141
 11  8  17  6  14  18  7  20  15  16  19  4  13  3  21  10  23  9  22  12  1  2  5 
142
 6  15  13  8  16  5  11  19  23  9  12  21  4  17  20  1  7  2  10  14  18  22  3 
143
 21  16  9  10  11  12  2  20  3  15  18  22  1  19  5  14  4  6  7  13  8  17  23 
147
 4  17  7  16  20  3  15  5  23  18  8  11  1  9  21  10  13  6  19  22  12  2  14 
133
 20  1  7  8  16  11  4  17  23  2  3  6  22  15  18  13  19  12  21  10  5  14  9 
140
 10  8  11  14  20  22  3  9  4  12  18  7  19  5  21  23  6  15  16  1  13  17  2 
137
 21  8  14  15  23  16  11  19  12  13  3  6  22  1  5  7  9  17  2  4  20  10  18 
143
 1  9  10  18  7  13  19  2  5  8  3  11  15  17  23  16  6  12  14  20  21  4  22 
143
 13  8  14  18  22  3  5  7  9  11  17  10  23  6  12  15  21  1  2  4  16  19  20 
139
 22  5  11  14  1  4  7  10  19  21  23  13  2  6  18  8  3  16  17  12  20  9  15 
136
 2  8  20  6  7  19  23  18  22  1  13  15  4  5  14  9  17  3  21  10  16  11  12 
147
 18  14  4  7  15  10  5  11  23  13  8  1  3  16  9  17  6  19  20  21  22  12  2 
143
 4  8  14  16  19  20  5  23  13  2  3  6  7  9  15  17  18  21  1  10  22  11  12 
146
 3  22  11  15  18  4  7  16  19  2  20  5  8  1  9  17  6  10  23  12  13  21  14 
146
 9  8  21  10  16  11  23  1  2  14  17  3  6  12  5  18  7  13  19  20  22  15  4 
141
 17  19  23  12  2  15  18  21  14  22  7  20  13  3  11  4  6  8  9  10  16  1  5 
142
 16  19  20  1  5  9  4  7  15  10  23  18  13  21  6  8  12  2  14  22  3  11  17 
150
 14  16  6  22  5  18  7  15  8  1  17  10  23  13  3  19  9  12  21  2  11  4  20 
149
 20  15  1  4  7  10  16  6  19  14  22  5  23  13  2  8  3  9  11  17  12  18  21 
147
 13  21  6  22  2  8  10  12  14  7  9  15  16  5  18  11  23  4  17  20  1  3  19 
149
 11  21  2  6  14  22  15  1  4  16  17  18  7  19  8  20  23  9  10  13  3  12  5 
142
 20  10  5  13  19  14  9  21  4  16  22  12  1  7  2  18  8  3  11  6  15  17  23 
138
 10  20  13  22  2  3  7  11  23  12  16  9  21  14  18  4  6  15  8  1  17  19  5 
145
 5  13  17  9  2  14  18  4  22  11  12  20  15  8  21  23  1  10  3  6  7  16  19 
145
 7  20  10  5  18  8  3  16  1  19  9  11  23  4  12  13  21  6  22  15  17  2  14 
142
 8  14  20  9  11  1  7  13  19  5  17  21  23  16  2  3  4  6  12  15  10  18  22 
138
 13  1  17  23  12  5  18  21  7  16  11  20  6  22  8  14  9  2  15  4  10  3  19 
143
 9  1  23  13  8  16  17  2  10  12  7  19  14  18  20  3  15  5  21  11  4  6  22 
143
 23  22  3  6  12  14  18  7  16  17  2  10  11  20  13  15  1  19  5  8  9  21  4 
140
 14  15  10  11  23  13  19  9  21  2  4  17  18  7  8  12  16  20  1  3  5  6  22 
142
 22  17  3  19  20  23  6  9  4  10  5  14  18  8  12  1  7  13  2  15  21  16  11 
145
 21  14  18  1  7  23  13  8  16  2  6  15  17  10  3  11  19  4  22  12  20  5  9 
145
 20  22  23  16  6  7  8  9  11  17  3  19  12  13  21  2  14  15  18  1  4  10  5 
143
 12  3  15  10  23  18  1  19  9  21  2  11  4  16  17  20  13  6  14  22  5  7  8 
143
 20  5  18  1  9  23  4  12  13  2  3  6  15  10  19  22  8  21  11  14  17  7  16 
149
 17  6  23  18  1  7  2  14  3  4  8  10  16  9  11  19  22  12  20  5  13  15  21 
143
 18  12  11  15  1  7  9  13  16  17  20  6  10  19  14  22  23  2  4  8  3  5  21 
144
 20  19  14  9  18  21  16  22  3  11  12  5  23  13  6  7  2  15  8  1  4  17  10 
144
 2  20  10  5  11  19  12  14  18  22  8  1  3  21  7  13  15  23  4  16  17  6  9 
144
 22  7  15  17  21  10  23  2  18  8  20  13  16  9  11  1  19  14  3  4  6  12  5 
143
 10  22  11  14  23  12  15  4  16  20  3  5  8  9  13  17  6  19  21  7  2  18  1 
144
 2  10  5  11  13  3  15  16  19  9  21  14  23  4  7  8  17  12  18  20  6  22  1 
144
 18  11  23  8  21  16  20  6  22  1  7  10  13  17  19  12  5  14  9  2  3  15  4 
143
 18  3  21  4  16  1  17  23  12  7  20  5  13  6  22  15  8  9  2  10  11  19  14 
146
 9  1  5  18  13  8  17  21  11  14  23  4  16  20  6  10  22  3  7  15  19  12  2 
144
 1  20  22  3  6  14  9  15  4  5  17  7  11  13  19  8  12  21  16  2  10  23  18 
146
 19  16  22  2  5  6  14  3  7  23  9  18  11  4  17  20  10  13  15  8  12  21  1 
all max=151
 5  6  7  15  8  12  21  10  14  16  18  1  19  9  2  11  4  20  13  22  17  23  3 
