152
 23  18  21  1  4  7  20  13  6  8  10  14  16  22  3  19  9  11  17  12  2  15  5 
155
 16  6  9  15  18  11  19  4  22  8  17  12  20  21  1  7  10  23  13  2  5  14  3 
152
 18  13  2  8  20  21  6  22  11  1  14  17  7  15  10  23  3  16  19  5  9  4  12 
155
 23  9  4  17  12  20  5  13  21  2  6  15  8  10  14  16  18  22  1  3  7  11  19 
154
 14  4  7  20  13  3  15  16  6  10  19  22  5  8  9  17  21  11  23  12  2  18  1 
155
 21  22  11  23  1  4  13  17  3  12  7  16  2  20  6  15  10  18  19  5  8  14  9 
155
 9  11  15  4  17  6  10  19  22  5  23  12  18  21  1  7  13  2  8  14  16  20  3 
156
 21  1  14  4  16  22  17  2  20  3  5  6  7  9  15  10  18  11  13  19  23  8  12 
153
 21  2  4  10  22  12  5  7  11  23  13  6  14  15  18  8  20  3  16  1  9  17  19 
155
 22  15  8  3  21  16  11  1  17  2  6  10  19  12  5  14  23  18  4  7  20  9  13 
152
 1  13  19  14  4  22  5  17  3  21  7  23  16  9  2  11  6  8  20  10  12  15  18 
154
 19  12  5  14  7  23  9  15  18  4  13  16  22  8  17  21  2  3  11  20  6  1  10 
157
 7  13  2  8  10  14  3  15  16  5  9  17  18  11  19  20  21  23  4  6  22  12  1 
155
 7  8  1  2  10  11  14  23  4  13  16  17  20  3  6  19  9  22  12  15  5  18  21 
153
 20  6  7  13  15  8  21  10  14  23  18  3  16  1  19  9  22  2  11  4  12  5  17 
154
 7  10  22  11  23  6  9  12  15  16  18  1  13  19  2  4  5  8  14  17  20  3  21 
151
 8  1  3  11  19  20  5  17  21  7  23  6  9  12  2  4  10  13  14  15  16  18  22 
155
 12  21  22  11  1  2  14  4  7  15  17  20  10  5  23  18  13  3  16  6  19  8  9 
152
 10  16  22  12  5  7  9  11  13  2  14  15  17  23  18  19  4  8  20  21  1  3  6 
152
 5  11  23  13  8  14  3  9  4  17  12  21  7  16  20  6  22  15  18  1  19  2  10 
155
 6  15  18  21  1  7  10  11  19  14  23  9  4  12  13  16  22  2  5  8  17  20  3 
153
 21  4  6  7  8  20  9  10  13  16  22  11  15  1  19  5  14  17  23  3  12  2  18 
152
 8  17  20  6  1  10  14  7  23  9  18  13  3  21  16  22  2  11  15  19  4  12  5 
153
 22  8  10  3  11  12  20  5  13  6  14  15  17  18  21  1  7  19  23  16  9  2  4 
154
 13  21  16  22  11  6  8  1  10  14  17  3  7  19  23  9  12  2  15  18  4  20  5 
153
 1  17  3  6  19  12  5  14  9  2  15  18  21  4  7  13  8  10  16  22  11  20  23 
153
 15  10  5  13  21  16  6  19  22  2  8  11  1  14  17  23  3  9  12  18  4  7  20 
154
 3  12  13  21  2  11  6  14  15  23  16  18  19  4  20  22  1  5  7  8  9  17  10 
158
 11  15  17  19  21  23  4  6  8  10  12  14  16  18  20  22  1  3  5  7  9  13  2 
161
 10  11  12  13  14  15  16  17  18  19  20  21  22  23  1  2  3  4  5  6  7  8  9 
154
 22  23  12  2  15  18  1  3  4  5  7  13  8  21  16  6  9  10  11  19  14  17  20 
153
 4  8  17  7  10  13  3  16  19  12  2  20  5  14  9  15  18  21  22  11  23  6  1 
155
 11  17  19  12  20  5  21  7  23  1  13  2  6  8  14  9  15  10  18  3  4  16  22 
156
 2  3  12  15  16  5  18  8  21  11  1  14  4  17  6  7  19  20  9  10  23  13  22 
154
 3  19  12  2  14  18  4  7  8  16  20  9  10  22  5  11  13  15  17  21  23  6  1 
153
 5  23  18  13  8  1  17  2  3  11  6  19  14  9  4  12  20  15  21  7  10  16  22 
154
 21  6  10  19  14  22  23  8  3  9  12  7  16  2  18  11  20  1  13  15  4  5  17 
153
 1  2  10  16  5  14  17  3  9  18  21  4  7  11  20  13  6  22  15  19  23  8  12 
151
 4  6  22  1  10  5  8  14  3  9  17  18  7  11  12  13  15  21  16  19  2  20  23 
154
 3  7  15  16  11  20  1  19  9  4  5  13  8  17  21  6  10  22  23  12  2  14  18 
155
 15  1  17  2  4  10  5  23  6  12  18  7  13  19  8  14  3  16  20  9  21  22  11 
153
 19  4  22  12  7  2  15  10  5  8  14  16  9  11  17  18  20  21  23  6  1  13  3 
155
 4  16  1  17  7  10  19  20  9  22  23  12  2  5  18  13  8  3  21  11  6  14  15 
153
 7  15  19  21  2  8  10  11  14  4  20  5  23  16  6  1  9  18  13  22  17  3  12 
154
 17  3  19  4  12  2  20  15  5  8  21  6  10  14  16  18  22  7  11  23  1  9  13 
152
 22  17  7  23  2  20  10  3  5  11  13  6  15  18  8  1  19  14  9  4  12  21  16 
153
 21  23  2  6  14  22  3  15  16  1  5  18  7  19  8  9  11  4  17  12  20  10  13 
153
 17  21  6  12  7  2  8  14  15  10  23  18  3  16  11  19  20  1  9  4  13  22  5 
151
 23  4  13  22  3  7  16  19  2  20  15  5  8  9  17  18  21  11  6  10  12  1  14 
151
 13  22  8  17  10  3  6  12  7  11  14  15  19  21  23  16  2  18  20  1  5  9  4 
153
 10  18  22  7  19  2  8  11  20  23  13  3  6  12  15  21  16  1  5  14  9  4  17 
156
 4  5  6  9  18  13  22  8  17  3  12  21  7  16  2  11  20  15  1  10  19  14  23 
151
 23  9  12  13  15  4  16  5  17  2  6  10  18  8  3  19  21  11  14  20  22  1  7 
153
 12  18  20  13  21  22  1  2  14  3  7  15  16  5  11  4  17  6  8  10  19  23  9 
154
 1  13  14  22  17  3  7  16  19  2  20  5  23  6  8  9  15  21  10  18  11  4  12 
153
 3  15  19  23  4  12  5  6  7  9  18  13  8  21  16  22  11  1  17  2  14  20  10 
155
 23  9  21  2  3  4  6  10  22  12  15  5  18  7  13  8  16  11  1  17  19  14  20 
152
 8  12  14  17  18  3  21  4  7  16  20  6  9  10  13  19  22  2  11  15  23  1  5 
154
 14  20  23  1  13  3  9  15  4  16  5  17  21  6  10  19  22  12  7  2  18  8  11 
154
 12  16  1  13  17  3  7  19  2  20  5  6  9  15  18  8  21  10  11  14  23  4  22 
153
 23  6  9  18  4  13  22  8  17  19  12  20  21  1  7  2  10  14  3  16  11  15  5 
153
 15  18  3  4  5  17  7  11  20  23  6  8  1  9  10  12  13  19  21  14  16  22  2 
154
 19  21  4  20  6  1  10  22  5  7  11  23  13  8  14  3  9  12  15  16  17  2  18 
156
 20  21  22  23  1  13  2  3  4  5  6  7  15  8  9  10  16  11  17  19  12  14  18 
154
 17  6  15  18  19  4  8  12  14  7  20  9  21  10  23  13  16  22  1  2  3  5  11 
154
 17  18  7  19  2  20  22  15  5  23  8  3  9  21  11  4  6  10  12  16  1  13  14 
155
 11  19  14  23  18  8  3  9  4  12  20  13  15  21  16  22  1  17  2  5  6  7  10 
151
 15  4  13  17  7  16  19  2  20  5  23  6  18  8  3  9  12  21  1  10  14  22  11 
152
 19  8  14  23  4  16  6  1  9  17  10  12  18  22  7  2  20  3  5  11  13  15  21 
155
 9  18  11  20  13  6  22  15  23  8  1  17  10  3  19  12  21  2  14  4  5  7  16 
153
 4  16  20  3  6  9  10  22  15  5  18  8  11  17  12  1  7  13  19  21  2  14  23 
152
 20  1  10  13  19  2  14  22  3  5  6  7  9  15  23  18  4  8  12  21  16  11  17 
153
 4  16  6  1  10  19  5  14  7  20  23  9  12  18  13  22  2  15  8  17  3  21  11 
154
 5  18  19  22  8  21  1  2  14  3  9  11  4  17  12  7  20  15  10  23  13  16  6 
154
 3  15  19  21  2  4  7  8  10  12  16  5  11  14  17  20  23  6  18  1  9  13  22 
154
 12  21  16  1  9  13  22  2  11  14  15  4  5  17  6  18  7  19  8  20  10  23  3 
154
 1  13  17  19  21  22  23  2  3  4  6  8  10  11  12  5  14  7  16  20  9  15  18 
154
 13  3  19  14  15  23  4  16  5  6  8  9  17  18  21  22  12  1  7  2  10  11  20 
160
 15  4  10  16  22  5  11  17  23  6  12  18  1  7  13  19  2  8  14  20  3  9  21 
154
 3  15  5  9  17  10  12  18  21  7  11  19  23  2  4  13  6  8  14  16  20  22  1 
154
 16  6  9  22  11  17  12  7  2  15  10  18  19  20  5  21  23  8  1  13  14  3  4 
154
 22  11  1  7  13  14  3  15  19  23  9  4  8  17  12  21  16  2  20  5  6  10  18 
151
 12  1  13  17  21  2  6  14  7  10  23  3  15  16  18  19  8  11  4  20  5  9  22 
155
 3  9  15  5  21  4  17  7  10  23  16  2  18  11  13  6  19  22  8  12  14  20  1 
154
 15  19  8  21  11  14  17  23  12  16  1  9  2  18  4  20  10  13  22  3  5  6  7 
154
 19  4  12  14  16  20  5  9  18  13  21  22  1  17  7  23  2  3  6  15  8  10  11 
154
 15  21  10  23  16  1  2  14  9  18  4  22  3  5  7  11  13  17  6  19  8  12  20 
154
 4  20  22  15  5  17  21  10  23  3  6  12  18  1  7  13  19  8  14  16  9  2  11 
155
 13  2  14  22  11  15  23  3  4  16  5  17  6  18  7  19  8  20  9  12  21  1  10 
154
 23  12  1  5  13  21  2  6  8  14  18  3  7  9  11  15  4  16  17  19  20  10  22 
152
 20  22  5  11  1  13  14  15  17  18  3  7  19  23  4  6  8  9  12  21  2  10  16 
154
 2  11  20  10  23  13  3  6  12  14  7  15  16  18  1  19  4  22  5  8  9  17  21 
152
 3  4  6  7  9  10  12  15  5  18  13  19  21  16  22  17  2  8  11  20  1  14  23 
155
 23  8  16  9  11  4  17  12  20  13  21  2  6  15  1  10  14  18  19  22  3  5  7 
152
 8  1  14  9  11  4  17  6  7  20  10  22  23  12  13  3  15  19  21  16  2  5  18 
154
 19  12  5  14  18  7  11  20  9  15  21  23  1  4  13  16  6  22  2  8  17  10  3 
154
 10  13  16  19  2  8  11  14  17  20  22  23  3  9  12  15  5  21  6  18  1  4  7 
155
 2  14  15  4  8  10  16  18  20  22  1  5  13  17  3  21  7  11  6  19  23  9  12 
153
 4  5  13  14  17  3  6  7  15  18  19  8  12  20  21  10  16  22  23  1  9  2  11 
153
 1  3  9  10  5  11  4  6  12  13  14  15  16  17  18  21  7  19  22  2  20  23  8 
all max=161
 10  11  12  13  14  15  16  17  18  19  20  21  22  23  1  2  3  4  5  6  7  8  9 
