 9  11  6  12  18  1  13  19  21  2  14  4  22  7  15  8  10  16  17  20  23  3  5 
 8  2  12  6  4  5  16  15  23  19  7  11  14  22  20  13  3  18  9  10  21  17  1 
 11  17  5  18  21  13  10  12  9  15  4  16  2  14  20  3  1  7  6  8  23  19  22 
 14  1  5  23  6  15  20  4  17  11  8  9  2  19  18  12  16  3  21  7  10  13  22 
 17  9  5  13  23  20  14  4  21  18  3  10  15  11  2  19  22  12  8  1  16  6  7 
 21  23  18  11  2  12  14  19  20  16  17  13  7  3  8  10  6  9  22  15  5  4  1 
 1  7  21  19  20  8  17  13  2  14  12  5  9  23  16  3  4  15  6  18  10  11  22 
 4  15  20  16  13  1  21  22  12  9  14  18  23  11  10  17  3  5  6  7  8  19  2 
 7  6  15  9  4  11  18  19  5  10  22  8  2  20  12  16  23  17  21  14  1  3  13 
 11  14  8  23  19  12  18  17  7  16  6  9  22  2  21  15  5  10  4  1  13  20  3 
 14  21  8  4  2  1  3  6  16  10  17  22  23  13  19  5  15  9  12  7  20  11  18 
 17  13  1  16  19  18  22  3  21  4  6  5  11  2  20  10  7  14  9  15  23  8  12 
 20  1  5  7  11  2  9  23  3  13  14  16  19  22  15  12  18  6  8  4  10  17  21 
 1  4  18  10  17  5  3  23  22  6  12  14  2  20  21  15  8  11  19  13  7  9  16 
 4  19  18  23  12  22  17  20  2  11  14  21  15  10  13  16  6  8  1  5  9  3  7 
 7  3  18  12  23  16  2  13  4  19  9  6  8  22  10  5  1  14  17  15  21  11  20 
 11  1  10  9  7  5  20  17  6  18  12  4  23  13  2  21  14  22  16  15  19  3  8 
 14  2  11  7  5  3  17  1  9  6  8  15  19  4  16  10  13  23  22  12  18  21  20 
 17  9  5  19  15  4  1  7  22  21  13  16  11  23  6  3  12  10  8  18  20  14  2 
 20  17  5  8  3  21  11  15  13  7  1  2  12  14  10  9  4  19  18  22  23  16  6 
bbbest=154
 9  11  6  12  18  1  13  19  21  2  14  4  22  7  15  8  10  16  17  20  23  3  5 
bbbest=156
 9  11  6  12  18  1  13  19  21  2  14  4  22  7  15  8  17  20  10  23  3  16  5 
bbbest=156
 9  11  6  12  18  1  13  19  21  2  14  4  22  7  15  8  17  20  10  23  3  16  5 
bbbest=156
 9  11  6  12  18  1  13  19  21  2  14  4  22  7  15  8  17  20  10  23  3  16  5 
bbbest=156
 9  11  6  12  18  1  13  19  21  2  14  4  22  7  15  8  17  20  10  23  3  16  5 
bbbest=156
 9  11  6  12  18  1  13  19  21  2  14  4  22  7  15  8  17  20  10  23  3  16  5 
bbbest=156
 9  11  6  12  18  1  13  19  21  2  14  4  22  7  15  8  17  20  10  23  3  16  5 
bbbest=156
 9  11  6  12  18  1  13  19  21  2  14  4  22  7  15  8  17  20  10  23  3  16  5 
bbbest=156
 9  11  6  12  18  1  13  19  21  2  14  4  22  7  15  8  17  20  10  23  3  16  5 
bbbest=156
 9  11  6  12  18  1  13  19  21  2  14  4  22  7  15  8  17  20  10  23  3  16  5 
bbbest=156
 9  11  6  12  18  1  13  19  21  2  14  4  22  7  15  8  17  20  10  23  3  16  5 
bbbest=156
 9  11  6  12  18  1  13  19  21  2  14  4  22  7  15  8  17  20  10  23  3  16  5 
bbbest=156
 9  11  6  12  18  1  13  19  21  2  14  4  22  7  15  8  17  20  10  23  3  16  5 
bbbest=156
 9  11  6  12  18  1  13  19  21  2  14  4  22  7  15  8  17  20  10  23  3  16  5 
bbbest=156
 9  11  6  12  18  1  13  19  21  2  14  4  22  7  15  8  17  20  10  23  3  16  5 
bbbest=156
 9  11  6  12  18  1  13  19  21  2  14  4  22  7  15  8  17  20  10  23  3  16  5 
bbbest=156
 9  11  6  12  18  1  13  19  21  2  14  4  22  7  15  8  17  20  10  23  3  16  5 
bbbest=156
 9  11  6  12  18  1  13  19  21  2  14  4  22  7  15  8  17  20  10  23  3  16  5 
bbbest=156
 9  11  6  12  18  1  13  19  21  2  14  4  22  7  15  8  17  20  10  23  3  16  5 
bbbest=156
 9  11  6  12  18  1  13  19  21  2  14  4  22  7  15  8  17  20  10  23  3  16  5 
bbbest=156
 9  11  6  12  18  1  13  19  21  2  14  4  22  7  15  8  17  20  10  23  3  16  5 
bbbest=156
 9  11  6  12  18  1  13  19  21  2  14  4  22  7  15  8  17  20  10  23  3  16  5 
bbbest=156
 9  11  6  12  18  1  13  19  21  2  14  4  22  7  15  8  17  20  10  23  3  16  5 
bbbest=156
 9  11  6  12  18  1  13  19  21  2  14  4  22  7  15  8  17  20  10  23  3  16  5 
bbbest=156
 9  11  6  12  18  1  13  19  21  2  14  4  22  7  15  8  17  20  10  23  3  16  5 
bbbest=156
 9  11  6  12  18  1  13  19  21  2  14  4  22  7  15  8  17  20  10  23  3  16  5 
bbbest=156
 9  11  6  12  18  1  13  19  21  2  14  4  22  7  15  8  17  20  10  23  3  16  5 
bbbest=156
 9  11  6  12  18  1  13  19  21  2  14  4  22  7  15  8  17  20  10  23  3  16  5 
bbbest=156
 9  11  6  12  18  1  13  19  21  2  14  4  22  7  15  8  17  20  10  23  3  16  5 
bbbest=156
 9  11  6  12  18  1  13  19  21  2  14  4  22  7  15  8  17  20  10  23  3  16  5 
bbbest=156
 9  11  6  12  18  1  13  19  21  2  14  4  22  7  15  8  17  20  10  23  3  16  5 
bbbest=156
 9  11  6  12  18  1  13  19  21  2  14  4  22  7  15  8  17  20  10  23  3  16  5 
bbbest=156
 9  11  6  12  18  1  13  19  21  2  14  4  22  7  15  8  17  20  10  23  3  16  5 
bbbest=156
 9  11  6  12  18  1  13  19  21  2  14  4  22  7  15  8  17  20  10  23  3  16  5 
bbbest=156
 9  11  6  12  18  1  13  19  21  2  14  4  22  7  15  8  17  20  10  23  3  16  5 
bbbest=156
 9  11  6  12  18  1  13  19  21  2  14  4  22  7  15  8  17  20  10  23  3  16  5 
bbbest=156
 9  11  6  12  18  1  13  19  21  2  14  4  22  7  15  8  17  20  10  23  3  16  5 
bbbest=156
 9  11  6  12  18  1  13  19  21  2  14  4  22  7  15  8  17  20  10  23  3  16  5 
bbbest=156
 9  11  6  12  18  1  13  19  21  2  14  4  22  7  15  8  17  20  10  23  3  16  5 
bbbest=156
 9  11  6  12  18  1  13  19  21  2  14  4  22  7  15  8  17  20  10  23  3  16  5 
bbbest=156
 9  11  6  12  18  1  13  19  21  2  14  4  22  7  15  8  17  20  10  23  3  16  5 
bbbest=156
 9  11  6  12  18  1  13  19  21  2  14  4  22  7  15  8  17  20  10  23  3  16  5 
bbbest=156
 9  11  6  12  18  1  13  19  21  2  14  4  22  7  15  8  17  20  10  23  3  16  5 
bbbest=156
 9  11  6  12  18  1  13  19  21  2  14  4  22  7  15  8  17  20  10  23  3  16  5 
bbbest=156
 9  11  6  12  18  1  13  19  21  2  14  4  22  7  15  8  17  20  10  23  3  16  5 
bbbest=156
 9  11  6  12  18  1  13  19  21  2  14  4  22  7  15  8  17  20  10  23  3  16  5 
bbbest=156
 9  11  6  12  18  1  13  19  21  2  14  4  22  7  15  8  17  20  10  23  3  16  5 
bbbest=156
 9  11  6  12  18  1  13  19  21  2  14  4  22  7  15  8  17  20  10  23  3  16  5 
bbbest=156
 9  11  6  12  18  1  13  19  21  2  14  4  22  7  15  8  17  20  10  23  3  16  5 
bbbest=156
 9  11  6  12  18  1  13  19  21  2  14  4  22  7  15  8  17  20  10  23  3  16  5 
bbbest=156
 9  11  6  12  18  1  13  19  21  2  14  4  22  7  15  8  17  20  10  23  3  16  5 
bbbest=156
 9  11  6  12  18  1  13  19  21  2  14  4  22  7  15  8  17  20  10  23  3  16  5 
bbbest=156
 9  11  6  12  18  1  13  19  21  2  14  4  22  7  15  8  17  20  10  23  3  16  5 
bbbest=156
 9  11  6  12  18  1  13  19  21  2  14  4  22  7  15  8  17  20  10  23  3  16  5 
bbbest=156
 9  11  6  12  18  1  13  19  21  2  14  4  22  7  15  8  17  20  10  23  3  16  5 
bbbest=156
 9  11  6  12  18  1  13  19  21  2  14  4  22  7  15  8  17  20  10  23  3  16  5 
bbbest=156
 9  11  6  12  18  1  13  19  21  2  14  4  22  7  15  8  17  20  10  23  3  16  5 
bbbest=156
 9  11  6  12  18  1  13  19  21  2  14  4  22  7  15  8  17  20  10  23  3  16  5 
bbbest=156
 9  11  6  12  18  1  13  19  21  2  14  4  22  7  15  8  17  20  10  23  3  16  5 
bbbest=156
 9  11  6  12  18  1  13  19  21  2  14  4  22  7  15  8  17  20  10  23  3  16  5 
bbbest=156
 9  11  6  12  18  1  13  19  21  2  14  4  22  7  15  8  17  20  10  23  3  16  5 
bbbest=156
 9  11  6  12  18  1  13  19  21  2  14  4  22  7  15  8  17  20  10  23  3  16  5 
bbbest=156
 9  11  6  12  18  1  13  19  21  2  14  4  22  7  15  8  17  20  10  23  3  16  5 
bbbest=156
 9  11  6  12  18  1  13  19  21  2  14  4  22  7  15  8  17  20  10  23  3  16  5 
bbbest=156
 9  11  6  12  18  1  13  19  21  2  14  4  22  7  15  8  17  20  10  23  3  16  5 
bbbest=156
 9  11  6  12  18  1  13  19  21  2  14  4  22  7  15  8  17  20  10  23  3  16  5 
bbbest=156
 9  11  6  12  18  1  13  19  21  2  14  4  22  7  15  8  17  20  10  23  3  16  5 
bbbest=156
 9  11  6  12  18  1  13  19  21  2  14  4  22  7  15  8  17  20  10  23  3  16  5 
bbbest=156
 9  11  6  12  18  1  13  19  21  2  14  4  22  7  15  8  17  20  10  23  3  16  5 
bbbest=156
 9  11  6  12  18  1  13  19  21  2  14  4  22  7  15  8  17  20  10  23  3  16  5 
bbbest=156
 9  11  6  12  18  1  13  19  21  2  14  4  22  7  15  8  17  20  10  23  3  16  5 
bbbest=156
 9  11  6  12  18  1  13  19  21  2  14  4  22  7  15  8  17  20  10  23  3  16  5 
bbbest=156
 9  11  6  12  18  1  13  19  21  2  14  4  22  7  15  8  17  20  10  23  3  16  5 
bbbest=156
 9  11  6  12  18  1  13  19  21  2  14  4  22  7  15  8  17  20  10  23  3  16  5 
bbbest=156
 9  11  6  12  18  1  13  19  21  2  14  4  22  7  15  8  17  20  10  23  3  16  5 
bbbest=156
 9  11  6  12  18  1  13  19  21  2  14  4  22  7  15  8  17  20  10  23  3  16  5 
bbbest=156
 9  11  6  12  18  1  13  19  21  2  14  4  22  7  15  8  17  20  10  23  3  16  5 
bbbest=156
 9  11  6  12  18  1  13  19  21  2  14  4  22  7  15  8  17  20  10  23  3  16  5 
bbbest=156
 9  11  6  12  18  1  13  19  21  2  14  4  22  7  15  8  17  20  10  23  3  16  5 
bbbest=156
 9  11  6  12  18  1  13  19  21  2  14  4  22  7  15  8  17  20  10  23  3  16  5 
bbbest=156
 9  11  6  12  18  1  13  19  21  2  14  4  22  7  15  8  17  20  10  23  3  16  5 
bbbest=156
 9  11  6  12  18  1  13  19  21  2  14  4  22  7  15  8  17  20  10  23  3  16  5 
bbbest=156
 9  11  6  12  18  1  13  19  21  2  14  4  22  7  15  8  17  20  10  23  3  16  5 
bbbest=156
 9  11  6  12  18  1  13  19  21  2  14  4  22  7  15  8  17  20  10  23  3  16  5 
bbbest=156
 9  11  6  12  18  1  13  19  21  2  14  4  22  7  15  8  17  20  10  23  3  16  5 
bbbest=156
 9  11  6  12  18  1  13  19  21  2  14  4  22  7  15  8  17  20  10  23  3  16  5 
bbbest=156
 9  11  6  12  18  1  13  19  21  2  14  4  22  7  15  8  17  20  10  23  3  16  5 
bbbest=156
 9  11  6  12  18  1  13  19  21  2  14  4  22  7  15  8  17  20  10  23  3  16  5 
bbbest=156
 9  11  6  12  18  1  13  19  21  2  14  4  22  7  15  8  17  20  10  23  3  16  5 
bbbest=156
 9  11  6  12  18  1  13  19  21  2  14  4  22  7  15  8  17  20  10  23  3  16  5 
bbbest=156
 9  11  6  12  18  1  13  19  21  2  14  4  22  7  15  8  17  20  10  23  3  16  5 
bbbest=156
 9  11  6  12  18  1  13  19  21  2  14  4  22  7  15  8  17  20  10  23  3  16  5 
bbbest=156
 9  11  6  12  18  1  13  19  21  2  14  4  22  7  15  8  17  20  10  23  3  16  5 
bbbest=156
 9  11  6  12  18  1  13  19  21  2  14  4  22  7  15  8  17  20  10  23  3  16  5 
bbbest=156
 9  11  6  12  18  1  13  19  21  2  14  4  22  7  15  8  17  20  10  23  3  16  5 
bbbest=156
 9  11  6  12  18  1  13  19  21  2  14  4  22  7  15  8  17  20  10  23  3  16  5 
bbbest=156
 9  11  6  12  18  1  13  19  21  2  14  4  22  7  15  8  17  20  10  23  3  16  5 
bbbest=156
 9  11  6  12  18  1  13  19  21  2  14  4  22  7  15  8  17  20  10  23  3  16  5 
bbbest=156
 9  11  6  12  18  1  13  19  21  2  14  4  22  7  15  8  17  20  10  23  3  16  5 
bbbest=156
 9  11  6  12  18  1  13  19  21  2  14  4  22  7  15  8  17  20  10  23  3  16  5 
bbbest=156
 9  11  6  12  18  1  13  19  21  2  14  4  22  7  15  8  17  20  10  23  3  16  5 
bbbest=156
 9  11  6  12  18  1  13  19  21  2  14  4  22  7  15  8  17  20  10  23  3  16  5 
bbbest=156
 9  11  6  12  18  1  13  19  21  2  14  4  22  7  15  8  17  20  10  23  3  16  5 
bbbest=156
 9  11  6  12  18  1  13  19  21  2  14  4  22  7  15  8  17  20  10  23  3  16  5 
bbbest=156
 9  11  6  12  18  1  13  19  21  2  14  4  22  7  15  8  17  20  10  23  3  16  5 
bbbest=156
 9  11  6  12  18  1  13  19  21  2  14  4  22  7  15  8  17  20  10  23  3  16  5 
bbbest=156
 9  11  6  12  18  1  13  19  21  2  14  4  22  7  15  8  17  20  10  23  3  16  5 
bbbest=156
 9  11  6  12  18  1  13  19  21  2  14  4  22  7  15  8  17  20  10  23  3  16  5 
bbbest=156
 9  11  6  12  18  1  13  19  21  2  14  4  22  7  15  8  17  20  10  23  3  16  5 
bbbest=156
 9  11  6  12  18  1  13  19  21  2  14  4  22  7  15  8  17  20  10  23  3  16  5 
bbbest=156
 9  11  6  12  18  1  13  19  21  2  14  4  22  7  15  8  17  20  10  23  3  16  5 
bbbest=156
 9  11  6  12  18  1  13  19  21  2  14  4  22  7  15  8  17  20  10  23  3  16  5 
bbbest=156
 9  11  6  12  18  1  13  19  21  2  14  4  22  7  15  8  17  20  10  23  3  16  5 
bbbest=156
 9  11  6  12  18  1  13  19  21  2  14  4  22  7  15  8  17  20  10  23  3  16  5 
bbbest=156
 9  11  6  12  18  1  13  19  21  2  14  4  22  7  15  8  17  20  10  23  3  16  5 
bbbest=156
 9  11  6  12  18  1  13  19  21  2  14  4  22  7  15  8  17  20  10  23  3  16  5 
bbbest=156
 9  11  6  12  18  1  13  19  21  2  14  4  22  7  15  8  17  20  10  23  3  16  5 
bbbest=156
 9  11  6  12  18  1  13  19  21  2  14  4  22  7  15  8  17  20  10  23  3  16  5 
bbbest=156
 9  11  6  12  18  1  13  19  21  2  14  4  22  7  15  8  17  20  10  23  3  16  5 
bbbest=156
 9  11  6  12  18  1  13  19  21  2  14  4  22  7  15  8  17  20  10  23  3  16  5 
bbbest=156
 9  11  6  12  18  1  13  19  21  2  14  4  22  7  15  8  17  20  10  23  3  16  5 
bbbest=156
 9  11  6  12  18  1  13  19  21  2  14  4  22  7  15  8  17  20  10  23  3  16  5 
bbbest=156
 9  11  6  12  18  1  13  19  21  2  14  4  22  7  15  8  17  20  10  23  3  16  5 
bbbest=156
 9  11  6  12  18  1  13  19  21  2  14  4  22  7  15  8  17  20  10  23  3  16  5 
bbbest=156
 9  11  6  12  18  1  13  19  21  2  14  4  22  7  15  8  17  20  10  23  3  16  5 
bbbest=156
 9  11  6  12  18  1  13  19  21  2  14  4  22  7  15  8  17  20  10  23  3  16  5 
bbbest=156
 9  11  6  12  18  1  13  19  21  2  14  4  22  7  15  8  17  20  10  23  3  16  5 
bbbest=156
 9  11  6  12  18  1  13  19  21  2  14  4  22  7  15  8  17  20  10  23  3  16  5 
bbbest=156
 9  11  6  12  18  1  13  19  21  2  14  4  22  7  15  8  17  20  10  23  3  16  5 
bbbest=156
 9  11  6  12  18  1  13  19  21  2  14  4  22  7  15  8  17  20  10  23  3  16  5 
bbbest=156
 9  11  6  12  18  1  13  19  21  2  14  4  22  7  15  8  17  20  10  23  3  16  5 
bbbest=156
 9  11  6  12  18  1  13  19  21  2  14  4  22  7  15  8  17  20  10  23  3  16  5 
bbbest=156
 9  11  6  12  18  1  13  19  21  2  14  4  22  7  15  8  17  20  10  23  3  16  5 
bbbest=156
 9  11  6  12  18  1  13  19  21  2  14  4  22  7  15  8  17  20  10  23  3  16  5 
bbbest=156
 9  11  6  12  18  1  13  19  21  2  14  4  22  7  15  8  17  20  10  23  3  16  5 
bbbest=156
 9  11  6  12  18  1  13  19  21  2  14  4  22  7  15  8  17  20  10  23  3  16  5 
bbbest=156
 9  11  6  12  18  1  13  19  21  2  14  4  22  7  15  8  17  20  10  23  3  16  5 
bbbest=156
 9  11  6  12  18  1  13  19  21  2  14  4  22  7  15  8  17  20  10  23  3  16  5 
bbbest=156
 9  11  6  12  18  1  13  19  21  2  14  4  22  7  15  8  17  20  10  23  3  16  5 
bbbest=156
 9  11  6  12  18  1  13  19  21  2  14  4  22  7  15  8  17  20  10  23  3  16  5 
bbbest=156
 9  11  6  12  18  1  13  19  21  2  14  4  22  7  15  8  17  20  10  23  3  16  5 
bbbest=156
 9  11  6  12  18  1  13  19  21  2  14  4  22  7  15  8  17  20  10  23  3  16  5 
bbbest=156
 9  11  6  12  18  1  13  19  21  2  14  4  22  7  15  8  17  20  10  23  3  16  5 
bbbest=156
 9  11  6  12  18  1  13  19  21  2  14  4  22  7  15  8  17  20  10  23  3  16  5 
bbbest=156
 9  11  6  12  18  1  13  19  21  2  14  4  22  7  15  8  17  20  10  23  3  16  5 
bbbest=156
 9  11  6  12  18  1  13  19  21  2  14  4  22  7  15  8  17  20  10  23  3  16  5 
bbbest=157
 8  20  9  21  10  22  11  12  1  13  14  17  23  2  3  15  4  16  5  6  18  7  19 
bbbest=157
 8  20  9  21  10  22  11  12  1  13  14  17  23  2  3  15  4  16  5  6  18  7  19 
bbbest=158
 8  20  9  21  10  22  11  23  12  1  13  14  17  2  3  15  4  16  5  6  18  7  19 
bbbest=158
 8  20  9  21  10  22  11  23  12  1  13  14  17  2  3  15  4  16  5  6  18  7  19 
bbbest=158
 8  20  9  21  10  22  11  23  12  1  13  14  17  2  3  15  4  16  5  6  18  7  19 
bbbest=158
 8  20  9  21  10  22  11  23  12  1  13  14  17  2  3  15  4  16  5  6  18  7  19 
bbbest=158
 8  20  9  21  10  22  11  23  12  1  13  14  17  2  3  15  4  16  5  6  18  7  19 
bbbest=160
 8  20  9  21  10  22  11  23  12  1  13  14  2  3  15  4  16  5  17  6  18  7  19 
bbbest=160
 8  20  9  21  10  22  11  23  12  1  13  14  2  3  15  4  16  5  17  6  18  7  19 
bbbest=160
 8  20  9  21  10  22  11  23  12  1  13  14  2  3  15  4  16  5  17  6  18  7  19 
bbbest=160
 8  20  9  21  10  22  11  23  12  1  13  14  2  3  15  4  16  5  17  6  18  7  19 
bbbest=161
 8  20  9  21  10  22  11  23  12  1  13  2  14  3  15  4  16  5  17  6  18  7  19 
bbbest=161
 8  20  9  21  10  22  11  23  12  1  13  2  14  3  15  4  16  5  17  6  18  7  19 
bbbest=161
 8  20  9  21  10  22  11  23  12  1  13  2  14  3  15  4  16  5  17  6  18  7  19 
bbbest=161
 8  20  9  21  10  22  11  23  12  1  13  2  14  3  15  4  16  5  17  6  18  7  19 
bbbest=161
 8  20  9  21  10  22  11  23  12  1  13  2  14  3  15  4  16  5  17  6  18  7  19 
bbbest=161
 8  20  9  21  10  22  11  23  12  1  13  2  14  3  15  4  16  5  17  6  18  7  19 
bbbest=161
 8  20  9  21  10  22  11  23  12  1  13  2  14  3  15  4  16  5  17  6  18  7  19 
bbbest=161
 8  20  9  21  10  22  11  23  12  1  13  2  14  3  15  4  16  5  17  6  18  7  19 
bbbest=161
 8  20  9  21  10  22  11  23  12  1  13  2  14  3  15  4  16  5  17  6  18  7  19 
bbbest=161
 8  20  9  21  10  22  11  23  12  1  13  2  14  3  15  4  16  5  17  6  18  7  19 
bbbest=161
 8  20  9  21  10  22  11  23  12  1  13  2  14  3  15  4  16  5  17  6  18  7  19 
bbbest=161
 8  20  9  21  10  22  11  23  12  1  13  2  14  3  15  4  16  5  17  6  18  7  19 
bbbest=161
 8  20  9  21  10  22  11  23  12  1  13  2  14  3  15  4  16  5  17  6  18  7  19 
bbbest=161
 8  20  9  21  10  22  11  23  12  1  13  2  14  3  15  4  16  5  17  6  18  7  19 
bbbest=161
 8  20  9  21  10  22  11  23  12  1  13  2  14  3  15  4  16  5  17  6  18  7  19 
bbbest=161
 8  20  9  21  10  22  11  23  12  1  13  2  14  3  15  4  16  5  17  6  18  7  19 
bbbest=161
 8  20  9  21  10  22  11  23  12  1  13  2  14  3  15  4  16  5  17  6  18  7  19 
bbbest=161
 8  20  9  21  10  22  11  23  12  1  13  2  14  3  15  4  16  5  17  6  18  7  19 
bbbest=161
 8  20  9  21  10  22  11  23  12  1  13  2  14  3  15  4  16  5  17  6  18  7  19 
bbbest=161
 8  20  9  21  10  22  11  23  12  1  13  2  14  3  15  4  16  5  17  6  18  7  19 
bbbest=161
 8  20  9  21  10  22  11  23  12  1  13  2  14  3  15  4  16  5  17  6  18  7  19 
bbbest=161
 8  20  9  21  10  22  11  23  12  1  13  2  14  3  15  4  16  5  17  6  18  7  19 
bbbest=161
 8  20  9  21  10  22  11  23  12  1  13  2  14  3  15  4  16  5  17  6  18  7  19 
bbbest=161
 8  20  9  21  10  22  11  23  12  1  13  2  14  3  15  4  16  5  17  6  18  7  19 
bbbest=161
 8  20  9  21  10  22  11  23  12  1  13  2  14  3  15  4  16  5  17  6  18  7  19 
bbbest=161
 8  20  9  21  10  22  11  23  12  1  13  2  14  3  15  4  16  5  17  6  18  7  19 
bbbest=161
 8  20  9  21  10  22  11  23  12  1  13  2  14  3  15  4  16  5  17  6  18  7  19 
bbbest=161
 8  20  9  21  10  22  11  23  12  1  13  2  14  3  15  4  16  5  17  6  18  7  19 
bbbest=161
 8  20  9  21  10  22  11  23  12  1  13  2  14  3  15  4  16  5  17  6  18  7  19 
bbbest=161
 8  20  9  21  10  22  11  23  12  1  13  2  14  3  15  4  16  5  17  6  18  7  19 
bbbest=161
 8  20  9  21  10  22  11  23  12  1  13  2  14  3  15  4  16  5  17  6  18  7  19 
bbbest=161
 8  20  9  21  10  22  11  23  12  1  13  2  14  3  15  4  16  5  17  6  18  7  19 
bbbest=161
 8  20  9  21  10  22  11  23  12  1  13  2  14  3  15  4  16  5  17  6  18  7  19 
bbbest=161
 8  20  9  21  10  22  11  23  12  1  13  2  14  3  15  4  16  5  17  6  18  7  19 
bbbest=161
 8  20  9  21  10  22  11  23  12  1  13  2  14  3  15  4  16  5  17  6  18  7  19 
bbbest=161
 8  20  9  21  10  22  11  23  12  1  13  2  14  3  15  4  16  5  17  6  18  7  19 
bbbest=161
 8  20  9  21  10  22  11  23  12  1  13  2  14  3  15  4  16  5  17  6  18  7  19 
bbbest=161
 8  20  9  21  10  22  11  23  12  1  13  2  14  3  15  4  16  5  17  6  18  7  19 
bbbest=161
 8  20  9  21  10  22  11  23  12  1  13  2  14  3  15  4  16  5  17  6  18  7  19 
bbbest=161
 8  20  9  21  10  22  11  23  12  1  13  2  14  3  15  4  16  5  17  6  18  7  19 
bbbest=161
 8  20  9  21  10  22  11  23  12  1  13  2  14  3  15  4  16  5  17  6  18  7  19 
bbbest=161
 8  20  9  21  10  22  11  23  12  1  13  2  14  3  15  4  16  5  17  6  18  7  19 
bbbest=161
 8  20  9  21  10  22  11  23  12  1  13  2  14  3  15  4  16  5  17  6  18  7  19 
bbbest=161
 8  20  9  21  10  22  11  23  12  1  13  2  14  3  15  4  16  5  17  6  18  7  19 
bbbest=161
 8  20  9  21  10  22  11  23  12  1  13  2  14  3  15  4  16  5  17  6  18  7  19 
bbbest=161
 8  20  9  21  10  22  11  23  12  1  13  2  14  3  15  4  16  5  17  6  18  7  19 
bbbest=161
 8  20  9  21  10  22  11  23  12  1  13  2  14  3  15  4  16  5  17  6  18  7  19 
bbbest=161
 8  20  9  21  10  22  11  23  12  1  13  2  14  3  15  4  16  5  17  6  18  7  19 
bbbest=161
 8  20  9  21  10  22  11  23  12  1  13  2  14  3  15  4  16  5  17  6  18  7  19 
bbbest=161
 8  20  9  21  10  22  11  23  12  1  13  2  14  3  15  4  16  5  17  6  18  7  19 
bbbest=161
 8  20  9  21  10  22  11  23  12  1  13  2  14  3  15  4  16  5  17  6  18  7  19 
bbbest=161
 8  20  9  21  10  22  11  23  12  1  13  2  14  3  15  4  16  5  17  6  18  7  19 
bbbest=161
 8  20  9  21  10  22  11  23  12  1  13  2  14  3  15  4  16  5  17  6  18  7  19 
bbbest=161
 8  20  9  21  10  22  11  23  12  1  13  2  14  3  15  4  16  5  17  6  18  7  19 
bbbest=161
 8  20  9  21  10  22  11  23  12  1  13  2  14  3  15  4  16  5  17  6  18  7  19 
bbbest=161
 8  20  9  21  10  22  11  23  12  1  13  2  14  3  15  4  16  5  17  6  18  7  19 
bbbest=161
 8  20  9  21  10  22  11  23  12  1  13  2  14  3  15  4  16  5  17  6  18  7  19 
bbbest=161
 8  20  9  21  10  22  11  23  12  1  13  2  14  3  15  4  16  5  17  6  18  7  19 
bbbest=161
 8  20  9  21  10  22  11  23  12  1  13  2  14  3  15  4  16  5  17  6  18  7  19 
bbbest=161
 8  20  9  21  10  22  11  23  12  1  13  2  14  3  15  4  16  5  17  6  18  7  19 
bbbest=161
 8  20  9  21  10  22  11  23  12  1  13  2  14  3  15  4  16  5  17  6  18  7  19 
bbbest=161
 8  20  9  21  10  22  11  23  12  1  13  2  14  3  15  4  16  5  17  6  18  7  19 
bbbest=161
 8  20  9  21  10  22  11  23  12  1  13  2  14  3  15  4  16  5  17  6  18  7  19 
bbbest=161
 8  20  9  21  10  22  11  23  12  1  13  2  14  3  15  4  16  5  17  6  18  7  19 
bbbest=161
 8  20  9  21  10  22  11  23  12  1  13  2  14  3  15  4  16  5  17  6  18  7  19 
bbbest=161
 8  20  9  21  10  22  11  23  12  1  13  2  14  3  15  4  16  5  17  6  18  7  19 
bbbest=161
 8  20  9  21  10  22  11  23  12  1  13  2  14  3  15  4  16  5  17  6  18  7  19 
bbbest=161
 8  20  9  21  10  22  11  23  12  1  13  2  14  3  15  4  16  5  17  6  18  7  19 
bbbest=161
 8  20  9  21  10  22  11  23  12  1  13  2  14  3  15  4  16  5  17  6  18  7  19 
bbbest=161
 8  20  9  21  10  22  11  23  12  1  13  2  14  3  15  4  16  5  17  6  18  7  19 
bbbest=161
 8  20  9  21  10  22  11  23  12  1  13  2  14  3  15  4  16  5  17  6  18  7  19 
bbbest=161
 8  20  9  21  10  22  11  23  12  1  13  2  14  3  15  4  16  5  17  6  18  7  19 
bbbest=161
 8  20  9  21  10  22  11  23  12  1  13  2  14  3  15  4  16  5  17  6  18  7  19 
bbbest=161
 8  20  9  21  10  22  11  23  12  1  13  2  14  3  15  4  16  5  17  6  18  7  19 
bbbest=161
 8  20  9  21  10  22  11  23  12  1  13  2  14  3  15  4  16  5  17  6  18  7  19 
bbbest=161
 8  20  9  21  10  22  11  23  12  1  13  2  14  3  15  4  16  5  17  6  18  7  19 
bbbest=161
 8  20  9  21  10  22  11  23  12  1  13  2  14  3  15  4  16  5  17  6  18  7  19 
bbbest=161
 8  20  9  21  10  22  11  23  12  1  13  2  14  3  15  4  16  5  17  6  18  7  19 
bbbest=161
 8  20  9  21  10  22  11  23  12  1  13  2  14  3  15  4  16  5  17  6  18  7  19 
bbbest=161
 8  20  9  21  10  22  11  23  12  1  13  2  14  3  15  4  16  5  17  6  18  7  19 
bbbest=161
 8  20  9  21  10  22  11  23  12  1  13  2  14  3  15  4  16  5  17  6  18  7  19 
bbbest=161
 8  20  9  21  10  22  11  23  12  1  13  2  14  3  15  4  16  5  17  6  18  7  19 
bbbest=161
 8  20  9  21  10  22  11  23  12  1  13  2  14  3  15  4  16  5  17  6  18  7  19 
bbbest=161
 8  20  9  21  10  22  11  23  12  1  13  2  14  3  15  4  16  5  17  6  18  7  19 
bbbest=161
 8  20  9  21  10  22  11  23  12  1  13  2  14  3  15  4  16  5  17  6  18  7  19 
bbbest=161
 8  20  9  21  10  22  11  23  12  1  13  2  14  3  15  4  16  5  17  6  18  7  19 
bbbest=161
 8  20  9  21  10  22  11  23  12  1  13  2  14  3  15  4  16  5  17  6  18  7  19 
bbbest=161
 8  20  9  21  10  22  11  23  12  1  13  2  14  3  15  4  16  5  17  6  18  7  19 
bbbest=161
 8  20  9  21  10  22  11  23  12  1  13  2  14  3  15  4  16  5  17  6  18  7  19 
bbbest=161
 8  20  9  21  10  22  11  23  12  1  13  2  14  3  15  4  16  5  17  6  18  7  19 
bbbest=161
 8  20  9  21  10  22  11  23  12  1  13  2  14  3  15  4  16  5  17  6  18  7  19 
bbbest=161
 8  20  9  21  10  22  11  23  12  1  13  2  14  3  15  4  16  5  17  6  18  7  19 
bbbest=161
 8  20  9  21  10  22  11  23  12  1  13  2  14  3  15  4  16  5  17  6  18  7  19 
bbbest=161
 8  20  9  21  10  22  11  23  12  1  13  2  14  3  15  4  16  5  17  6  18  7  19 
bbbest=161
 8  20  9  21  10  22  11  23  12  1  13  2  14  3  15  4  16  5  17  6  18  7  19 
bbbest=161
 8  20  9  21  10  22  11  23  12  1  13  2  14  3  15  4  16  5  17  6  18  7  19 
bbbest=161
 8  20  9  21  10  22  11  23  12  1  13  2  14  3  15  4  16  5  17  6  18  7  19 
bbbest=161
 8  20  9  21  10  22  11  23  12  1  13  2  14  3  15  4  16  5  17  6  18  7  19 
bbbest=161
 8  20  9  21  10  22  11  23  12  1  13  2  14  3  15  4  16  5  17  6  18  7  19 
bbbest=161
 8  20  9  21  10  22  11  23  12  1  13  2  14  3  15  4  16  5  17  6  18  7  19 
bbbest=161
 8  20  9  21  10  22  11  23  12  1  13  2  14  3  15  4  16  5  17  6  18  7  19 
bbbest=161
 8  20  9  21  10  22  11  23  12  1  13  2  14  3  15  4  16  5  17  6  18  7  19 
bbbest=161
 8  20  9  21  10  22  11  23  12  1  13  2  14  3  15  4  16  5  17  6  18  7  19 
bbbest=161
 8  20  9  21  10  22  11  23  12  1  13  2  14  3  15  4  16  5  17  6  18  7  19 
bbbest=161
 8  20  9  21  10  22  11  23  12  1  13  2  14  3  15  4  16  5  17  6  18  7  19 
bbbest=161
 8  20  9  21  10  22  11  23  12  1  13  2  14  3  15  4  16  5  17  6  18  7  19 
bbbest=161
 8  20  9  21  10  22  11  23  12  1  13  2  14  3  15  4  16  5  17  6  18  7  19 
bbbest=161
 8  20  9  21  10  22  11  23  12  1  13  2  14  3  15  4  16  5  17  6  18  7  19 
bbbest=161
 8  20  9  21  10  22  11  23  12  1  13  2  14  3  15  4  16  5  17  6  18  7  19 
bbbest=161
 8  20  9  21  10  22  11  23  12  1  13  2  14  3  15  4  16  5  17  6  18  7  19 
bbbest=161
 8  20  9  21  10  22  11  23  12  1  13  2  14  3  15  4  16  5  17  6  18  7  19 
bbbest=161
 8  20  9  21  10  22  11  23  12  1  13  2  14  3  15  4  16  5  17  6  18  7  19 
bbbest=161
 8  20  9  21  10  22  11  23  12  1  13  2  14  3  15  4  16  5  17  6  18  7  19 
bbbest=161
 8  20  9  21  10  22  11  23  12  1  13  2  14  3  15  4  16  5  17  6  18  7  19 
bbbest=161
 8  20  9  21  10  22  11  23  12  1  13  2  14  3  15  4  16  5  17  6  18  7  19 
bbbest=161
 8  20  9  21  10  22  11  23  12  1  13  2  14  3  15  4  16  5  17  6  18  7  19 
bbbest=161
 8  20  9  21  10  22  11  23  12  1  13  2  14  3  15  4  16  5  17  6  18  7  19 
bbbest=161
 8  20  9  21  10  22  11  23  12  1  13  2  14  3  15  4  16  5  17  6  18  7  19 
bbbest=161
 8  20  9  21  10  22  11  23  12  1  13  2  14  3  15  4  16  5  17  6  18  7  19 
bbbest=161
 8  20  9  21  10  22  11  23  12  1  13  2  14  3  15  4  16  5  17  6  18  7  19 
bbbest=161
 8  20  9  21  10  22  11  23  12  1  13  2  14  3  15  4  16  5  17  6  18  7  19 
bbbest=161
 8  20  9  21  10  22  11  23  12  1  13  2  14  3  15  4  16  5  17  6  18  7  19 
bbbest=161
 8  20  9  21  10  22  11  23  12  1  13  2  14  3  15  4  16  5  17  6  18  7  19 
bbbest=161
 8  20  9  21  10  22  11  23  12  1  13  2  14  3  15  4  16  5  17  6  18  7  19 
bbbest=161
 8  20  9  21  10  22  11  23  12  1  13  2  14  3  15  4  16  5  17  6  18  7  19 
bbbest=161
 8  20  9  21  10  22  11  23  12  1  13  2  14  3  15  4  16  5  17  6  18  7  19 
bbbest=161
 8  20  9  21  10  22  11  23  12  1  13  2  14  3  15  4  16  5  17  6  18  7  19 
bbbest=161
 8  20  9  21  10  22  11  23  12  1  13  2  14  3  15  4  16  5  17  6  18  7  19 
bbbest=161
 8  20  9  21  10  22  11  23  12  1  13  2  14  3  15  4  16  5  17  6  18  7  19 
bbbest=161
 8  20  9  21  10  22  11  23  12  1  13  2  14  3  15  4  16  5  17  6  18  7  19 
bbbest=161
 8  20  9  21  10  22  11  23  12  1  13  2  14  3  15  4  16  5  17  6  18  7  19 
bbbest=161
 8  20  9  21  10  22  11  23  12  1  13  2  14  3  15  4  16  5  17  6  18  7  19 
bbbest=161
 8  20  9  21  10  22  11  23  12  1  13  2  14  3  15  4  16  5  17  6  18  7  19 
bbbest=161
 8  20  9  21  10  22  11  23  12  1  13  2  14  3  15  4  16  5  17  6  18  7  19 
bbbest=161
 8  20  9  21  10  22  11  23  12  1  13  2  14  3  15  4  16  5  17  6  18  7  19 
bbbest=161
 8  20  9  21  10  22  11  23  12  1  13  2  14  3  15  4  16  5  17  6  18  7  19 
bbbest=161
 8  20  9  21  10  22  11  23  12  1  13  2  14  3  15  4  16  5  17  6  18  7  19 
bbbest=161
 8  20  9  21  10  22  11  23  12  1  13  2  14  3  15  4  16  5  17  6  18  7  19 
bbbest=161
 8  20  9  21  10  22  11  23  12  1  13  2  14  3  15  4  16  5  17  6  18  7  19 
bbbest=161
 8  20  9  21  10  22  11  23  12  1  13  2  14  3  15  4  16  5  17  6  18  7  19 
bbbest=161
 8  20  9  21  10  22  11  23  12  1  13  2  14  3  15  4  16  5  17  6  18  7  19 
bbbest=161
 8  20  9  21  10  22  11  23  12  1  13  2  14  3  15  4  16  5  17  6  18  7  19 
bbbest=161
 8  20  9  21  10  22  11  23  12  1  13  2  14  3  15  4  16  5  17  6  18  7  19 
bbbest=161
 8  20  9  21  10  22  11  23  12  1  13  2  14  3  15  4  16  5  17  6  18  7  19 
bbbest=161
 8  20  9  21  10  22  11  23  12  1  13  2  14  3  15  4  16  5  17  6  18  7  19 
bbbest=161
 8  20  9  21  10  22  11  23  12  1  13  2  14  3  15  4  16  5  17  6  18  7  19 
bbbest=161
 8  20  9  21  10  22  11  23  12  1  13  2  14  3  15  4  16  5  17  6  18  7  19 
bbbest=161
 8  20  9  21  10  22  11  23  12  1  13  2  14  3  15  4  16  5  17  6  18  7  19 
bbbest=161
 8  20  9  21  10  22  11  23  12  1  13  2  14  3  15  4  16  5  17  6  18  7  19 
bbbest=161
 8  20  9  21  10  22  11  23  12  1  13  2  14  3  15  4  16  5  17  6  18  7  19 
bbbest=161
 8  20  9  21  10  22  11  23  12  1  13  2  14  3  15  4  16  5  17  6  18  7  19 
bbbest=161
 8  20  9  21  10  22  11  23  12  1  13  2  14  3  15  4  16  5  17  6  18  7  19 
bbbest=161
 8  20  9  21  10  22  11  23  12  1  13  2  14  3  15  4  16  5  17  6  18  7  19 
bbbest=161
 8  20  9  21  10  22  11  23  12  1  13  2  14  3  15  4  16  5  17  6  18  7  19 
bbbest=161
 8  20  9  21  10  22  11  23  12  1  13  2  14  3  15  4  16  5  17  6  18  7  19 
bbbest=161
 8  20  9  21  10  22  11  23  12  1  13  2  14  3  15  4  16  5  17  6  18  7  19 
bbbest=161
 8  20  9  21  10  22  11  23  12  1  13  2  14  3  15  4  16  5  17  6  18  7  19 
bbbest=161
 8  20  9  21  10  22  11  23  12  1  13  2  14  3  15  4  16  5  17  6  18  7  19 
bbbest=161
 8  20  9  21  10  22  11  23  12  1  13  2  14  3  15  4  16  5  17  6  18  7  19 
bbbest=161
 8  20  9  21  10  22  11  23  12  1  13  2  14  3  15  4  16  5  17  6  18  7  19 
bbbest=161
 8  20  9  21  10  22  11  23  12  1  13  2  14  3  15  4  16  5  17  6  18  7  19 
bbbest=161
 8  20  9  21  10  22  11  23  12  1  13  2  14  3  15  4  16  5  17  6  18  7  19 
bbbest=161
 8  20  9  21  10  22  11  23  12  1  13  2  14  3  15  4  16  5  17  6  18  7  19 
bbbest=161
 8  20  9  21  10  22  11  23  12  1  13  2  14  3  15  4  16  5  17  6  18  7  19 
bbbest=161
 8  20  9  21  10  22  11  23  12  1  13  2  14  3  15  4  16  5  17  6  18  7  19 
bbbest=161
 8  20  9  21  10  22  11  23  12  1  13  2  14  3  15  4  16  5  17  6  18  7  19 
bbbest=161
 8  20  9  21  10  22  11  23  12  1  13  2  14  3  15  4  16  5  17  6  18  7  19 
bbbest=161
 8  20  9  21  10  22  11  23  12  1  13  2  14  3  15  4  16  5  17  6  18  7  19 
bbbest=161
 8  20  9  21  10  22  11  23  12  1  13  2  14  3  15  4  16  5  17  6  18  7  19 
bbbest=161
 8  20  9  21  10  22  11  23  12  1  13  2  14  3  15  4  16  5  17  6  18  7  19 
bbbest=161
 8  20  9  21  10  22  11  23  12  1  13  2  14  3  15  4  16  5  17  6  18  7  19 
bbbest=161
 8  20  9  21  10  22  11  23  12  1  13  2  14  3  15  4  16  5  17  6  18  7  19 
bbbest=161
 8  20  9  21  10  22  11  23  12  1  13  2  14  3  15  4  16  5  17  6  18  7  19 
bbbest=161
 8  20  9  21  10  22  11  23  12  1  13  2  14  3  15  4  16  5  17  6  18  7  19 
bbbest=161
 8  20  9  21  10  22  11  23  12  1  13  2  14  3  15  4  16  5  17  6  18  7  19 
bbbest=161
 8  20  9  21  10  22  11  23  12  1  13  2  14  3  15  4  16  5  17  6  18  7  19 
bbbest=161
 8  20  9  21  10  22  11  23  12  1  13  2  14  3  15  4  16  5  17  6  18  7  19 
bbbest=161
 8  20  9  21  10  22  11  23  12  1  13  2  14  3  15  4  16  5  17  6  18  7  19 
bbbest=161
 8  20  9  21  10  22  11  23  12  1  13  2  14  3  15  4  16  5  17  6  18  7  19 
bbbest=161
 8  20  9  21  10  22  11  23  12  1  13  2  14  3  15  4  16  5  17  6  18  7  19 
bbbest=161
 8  20  9  21  10  22  11  23  12  1  13  2  14  3  15  4  16  5  17  6  18  7  19 
bbbest=161
 8  20  9  21  10  22  11  23  12  1  13  2  14  3  15  4  16  5  17  6  18  7  19 
bbbest=161
 8  20  9  21  10  22  11  23  12  1  13  2  14  3  15  4  16  5  17  6  18  7  19 
bbbest=161
 8  20  9  21  10  22  11  23  12  1  13  2  14  3  15  4  16  5  17  6  18  7  19 
bbbest=161
 8  20  9  21  10  22  11  23  12  1  13  2  14  3  15  4  16  5  17  6  18  7  19 
bbbest=161
 8  20  9  21  10  22  11  23  12  1  13  2  14  3  15  4  16  5  17  6  18  7  19 
bbbest=161
 8  20  9  21  10  22  11  23  12  1  13  2  14  3  15  4  16  5  17  6  18  7  19 
bbbest=161
 8  20  9  21  10  22  11  23  12  1  13  2  14  3  15  4  16  5  17  6  18  7  19 
bbbest=161
 8  20  9  21  10  22  11  23  12  1  13  2  14  3  15  4  16  5  17  6  18  7  19 
bbbest=161
 8  20  9  21  10  22  11  23  12  1  13  2  14  3  15  4  16  5  17  6  18  7  19 
bbbest=161
 8  20  9  21  10  22  11  23  12  1  13  2  14  3  15  4  16  5  17  6  18  7  19 
bbbest=161
 8  20  9  21  10  22  11  23  12  1  13  2  14  3  15  4  16  5  17  6  18  7  19 
bbbest=161
 8  20  9  21  10  22  11  23  12  1  13  2  14  3  15  4  16  5  17  6  18  7  19 
bbbest=161
 8  20  9  21  10  22  11  23  12  1  13  2  14  3  15  4  16  5  17  6  18  7  19 
bbbest=161
 8  20  9  21  10  22  11  23  12  1  13  2  14  3  15  4  16  5  17  6  18  7  19 
bbbest=161
 8  20  9  21  10  22  11  23  12  1  13  2  14  3  15  4  16  5  17  6  18  7  19 
bbbest=161
 8  20  9  21  10  22  11  23  12  1  13  2  14  3  15  4  16  5  17  6  18  7  19 
bbbest=161
 8  20  9  21  10  22  11  23  12  1  13  2  14  3  15  4  16  5  17  6  18  7  19 
bbbest=161
 8  20  9  21  10  22  11  23  12  1  13  2  14  3  15  4  16  5  17  6  18  7  19 
bbbest=161
 8  20  9  21  10  22  11  23  12  1  13  2  14  3  15  4  16  5  17  6  18  7  19 
bbbest=161
 8  20  9  21  10  22  11  23  12  1  13  2  14  3  15  4  16  5  17  6  18  7  19 
bbbest=161
 8  20  9  21  10  22  11  23  12  1  13  2  14  3  15  4  16  5  17  6  18  7  19 
bbbest=161
 8  20  9  21  10  22  11  23  12  1  13  2  14  3  15  4  16  5  17  6  18  7  19 
bbbest=161
 8  20  9  21  10  22  11  23  12  1  13  2  14  3  15  4  16  5  17  6  18  7  19 
bbbest=161
 8  20  9  21  10  22  11  23  12  1  13  2  14  3  15  4  16  5  17  6  18  7  19 
bbbest=161
 8  20  9  21  10  22  11  23  12  1  13  2  14  3  15  4  16  5  17  6  18  7  19 
bbbest=161
 8  20  9  21  10  22  11  23  12  1  13  2  14  3  15  4  16  5  17  6  18  7  19 
bbbest=161
 8  20  9  21  10  22  11  23  12  1  13  2  14  3  15  4  16  5  17  6  18  7  19 
bbbest=161
 8  20  9  21  10  22  11  23  12  1  13  2  14  3  15  4  16  5  17  6  18  7  19 
bbbest=161
 8  20  9  21  10  22  11  23  12  1  13  2  14  3  15  4  16  5  17  6  18  7  19 
bbbest=161
 8  20  9  21  10  22  11  23  12  1  13  2  14  3  15  4  16  5  17  6  18  7  19 
bbbest=161
 8  20  9  21  10  22  11  23  12  1  13  2  14  3  15  4  16  5  17  6  18  7  19 
bbbest=161
 8  20  9  21  10  22  11  23  12  1  13  2  14  3  15  4  16  5  17  6  18  7  19 
bbbest=161
 8  20  9  21  10  22  11  23  12  1  13  2  14  3  15  4  16  5  17  6  18  7  19 
bbbest=161
 8  20  9  21  10  22  11  23  12  1  13  2  14  3  15  4  16  5  17  6  18  7  19 
bbbest=161
 8  20  9  21  10  22  11  23  12  1  13  2  14  3  15  4  16  5  17  6  18  7  19 
bbbest=161
 8  20  9  21  10  22  11  23  12  1  13  2  14  3  15  4  16  5  17  6  18  7  19 
bbbest=161
 8  20  9  21  10  22  11  23  12  1  13  2  14  3  15  4  16  5  17  6  18  7  19 
bbbest=161
 8  20  9  21  10  22  11  23  12  1  13  2  14  3  15  4  16  5  17  6  18  7  19 
bbbest=161
 8  20  9  21  10  22  11  23  12  1  13  2  14  3  15  4  16  5  17  6  18  7  19 
bbbest=161
 8  20  9  21  10  22  11  23  12  1  13  2  14  3  15  4  16  5  17  6  18  7  19 
bbbest=161
 8  20  9  21  10  22  11  23  12  1  13  2  14  3  15  4  16  5  17  6  18  7  19 
bbbest=161
 8  20  9  21  10  22  11  23  12  1  13  2  14  3  15  4  16  5  17  6  18  7  19 
bbbest=161
 8  20  9  21  10  22  11  23  12  1  13  2  14  3  15  4  16  5  17  6  18  7  19 
bbbest=161
 8  20  9  21  10  22  11  23  12  1  13  2  14  3  15  4  16  5  17  6  18  7  19 
bbbest=161
 8  20  9  21  10  22  11  23  12  1  13  2  14  3  15  4  16  5  17  6  18  7  19 
bbbest=161
 8  20  9  21  10  22  11  23  12  1  13  2  14  3  15  4  16  5  17  6  18  7  19 
bbbest=161
 8  20  9  21  10  22  11  23  12  1  13  2  14  3  15  4  16  5  17  6  18  7  19 
bbbest=161
 8  20  9  21  10  22  11  23  12  1  13  2  14  3  15  4  16  5  17  6  18  7  19 
bbbest=161
 8  20  9  21  10  22  11  23  12  1  13  2  14  3  15  4  16  5  17  6  18  7  19 
bbbest=161
 8  20  9  21  10  22  11  23  12  1  13  2  14  3  15  4  16  5  17  6  18  7  19 
bbbest=161
 8  20  9  21  10  22  11  23  12  1  13  2  14  3  15  4  16  5  17  6  18  7  19 
bbbest=161
 8  20  9  21  10  22  11  23  12  1  13  2  14  3  15  4  16  5  17  6  18  7  19 
bbbest=161
 8  20  9  21  10  22  11  23  12  1  13  2  14  3  15  4  16  5  17  6  18  7  19 
bbbest=161
 8  20  9  21  10  22  11  23  12  1  13  2  14  3  15  4  16  5  17  6  18  7  19 
bbbest=161
 8  20  9  21  10  22  11  23  12  1  13  2  14  3  15  4  16  5  17  6  18  7  19 
bbbest=161
 8  20  9  21  10  22  11  23  12  1  13  2  14  3  15  4  16  5  17  6  18  7  19 
bbbest=161
 8  20  9  21  10  22  11  23  12  1  13  2  14  3  15  4  16  5  17  6  18  7  19 
bbbest=161
 8  20  9  21  10  22  11  23  12  1  13  2  14  3  15  4  16  5  17  6  18  7  19 
bbbest=161
 8  20  9  21  10  22  11  23  12  1  13  2  14  3  15  4  16  5  17  6  18  7  19 
bbbest=161
 8  20  9  21  10  22  11  23  12  1  13  2  14  3  15  4  16  5  17  6  18  7  19 
bbbest=161
 8  20  9  21  10  22  11  23  12  1  13  2  14  3  15  4  16  5  17  6  18  7  19 
bbbest=161
 8  20  9  21  10  22  11  23  12  1  13  2  14  3  15  4  16  5  17  6  18  7  19 
mmax=161
 8  20  9  21  10  22  11  23  12  1  13  2  14  3  15  4  16  5  17  6  18  7  19 
