 8  6  9  10  11  3  1  4  2  7  5 
 11  9  5  4  6  2  8  10  3  7  1 
 4  11  6  3  7  2  10  9  8  5  1 
 7  1  6  8  11  2  3  4  5  10  9 
 10  4  7  3  8  11  2  6  5  1  9 
 2  5  8  10  11  1  3  7  6  4  9 
 6  9  7  1  11  2  8  4  5  10  3 
 9  3  10  11  7  6  8  4  5  1  2 
 1  10  9  6  8  7  3  11  5  2  4 
 5  1  10  6  3  9  7  11  8  2  4 
 8  3  11  2  1  10  9  4  5  7  6 
 11  4  1  9  8  5  10  2  3  7  6 
 3  6  2  5  10  9  4  11  1  7  8 
 7  8  3  1  2  10  9  11  6  5  4 
 10  3  8  1  4  11  6  5  2  7  9 
 2  11  4  6  9  8  5  1  3  10  7 
 5  2  4  11  3  9  7  10  6  8  1 
 9  4  6  7  1  3  11  8  5  10  2 
 1  5  6  3  8  7  4  9  11  10  2 
 4  8  7  10  5  6  9  11  2  1  3 
bbbest=35
 8  6  9  10  11  3  1  4  2  7  5 
bbbest=35
 8  6  9  10  11  3  1  4  2  7  5 
bbbest=35
 8  6  9  10  11  3  1  4  2  7  5 
bbbest=35
 8  6  9  10  11  3  1  4  2  7  5 
bbbest=35
 8  6  9  10  11  3  1  4  2  7  5 
bbbest=35
 8  6  9  10  11  3  1  4  2  7  5 
bbbest=35
 8  6  9  10  11  3  1  4  2  7  5 
bbbest=35
 8  6  9  10  11  3  1  4  2  7  5 
bbbest=35
 8  6  9  10  11  3  1  4  2  7  5 
bbbest=35
 8  6  9  10  11  3  1  4  2  7  5 
bbbest=35
 8  6  9  10  11  3  1  4  2  7  5 
bbbest=35
 8  6  9  10  11  3  1  4  2  7  5 
bbbest=35
 8  6  9  10  11  3  1  4  2  7  5 
bbbest=35
 8  6  9  10  11  3  1  4  2  7  5 
bbbest=35
 8  6  9  10  11  3  1  4  2  7  5 
bbbest=35
 8  6  9  10  11  3  1  4  2  7  5 
bbbest=35
 8  6  9  10  11  3  1  4  2  7  5 
bbbest=35
 8  6  9  10  11  3  1  4  2  7  5 
bbbest=35
 8  6  9  10  11  3  1  4  2  7  5 
bbbest=35
 8  6  9  10  11  3  1  4  2  7  5 
bbbest=35
 8  6  9  10  11  3  1  4  2  7  5 
bbbest=35
 8  6  9  10  11  3  1  4  2  7  5 
bbbest=35
 8  6  9  10  11  3  1  4  2  7  5 
bbbest=35
 8  6  9  10  11  3  1  4  2  7  5 
bbbest=35
 8  6  9  10  11  3  1  4  2  7  5 
bbbest=35
 8  6  9  10  11  3  1  4  2  7  5 
bbbest=35
 8  6  9  10  11  3  1  4  2  7  5 
bbbest=35
 8  6  9  10  11  3  1  4  2  7  5 
bbbest=35
 8  6  9  10  11  3  1  4  2  7  5 
bbbest=35
 8  6  9  10  11  3  1  4  2  7  5 
bbbest=35
 8  6  9  10  11  3  1  4  2  7  5 
bbbest=35
 8  6  9  10  11  3  1  4  2  7  5 
bbbest=35
 8  6  9  10  11  3  1  4  2  7  5 
bbbest=35
 8  6  9  10  11  3  1  4  2  7  5 
bbbest=35
 8  6  9  10  11  3  1  4  2  7  5 
bbbest=35
 8  6  9  10  11  3  1  4  2  7  5 
bbbest=35
 8  6  9  10  11  3  1  4  2  7  5 
bbbest=35
 8  6  9  10  11  3  1  4  2  7  5 
bbbest=35
 8  6  9  10  11  3  1  4  2  7  5 
bbbest=35
 8  6  9  10  11  3  1  4  2  7  5 
bbbest=35
 8  6  9  10  11  3  1  4  2  7  5 
bbbest=35
 8  6  9  10  11  3  1  4  2  7  5 
bbbest=35
 8  6  9  10  11  3  1  4  2  7  5 
bbbest=35
 8  6  9  10  11  3  1  4  2  7  5 
bbbest=35
 8  6  9  10  11  3  1  4  2  7  5 
bbbest=35
 8  6  9  10  11  3  1  4  2  7  5 
bbbest=35
 8  6  9  10  11  3  1  4  2  7  5 
bbbest=35
 8  6  9  10  11  3  1  4  2  7  5 
bbbest=35
 8  6  9  10  11  3  1  4  2  7  5 
bbbest=35
 8  6  9  10  11  3  1  4  2  7  5 
bbbest=35
 8  6  9  10  11  3  1  4  2  7  5 
bbbest=35
 8  6  9  10  11  3  1  4  2  7  5 
bbbest=35
 8  6  9  10  11  3  1  4  2  7  5 
bbbest=35
 8  6  9  10  11  3  1  4  2  7  5 
bbbest=35
 8  6  9  10  11  3  1  4  2  7  5 
bbbest=35
 8  6  9  10  11  3  1  4  2  7  5 
bbbest=35
 8  6  9  10  11  3  1  4  2  7  5 
bbbest=35
 8  6  9  10  11  3  1  4  2  7  5 
bbbest=35
 8  6  9  10  11  3  1  4  2  7  5 
bbbest=35
 8  6  9  10  11  3  1  4  2  7  5 
bbbest=35
 8  6  9  10  11  3  1  4  2  7  5 
bbbest=35
 8  6  9  10  11  3  1  4  2  7  5 
bbbest=35
 8  6  9  10  11  3  1  4  2  7  5 
bbbest=35
 8  6  9  10  11  3  1  4  2  7  5 
bbbest=35
 8  6  9  10  11  3  1  4  2  7  5 
bbbest=35
 8  6  9  10  11  3  1  4  2  7  5 
bbbest=35
 8  6  9  10  11  3  1  4  2  7  5 
bbbest=35
 8  6  9  10  11  3  1  4  2  7  5 
bbbest=35
 8  6  9  10  11  3  1  4  2  7  5 
bbbest=35
 8  6  9  10  11  3  1  4  2  7  5 
bbbest=35
 8  6  9  10  11  3  1  4  2  7  5 
bbbest=35
 8  6  9  10  11  3  1  4  2  7  5 
bbbest=35
 8  6  9  10  11  3  1  4  2  7  5 
bbbest=35
 8  6  9  10  11  3  1  4  2  7  5 
bbbest=35
 8  6  9  10  11  3  1  4  2  7  5 
bbbest=35
 8  6  9  10  11  3  1  4  2  7  5 
bbbest=35
 8  6  9  10  11  3  1  4  2  7  5 
bbbest=35
 8  6  9  10  11  3  1  4  2  7  5 
bbbest=35
 8  6  9  10  11  3  1  4  2  7  5 
bbbest=35
 8  6  9  10  11  3  1  4  2  7  5 
bbbest=35
 8  6  9  10  11  3  1  4  2  7  5 
bbbest=35
 8  6  9  10  11  3  1  4  2  7  5 
bbbest=35
 8  6  9  10  11  3  1  4  2  7  5 
bbbest=35
 8  6  9  10  11  3  1  4  2  7  5 
bbbest=35
 8  6  9  10  11  3  1  4  2  7  5 
bbbest=35
 8  6  9  10  11  3  1  4  2  7  5 
bbbest=35
 8  6  9  10  11  3  1  4  2  7  5 
bbbest=35
 8  6  9  10  11  3  1  4  2  7  5 
bbbest=35
 8  6  9  10  11  3  1  4  2  7  5 
bbbest=35
 8  6  9  10  11  3  1  4  2  7  5 
bbbest=35
 8  6  9  10  11  3  1  4  2  7  5 
bbbest=35
 8  6  9  10  11  3  1  4  2  7  5 
bbbest=35
 8  6  9  10  11  3  1  4  2  7  5 
bbbest=35
 8  6  9  10  11  3  1  4  2  7  5 
bbbest=35
 8  6  9  10  11  3  1  4  2  7  5 
bbbest=35
 8  6  9  10  11  3  1  4  2  7  5 
bbbest=35
 8  6  9  10  11  3  1  4  2  7  5 
bbbest=35
 8  6  9  10  11  3  1  4  2  7  5 
bbbest=35
 8  6  9  10  11  3  1  4  2  7  5 
bbbest=35
 8  6  9  10  11  3  1  4  2  7  5 
bbbest=35
 8  6  9  10  11  3  1  4  2  7  5 
bbbest=35
 8  6  9  10  11  3  1  4  2  7  5 
bbbest=35
 8  6  9  10  11  3  1  4  2  7  5 
bbbest=35
 8  6  9  10  11  3  1  4  2  7  5 
bbbest=35
 8  6  9  10  11  3  1  4  2  7  5 
bbbest=35
 8  6  9  10  11  3  1  4  2  7  5 
bbbest=35
 8  6  9  10  11  3  1  4  2  7  5 
bbbest=35
 8  6  9  10  11  3  1  4  2  7  5 
bbbest=35
 8  6  9  10  11  3  1  4  2  7  5 
bbbest=35
 8  6  9  10  11  3  1  4  2  7  5 
bbbest=35
 8  6  9  10  11  3  1  4  2  7  5 
bbbest=35
 8  6  9  10  11  3  1  4  2  7  5 
bbbest=35
 8  6  9  10  11  3  1  4  2  7  5 
bbbest=35
 8  6  9  10  11  3  1  4  2  7  5 
bbbest=35
 8  6  9  10  11  3  1  4  2  7  5 
bbbest=35
 8  6  9  10  11  3  1  4  2  7  5 
bbbest=35
 8  6  9  10  11  3  1  4  2  7  5 
bbbest=35
 8  6  9  10  11  3  1  4  2  7  5 
bbbest=35
 8  6  9  10  11  3  1  4  2  7  5 
bbbest=35
 8  6  9  10  11  3  1  4  2  7  5 
bbbest=35
 8  6  9  10  11  3  1  4  2  7  5 
bbbest=35
 8  6  9  10  11  3  1  4  2  7  5 
bbbest=35
 8  6  9  10  11  3  1  4  2  7  5 
bbbest=35
 8  6  9  10  11  3  1  4  2  7  5 
bbbest=35
 8  6  9  10  11  3  1  4  2  7  5 
bbbest=35
 8  6  9  10  11  3  1  4  2  7  5 
bbbest=35
 8  6  9  10  11  3  1  4  2  7  5 
bbbest=35
 8  6  9  10  11  3  1  4  2  7  5 
bbbest=35
 8  6  9  10  11  3  1  4  2  7  5 
bbbest=35
 8  6  9  10  11  3  1  4  2  7  5 
bbbest=35
 8  6  9  10  11  3  1  4  2  7  5 
bbbest=35
 8  6  9  10  11  3  1  4  2  7  5 
bbbest=35
 8  6  9  10  11  3  1  4  2  7  5 
bbbest=35
 8  6  9  10  11  3  1  4  2  7  5 
bbbest=35
 8  6  9  10  11  3  1  4  2  7  5 
bbbest=35
 8  6  9  10  11  3  1  4  2  7  5 
bbbest=35
 8  6  9  10  11  3  1  4  2  7  5 
bbbest=35
 8  6  9  10  11  3  1  4  2  7  5 
bbbest=35
 8  6  9  10  11  3  1  4  2  7  5 
bbbest=35
 8  6  9  10  11  3  1  4  2  7  5 
bbbest=35
 8  6  9  10  11  3  1  4  2  7  5 
bbbest=35
 8  6  9  10  11  3  1  4  2  7  5 
bbbest=35
 8  6  9  10  11  3  1  4  2  7  5 
bbbest=35
 8  6  9  10  11  3  1  4  2  7  5 
bbbest=35
 8  6  9  10  11  3  1  4  2  7  5 
bbbest=35
 8  6  9  10  11  3  1  4  2  7  5 
bbbest=35
 8  6  9  10  11  3  1  4  2  7  5 
bbbest=35
 8  6  9  10  11  3  1  4  2  7  5 
bbbest=35
 8  6  9  10  11  3  1  4  2  7  5 
bbbest=35
 8  6  9  10  11  3  1  4  2  7  5 
bbbest=35
 8  6  9  10  11  3  1  4  2  7  5 
bbbest=35
 8  6  9  10  11  3  1  4  2  7  5 
bbbest=35
 8  6  9  10  11  3  1  4  2  7  5 
bbbest=35
 8  6  9  10  11  3  1  4  2  7  5 
bbbest=35
 8  6  9  10  11  3  1  4  2  7  5 
bbbest=35
 8  6  9  10  11  3  1  4  2  7  5 
bbbest=35
 8  6  9  10  11  3  1  4  2  7  5 
bbbest=35
 8  6  9  10  11  3  1  4  2  7  5 
bbbest=35
 8  6  9  10  11  3  1  4  2  7  5 
bbbest=35
 8  6  9  10  11  3  1  4  2  7  5 
bbbest=35
 8  6  9  10  11  3  1  4  2  7  5 
bbbest=35
 8  6  9  10  11  3  1  4  2  7  5 
bbbest=35
 8  6  9  10  11  3  1  4  2  7  5 
bbbest=35
 8  6  9  10  11  3  1  4  2  7  5 
bbbest=35
 8  6  9  10  11  3  1  4  2  7  5 
bbbest=35
 8  6  9  10  11  3  1  4  2  7  5 
bbbest=35
 8  6  9  10  11  3  1  4  2  7  5 
bbbest=35
 8  6  9  10  11  3  1  4  2  7  5 
bbbest=35
 8  6  9  10  11  3  1  4  2  7  5 
bbbest=35
 8  6  9  10  11  3  1  4  2  7  5 
bbbest=35
 8  6  9  10  11  3  1  4  2  7  5 
bbbest=35
 8  6  9  10  11  3  1  4  2  7  5 
bbbest=35
 8  6  9  10  11  3  1  4  2  7  5 
bbbest=35
 8  6  9  10  11  3  1  4  2  7  5 
bbbest=35
 8  6  9  10  11  3  1  4  2  7  5 
bbbest=35
 8  6  9  10  11  3  1  4  2  7  5 
bbbest=35
 8  6  9  10  11  3  1  4  2  7  5 
bbbest=35
 8  6  9  10  11  3  1  4  2  7  5 
bbbest=35
 8  6  9  10  11  3  1  4  2  7  5 
bbbest=35
 8  6  9  10  11  3  1  4  2  7  5 
bbbest=35
 8  6  9  10  11  3  1  4  2  7  5 
bbbest=35
 8  6  9  10  11  3  1  4  2  7  5 
bbbest=35
 8  6  9  10  11  3  1  4  2  7  5 
bbbest=35
 8  6  9  10  11  3  1  4  2  7  5 
bbbest=35
 8  6  9  10  11  3  1  4  2  7  5 
bbbest=35
 8  6  9  10  11  3  1  4  2  7  5 
bbbest=35
 8  6  9  10  11  3  1  4  2  7  5 
bbbest=35
 8  6  9  10  11  3  1  4  2  7  5 
bbbest=35
 8  6  9  10  11  3  1  4  2  7  5 
bbbest=35
 8  6  9  10  11  3  1  4  2  7  5 
bbbest=35
 8  6  9  10  11  3  1  4  2  7  5 
bbbest=35
 8  6  9  10  11  3  1  4  2  7  5 
bbbest=35
 8  6  9  10  11  3  1  4  2  7  5 
bbbest=35
 8  6  9  10  11  3  1  4  2  7  5 
bbbest=35
 8  6  9  10  11  3  1  4  2  7  5 
bbbest=35
 8  6  9  10  11  3  1  4  2  7  5 
bbbest=35
 8  6  9  10  11  3  1  4  2  7  5 
bbbest=35
 8  6  9  10  11  3  1  4  2  7  5 
bbbest=35
 8  6  9  10  11  3  1  4  2  7  5 
bbbest=35
 8  6  9  10  11  3  1  4  2  7  5 
bbbest=35
 8  6  9  10  11  3  1  4  2  7  5 
bbbest=35
 8  6  9  10  11  3  1  4  2  7  5 
bbbest=35
 8  6  9  10  11  3  1  4  2  7  5 
bbbest=35
 8  6  9  10  11  3  1  4  2  7  5 
bbbest=35
 8  6  9  10  11  3  1  4  2  7  5 
bbbest=35
 8  6  9  10  11  3  1  4  2  7  5 
bbbest=35
 8  6  9  10  11  3  1  4  2  7  5 
bbbest=35
 8  6  9  10  11  3  1  4  2  7  5 
bbbest=35
 8  6  9  10  11  3  1  4  2  7  5 
bbbest=35
 8  6  9  10  11  3  1  4  2  7  5 
bbbest=35
 8  6  9  10  11  3  1  4  2  7  5 
bbbest=35
 8  6  9  10  11  3  1  4  2  7  5 
bbbest=35
 8  6  9  10  11  3  1  4  2  7  5 
bbbest=35
 8  6  9  10  11  3  1  4  2  7  5 
bbbest=35
 8  6  9  10  11  3  1  4  2  7  5 
bbbest=35
 8  6  9  10  11  3  1  4  2  7  5 
bbbest=35
 8  6  9  10  11  3  1  4  2  7  5 
bbbest=35
 8  6  9  10  11  3  1  4  2  7  5 
bbbest=35
 8  6  9  10  11  3  1  4  2  7  5 
bbbest=35
 8  6  9  10  11  3  1  4  2  7  5 
bbbest=35
 8  6  9  10  11  3  1  4  2  7  5 
bbbest=35
 8  6  9  10  11  3  1  4  2  7  5 
bbbest=35
 8  6  9  10  11  3  1  4  2  7  5 
bbbest=35
 8  6  9  10  11  3  1  4  2  7  5 
bbbest=35
 8  6  9  10  11  3  1  4  2  7  5 
bbbest=35
 8  6  9  10  11  3  1  4  2  7  5 
bbbest=35
 8  6  9  10  11  3  1  4  2  7  5 
bbbest=35
 8  6  9  10  11  3  1  4  2  7  5 
bbbest=35
 8  6  9  10  11  3  1  4  2  7  5 
bbbest=35
 8  6  9  10  11  3  1  4  2  7  5 
bbbest=35
 8  6  9  10  11  3  1  4  2  7  5 
bbbest=35
 8  6  9  10  11  3  1  4  2  7  5 
bbbest=35
 8  6  9  10  11  3  1  4  2  7  5 
bbbest=35
 8  6  9  10  11  3  1  4  2  7  5 
bbbest=35
 8  6  9  10  11  3  1  4  2  7  5 
bbbest=35
 8  6  9  10  11  3  1  4  2  7  5 
bbbest=35
 8  6  9  10  11  3  1  4  2  7  5 
bbbest=35
 8  6  9  10  11  3  1  4  2  7  5 
bbbest=35
 8  6  9  10  11  3  1  4  2  7  5 
bbbest=35
 8  6  9  10  11  3  1  4  2  7  5 
bbbest=35
 8  6  9  10  11  3  1  4  2  7  5 
bbbest=35
 8  6  9  10  11  3  1  4  2  7  5 
bbbest=35
 8  6  9  10  11  3  1  4  2  7  5 
bbbest=35
 8  6  9  10  11  3  1  4  2  7  5 
bbbest=35
 8  6  9  10  11  3  1  4  2  7  5 
bbbest=35
 8  6  9  10  11  3  1  4  2  7  5 
bbbest=35
 8  6  9  10  11  3  1  4  2  7  5 
bbbest=35
 8  6  9  10  11  3  1  4  2  7  5 
bbbest=35
 8  6  9  10  11  3  1  4  2  7  5 
bbbest=35
 8  6  9  10  11  3  1  4  2  7  5 
bbbest=35
 8  6  9  10  11  3  1  4  2  7  5 
bbbest=35
 8  6  9  10  11  3  1  4  2  7  5 
bbbest=35
 8  6  9  10  11  3  1  4  2  7  5 
bbbest=35
 8  6  9  10  11  3  1  4  2  7  5 
bbbest=35
 8  6  9  10  11  3  1  4  2  7  5 
bbbest=35
 8  6  9  10  11  3  1  4  2  7  5 
bbbest=35
 8  6  9  10  11  3  1  4  2  7  5 
bbbest=35
 8  6  9  10  11  3  1  4  2  7  5 
bbbest=35
 8  6  9  10  11  3  1  4  2  7  5 
bbbest=35
 8  6  9  10  11  3  1  4  2  7  5 
bbbest=35
 8  6  9  10  11  3  1  4  2  7  5 
bbbest=35
 8  6  9  10  11  3  1  4  2  7  5 
bbbest=35
 8  6  9  10  11  3  1  4  2  7  5 
bbbest=35
 8  6  9  10  11  3  1  4  2  7  5 
bbbest=35
 8  6  9  10  11  3  1  4  2  7  5 
bbbest=35
 8  6  9  10  11  3  1  4  2  7  5 
bbbest=35
 8  6  9  10  11  3  1  4  2  7  5 
bbbest=35
 8  6  9  10  11  3  1  4  2  7  5 
bbbest=35
 8  6  9  10  11  3  1  4  2  7  5 
bbbest=35
 8  6  9  10  11  3  1  4  2  7  5 
bbbest=35
 8  6  9  10  11  3  1  4  2  7  5 
bbbest=35
 8  6  9  10  11  3  1  4  2  7  5 
bbbest=35
 8  6  9  10  11  3  1  4  2  7  5 
bbbest=35
 8  6  9  10  11  3  1  4  2  7  5 
bbbest=35
 8  6  9  10  11  3  1  4  2  7  5 
bbbest=35
 8  6  9  10  11  3  1  4  2  7  5 
bbbest=35
 8  6  9  10  11  3  1  4  2  7  5 
bbbest=35
 8  6  9  10  11  3  1  4  2  7  5 
bbbest=35
 8  6  9  10  11  3  1  4  2  7  5 
bbbest=35
 8  6  9  10  11  3  1  4  2  7  5 
bbbest=35
 8  6  9  10  11  3  1  4  2  7  5 
bbbest=35
 8  6  9  10  11  3  1  4  2  7  5 
bbbest=35
 8  6  9  10  11  3  1  4  2  7  5 
bbbest=35
 8  6  9  10  11  3  1  4  2  7  5 
bbbest=35
 8  6  9  10  11  3  1  4  2  7  5 
bbbest=35
 8  6  9  10  11  3  1  4  2  7  5 
bbbest=35
 8  6  9  10  11  3  1  4  2  7  5 
bbbest=35
 8  6  9  10  11  3  1  4  2  7  5 
bbbest=35
 8  6  9  10  11  3  1  4  2  7  5 
bbbest=35
 8  6  9  10  11  3  1  4  2  7  5 
bbbest=35
 8  6  9  10  11  3  1  4  2  7  5 
bbbest=35
 8  6  9  10  11  3  1  4  2  7  5 
bbbest=35
 8  6  9  10  11  3  1  4  2  7  5 
bbbest=35
 8  6  9  10  11  3  1  4  2  7  5 
bbbest=35
 8  6  9  10  11  3  1  4  2  7  5 
bbbest=35
 8  6  9  10  11  3  1  4  2  7  5 
bbbest=35
 8  6  9  10  11  3  1  4  2  7  5 
bbbest=35
 8  6  9  10  11  3  1  4  2  7  5 
bbbest=35
 8  6  9  10  11  3  1  4  2  7  5 
bbbest=35
 8  6  9  10  11  3  1  4  2  7  5 
bbbest=35
 8  6  9  10  11  3  1  4  2  7  5 
bbbest=35
 8  6  9  10  11  3  1  4  2  7  5 
bbbest=35
 8  6  9  10  11  3  1  4  2  7  5 
bbbest=35
 8  6  9  10  11  3  1  4  2  7  5 
bbbest=35
 8  6  9  10  11  3  1  4  2  7  5 
bbbest=35
 8  6  9  10  11  3  1  4  2  7  5 
bbbest=35
 8  6  9  10  11  3  1  4  2  7  5 
bbbest=35
 8  6  9  10  11  3  1  4  2  7  5 
bbbest=35
 8  6  9  10  11  3  1  4  2  7  5 
bbbest=35
 8  6  9  10  11  3  1  4  2  7  5 
bbbest=35
 8  6  9  10  11  3  1  4  2  7  5 
bbbest=35
 8  6  9  10  11  3  1  4  2  7  5 
bbbest=35
 8  6  9  10  11  3  1  4  2  7  5 
bbbest=35
 8  6  9  10  11  3  1  4  2  7  5 
bbbest=35
 8  6  9  10  11  3  1  4  2  7  5 
bbbest=35
 8  6  9  10  11  3  1  4  2  7  5 
bbbest=35
 8  6  9  10  11  3  1  4  2  7  5 
bbbest=35
 8  6  9  10  11  3  1  4  2  7  5 
bbbest=35
 8  6  9  10  11  3  1  4  2  7  5 
bbbest=35
 8  6  9  10  11  3  1  4  2  7  5 
bbbest=35
 8  6  9  10  11  3  1  4  2  7  5 
bbbest=35
 8  6  9  10  11  3  1  4  2  7  5 
bbbest=35
 8  6  9  10  11  3  1  4  2  7  5 
bbbest=35
 8  6  9  10  11  3  1  4  2  7  5 
bbbest=35
 8  6  9  10  11  3  1  4  2  7  5 
bbbest=35
 8  6  9  10  11  3  1  4  2  7  5 
bbbest=35
 8  6  9  10  11  3  1  4  2  7  5 
bbbest=35
 8  6  9  10  11  3  1  4  2  7  5 
bbbest=35
 8  6  9  10  11  3  1  4  2  7  5 
bbbest=35
 8  6  9  10  11  3  1  4  2  7  5 
bbbest=35
 8  6  9  10  11  3  1  4  2  7  5 
bbbest=35
 8  6  9  10  11  3  1  4  2  7  5 
bbbest=35
 8  6  9  10  11  3  1  4  2  7  5 
bbbest=35
 8  6  9  10  11  3  1  4  2  7  5 
bbbest=35
 8  6  9  10  11  3  1  4  2  7  5 
bbbest=35
 8  6  9  10  11  3  1  4  2  7  5 
bbbest=35
 8  6  9  10  11  3  1  4  2  7  5 
bbbest=35
 8  6  9  10  11  3  1  4  2  7  5 
bbbest=35
 8  6  9  10  11  3  1  4  2  7  5 
bbbest=35
 8  6  9  10  11  3  1  4  2  7  5 
bbbest=35
 8  6  9  10  11  3  1  4  2  7  5 
bbbest=35
 8  6  9  10  11  3  1  4  2  7  5 
bbbest=35
 8  6  9  10  11  3  1  4  2  7  5 
bbbest=35
 8  6  9  10  11  3  1  4  2  7  5 
bbbest=35
 8  6  9  10  11  3  1  4  2  7  5 
bbbest=35
 8  6  9  10  11  3  1  4  2  7  5 
bbbest=35
 8  6  9  10  11  3  1  4  2  7  5 
bbbest=35
 8  6  9  10  11  3  1  4  2  7  5 
bbbest=35
 8  6  9  10  11  3  1  4  2  7  5 
bbbest=35
 8  6  9  10  11  3  1  4  2  7  5 
bbbest=35
 8  6  9  10  11  3  1  4  2  7  5 
bbbest=35
 8  6  9  10  11  3  1  4  2  7  5 
bbbest=35
 8  6  9  10  11  3  1  4  2  7  5 
bbbest=35
 8  6  9  10  11  3  1  4  2  7  5 
bbbest=35
 8  6  9  10  11  3  1  4  2  7  5 
bbbest=35
 8  6  9  10  11  3  1  4  2  7  5 
bbbest=35
 8  6  9  10  11  3  1  4  2  7  5 
bbbest=35
 8  6  9  10  11  3  1  4  2  7  5 
bbbest=35
 8  6  9  10  11  3  1  4  2  7  5 
bbbest=35
 8  6  9  10  11  3  1  4  2  7  5 
bbbest=35
 8  6  9  10  11  3  1  4  2  7  5 
bbbest=35
 8  6  9  10  11  3  1  4  2  7  5 
bbbest=35
 8  6  9  10  11  3  1  4  2  7  5 
bbbest=35
 8  6  9  10  11  3  1  4  2  7  5 
bbbest=35
 8  6  9  10  11  3  1  4  2  7  5 
bbbest=35
 8  6  9  10  11  3  1  4  2  7  5 
bbbest=35
 8  6  9  10  11  3  1  4  2  7  5 
bbbest=35
 8  6  9  10  11  3  1  4  2  7  5 
bbbest=35
 8  6  9  10  11  3  1  4  2  7  5 
bbbest=35
 8  6  9  10  11  3  1  4  2  7  5 
bbbest=35
 8  6  9  10  11  3  1  4  2  7  5 
bbbest=35
 8  6  9  10  11  3  1  4  2  7  5 
bbbest=35
 8  6  9  10  11  3  1  4  2  7  5 
bbbest=35
 8  6  9  10  11  3  1  4  2  7  5 
bbbest=35
 8  6  9  10  11  3  1  4  2  7  5 
bbbest=35
 8  6  9  10  11  3  1  4  2  7  5 
bbbest=35
 8  6  9  10  11  3  1  4  2  7  5 
bbbest=35
 8  6  9  10  11  3  1  4  2  7  5 
bbbest=35
 8  6  9  10  11  3  1  4  2  7  5 
bbbest=35
 8  6  9  10  11  3  1  4  2  7  5 
bbbest=35
 8  6  9  10  11  3  1  4  2  7  5 
bbbest=35
 8  6  9  10  11  3  1  4  2  7  5 
bbbest=35
 8  6  9  10  11  3  1  4  2  7  5 
bbbest=35
 8  6  9  10  11  3  1  4  2  7  5 
bbbest=35
 8  6  9  10  11  3  1  4  2  7  5 
bbbest=35
 8  6  9  10  11  3  1  4  2  7  5 
bbbest=35
 8  6  9  10  11  3  1  4  2  7  5 
bbbest=35
 8  6  9  10  11  3  1  4  2  7  5 
bbbest=35
 8  6  9  10  11  3  1  4  2  7  5 
bbbest=35
 8  6  9  10  11  3  1  4  2  7  5 
bbbest=35
 8  6  9  10  11  3  1  4  2  7  5 
bbbest=35
 8  6  9  10  11  3  1  4  2  7  5 
bbbest=35
 8  6  9  10  11  3  1  4  2  7  5 
bbbest=35
 8  6  9  10  11  3  1  4  2  7  5 
bbbest=35
 8  6  9  10  11  3  1  4  2  7  5 
bbbest=35
 8  6  9  10  11  3  1  4  2  7  5 
bbbest=35
 8  6  9  10  11  3  1  4  2  7  5 
bbbest=35
 8  6  9  10  11  3  1  4  2  7  5 
bbbest=35
 8  6  9  10  11  3  1  4  2  7  5 
bbbest=35
 8  6  9  10  11  3  1  4  2  7  5 
mmax=35
 8  6  9  10  11  3  1  4  2  7  5 
