 23  27  6  3  31  8  5  10  28  15  17  25  4  24  12  13  14  22  1  19  29  2  7  11  16  20  21  26  30  9  18 
 21  18  4  17  16  9  8  5  2  23  1  31  3  10  19  6  15  26  22  12  27  7  14  13  28  24  29  20  25  30  11 
 24  9  11  8  6  21  26  23  30  18  4  22  14  5  12  15  13  27  1  10  28  2  7  29  19  20  16  3  25  31  17 
 27  31  18  17  30  3  12  14  7  8  10  2  1  13  9  20  16  19  22  15  29  28  11  5  26  6  4  24  25  21  23 
 31  23  26  24  22  17  14  30  3  13  6  5  10  11  15  4  28  19  18  21  2  9  1  25  27  7  12  8  29  20  16 
 3  13  2  31  6  27  17  19  24  21  26  29  18  12  22  30  25  15  4  20  11  28  9  1  16  8  10  23  7  5  14 
 6  4  11  27  8  7  14  28  21  20  1  19  25  16  3  17  12  30  23  10  26  18  15  9  29  24  22  5  31  13  2 
 9  27  18  13  16  21  4  26  22  5  12  20  14  25  10  8  30  17  15  28  7  2  6  29  11  1  23  24  19  3  31 
 13  17  26  19  5  2  8  14  25  11  3  30  4  18  23  22  15  6  20  7  29  9  31  27  24  21  12  16  10  1  28 
 16  9  2  26  15  3  18  27  14  22  21  23  11  1  29  30  13  12  20  7  19  28  5  8  25  4  31  10  6  24  17 
 19  31  10  1  16  27  14  21  6  25  30  7  9  23  13  5  8  26  24  28  2  11  12  20  4  29  22  18  17  3  15 
 22  17  8  6  9  31  10  27  1  12  11  4  25  24  26  15  7  14  13  3  16  19  28  2  20  30  5  23  21  18  29 
 26  13  14  21  18  29  17  8  25  15  2  31  27  4  28  23  24  16  10  11  30  6  12  7  1  19  3  5  22  9  20 
 29  4  2  21  5  16  17  7  15  20  26  25  14  30  31  27  28  3  11  1  24  6  22  10  9  12  13  8  18  19  23 
 1  27  9  28  6  15  22  5  29  23  20  24  17  21  3  31  25  16  8  18  7  14  10  30  2  4  12  26  11  19  13 
 5  17  3  18  26  9  24  19  30  2  28  11  4  13  21  16  31  10  23  29  27  12  14  25  22  7  15  20  6  1  8 
 8  24  9  10  15  27  12  6  2  1  13  20  4  25  19  28  17  18  26  3  23  30  31  14  5  21  11  29  22  7  16 
 11  31  2  17  5  20  14  1  30  13  28  6  24  8  29  26  27  3  23  7  10  16  15  9  22  19  12  25  21  4  18 
 14  21  9  23  26  2  31  19  20  10  15  4  7  8  5  27  24  17  11  18  16  22  25  6  12  28  29  30  1  13  3 
 18  13  17  29  15  14  8  10  27  23  30  11  16  9  21  5  19  6  28  31  22  2  24  3  25  12  4  7  20  26  1 
bbbest=281
 27  14  21  18  28  6  15  22  29  23  16  31  25  30  1  3  8  10  17  5  19  24  2  7  4  12  26  9  11  13  20 
bbbest=282
 27  14  21  18  28  6  15  22  29  16  23  31  25  30  1  3  8  10  17  5  19  24  2  7  4  12  26  9  11  13  20 
bbbest=282
 27  14  21  18  28  6  15  22  29  16  23  31  25  30  1  3  8  10  17  5  19  24  2  7  4  12  26  9  11  13  20 
bbbest=282
 27  14  21  18  28  6  15  22  29  16  23  31  25  30  1  3  8  10  17  5  19  24  2  7  4  12  26  9  11  13  20 
bbbest=282
 27  14  21  18  28  6  15  22  29  16  23  31  25  30  1  3  8  10  17  5  19  24  2  7  4  12  26  9  11  13  20 
bbbest=282
 27  14  21  18  28  6  15  22  29  16  23  31  25  30  1  3  8  10  17  5  19  24  2  7  4  12  26  9  11  13  20 
bbbest=282
 27  14  21  18  28  6  15  22  29  16  23  31  25  30  1  3  8  10  17  5  19  24  2  7  4  12  26  9  11  13  20 
bbbest=282
 27  14  21  18  28  6  15  22  29  16  23  31  25  30  1  3  8  10  17  5  19  24  2  7  4  12  26  9  11  13  20 
bbbest=282
 27  14  21  18  28  6  15  22  29  16  23  31  25  30  1  3  8  10  17  5  19  24  2  7  4  12  26  9  11  13  20 
bbbest=282
 27  14  21  18  28  6  15  22  29  16  23  31  25  30  1  3  8  10  17  5  19  24  2  7  4  12  26  9  11  13  20 
bbbest=282
 27  14  21  18  28  6  15  22  29  16  23  31  25  30  1  3  8  10  17  5  19  24  2  7  4  12  26  9  11  13  20 
bbbest=282
 27  14  21  18  28  6  15  22  29  16  23  31  25  30  1  3  8  10  17  5  19  24  2  7  4  12  26  9  11  13  20 
bbbest=282
 27  14  21  18  28  6  15  22  29  16  23  31  25  30  1  3  8  10  17  5  19  24  2  7  4  12  26  9  11  13  20 
bbbest=282
 27  14  21  18  28  6  15  22  29  16  23  31  25  30  1  3  8  10  17  5  19  24  2  7  4  12  26  9  11  13  20 
bbbest=282
 27  14  21  18  28  6  15  22  29  16  23  31  25  30  1  3  8  10  17  5  19  24  2  7  4  12  26  9  11  13  20 
bbbest=282
 27  14  21  18  28  6  15  22  29  16  23  31  25  30  1  3  8  10  17  5  19  24  2  7  4  12  26  9  11  13  20 
bbbest=282
 27  14  21  18  28  6  15  22  29  16  23  31  25  30  1  3  8  10  17  5  19  24  2  7  4  12  26  9  11  13  20 
bbbest=282
 27  14  21  18  28  6  15  22  29  16  23  31  25  30  1  3  8  10  17  5  19  24  2  7  4  12  26  9  11  13  20 
bbbest=282
 27  14  21  18  28  6  15  22  29  16  23  31  25  30  1  3  8  10  17  5  19  24  2  7  4  12  26  9  11  13  20 
bbbest=282
 27  14  21  18  28  6  15  22  29  16  23  31  25  30  1  3  8  10  17  5  19  24  2  7  4  12  26  9  11  13  20 
bbbest=282
 27  14  21  18  28  6  15  22  29  16  23  31  25  30  1  3  8  10  17  5  19  24  2  7  4  12  26  9  11  13  20 
bbbest=282
 27  14  21  18  28  6  15  22  29  16  23  31  25  30  1  3  8  10  17  5  19  24  2  7  4  12  26  9  11  13  20 
bbbest=282
 27  14  21  18  28  6  15  22  29  16  23  31  25  30  1  3  8  10  17  5  19  24  2  7  4  12  26  9  11  13  20 
bbbest=282
 27  14  21  18  28  6  15  22  29  16  23  31  25  30  1  3  8  10  17  5  19  24  2  7  4  12  26  9  11  13  20 
bbbest=282
 27  14  21  18  28  6  15  22  29  16  23  31  25  30  1  3  8  10  17  5  19  24  2  7  4  12  26  9  11  13  20 
bbbest=282
 27  14  21  18  28  6  15  22  29  16  23  31  25  30  1  3  8  10  17  5  19  24  2  7  4  12  26  9  11  13  20 
bbbest=282
 27  14  21  18  28  6  15  22  29  16  23  31  25  30  1  3  8  10  17  5  19  24  2  7  4  12  26  9  11  13  20 
bbbest=282
 27  14  21  18  28  6  15  22  29  16  23  31  25  30  1  3  8  10  17  5  19  24  2  7  4  12  26  9  11  13  20 
bbbest=282
 27  14  21  18  28  6  15  22  29  16  23  31  25  30  1  3  8  10  17  5  19  24  2  7  4  12  26  9  11  13  20 
bbbest=282
 27  14  21  18  28  6  15  22  29  16  23  31  25  30  1  3  8  10  17  5  19  24  2  7  4  12  26  9  11  13  20 
bbbest=282
 27  14  21  18  28  6  15  22  29  16  23  31  25  30  1  3  8  10  17  5  19  24  2  7  4  12  26  9  11  13  20 
bbbest=282
 27  14  21  18  28  6  15  22  29  16  23  31  25  30  1  3  8  10  17  5  19  24  2  7  4  12  26  9  11  13  20 
bbbest=282
 27  14  21  18  28  6  15  22  29  16  23  31  25  30  1  3  8  10  17  5  19  24  2  7  4  12  26  9  11  13  20 
bbbest=282
 27  14  21  18  28  6  15  22  29  16  23  31  25  30  1  3  8  10  17  5  19  24  2  7  4  12  26  9  11  13  20 
bbbest=282
 27  14  21  18  28  6  15  22  29  16  23  31  25  30  1  3  8  10  17  5  19  24  2  7  4  12  26  9  11  13  20 
bbbest=282
 27  14  21  18  28  6  15  22  29  16  23  31  25  30  1  3  8  10  17  5  19  24  2  7  4  12  26  9  11  13  20 
bbbest=282
 27  14  21  18  28  6  15  22  29  16  23  31  25  30  1  3  8  10  17  5  19  24  2  7  4  12  26  9  11  13  20 
bbbest=282
 27  14  21  18  28  6  15  22  29  16  23  31  25  30  1  3  8  10  17  5  19  24  2  7  4  12  26  9  11  13  20 
bbbest=282
 27  14  21  18  28  6  15  22  29  16  23  31  25  30  1  3  8  10  17  5  19  24  2  7  4  12  26  9  11  13  20 
bbbest=282
 27  14  21  18  28  6  15  22  29  16  23  31  25  30  1  3  8  10  17  5  19  24  2  7  4  12  26  9  11  13  20 
bbbest=282
 27  14  21  18  28  6  15  22  29  16  23  31  25  30  1  3  8  10  17  5  19  24  2  7  4  12  26  9  11  13  20 
bbbest=282
 27  14  21  18  28  6  15  22  29  16  23  31  25  30  1  3  8  10  17  5  19  24  2  7  4  12  26  9  11  13  20 
bbbest=282
 27  14  21  18  28  6  15  22  29  16  23  31  25  30  1  3  8  10  17  5  19  24  2  7  4  12  26  9  11  13  20 
bbbest=282
 27  14  21  18  28  6  15  22  29  16  23  31  25  30  1  3  8  10  17  5  19  24  2  7  4  12  26  9  11  13  20 
bbbest=282
 27  14  21  18  28  6  15  22  29  16  23  31  25  30  1  3  8  10  17  5  19  24  2  7  4  12  26  9  11  13  20 
bbbest=282
 27  14  21  18  28  6  15  22  29  16  23  31  25  30  1  3  8  10  17  5  19  24  2  7  4  12  26  9  11  13  20 
bbbest=282
 27  14  21  18  28  6  15  22  29  16  23  31  25  30  1  3  8  10  17  5  19  24  2  7  4  12  26  9  11  13  20 
bbbest=282
 27  14  21  18  28  6  15  22  29  16  23  31  25  30  1  3  8  10  17  5  19  24  2  7  4  12  26  9  11  13  20 
bbbest=282
 27  14  21  18  28  6  15  22  29  16  23  31  25  30  1  3  8  10  17  5  19  24  2  7  4  12  26  9  11  13  20 
bbbest=282
 27  14  21  18  28  6  15  22  29  16  23  31  25  30  1  3  8  10  17  5  19  24  2  7  4  12  26  9  11  13  20 
bbbest=282
 27  14  21  18  28  6  15  22  29  16  23  31  25  30  1  3  8  10  17  5  19  24  2  7  4  12  26  9  11  13  20 
bbbest=282
 27  14  21  18  28  6  15  22  29  16  23  31  25  30  1  3  8  10  17  5  19  24  2  7  4  12  26  9  11  13  20 
bbbest=282
 27  14  21  18  28  6  15  22  29  16  23  31  25  30  1  3  8  10  17  5  19  24  2  7  4  12  26  9  11  13  20 
bbbest=282
 27  14  21  18  28  6  15  22  29  16  23  31  25  30  1  3  8  10  17  5  19  24  2  7  4  12  26  9  11  13  20 
bbbest=282
 27  14  21  18  28  6  15  22  29  16  23  31  25  30  1  3  8  10  17  5  19  24  2  7  4  12  26  9  11  13  20 
bbbest=282
 27  14  21  18  28  6  15  22  29  16  23  31  25  30  1  3  8  10  17  5  19  24  2  7  4  12  26  9  11  13  20 
bbbest=282
 27  14  21  18  28  6  15  22  29  16  23  31  25  30  1  3  8  10  17  5  19  24  2  7  4  12  26  9  11  13  20 
bbbest=282
 27  14  21  18  28  6  15  22  29  16  23  31  25  30  1  3  8  10  17  5  19  24  2  7  4  12  26  9  11  13  20 
bbbest=282
 27  14  21  18  28  6  15  22  29  16  23  31  25  30  1  3  8  10  17  5  19  24  2  7  4  12  26  9  11  13  20 
bbbest=282
 27  14  21  18  28  6  15  22  29  16  23  31  25  30  1  3  8  10  17  5  19  24  2  7  4  12  26  9  11  13  20 
bbbest=282
 27  14  21  18  28  6  15  22  29  16  23  31  25  30  1  3  8  10  17  5  19  24  2  7  4  12  26  9  11  13  20 
bbbest=282
 27  14  21  18  28  6  15  22  29  16  23  31  25  30  1  3  8  10  17  5  19  24  2  7  4  12  26  9  11  13  20 
bbbest=282
 27  14  21  18  28  6  15  22  29  16  23  31  25  30  1  3  8  10  17  5  19  24  2  7  4  12  26  9  11  13  20 
bbbest=282
 27  14  21  18  28  6  15  22  29  16  23  31  25  30  1  3  8  10  17  5  19  24  2  7  4  12  26  9  11  13  20 
bbbest=282
 27  14  21  18  28  6  15  22  29  16  23  31  25  30  1  3  8  10  17  5  19  24  2  7  4  12  26  9  11  13  20 
bbbest=282
 27  14  21  18  28  6  15  22  29  16  23  31  25  30  1  3  8  10  17  5  19  24  2  7  4  12  26  9  11  13  20 
bbbest=282
 27  14  21  18  28  6  15  22  29  16  23  31  25  30  1  3  8  10  17  5  19  24  2  7  4  12  26  9  11  13  20 
bbbest=282
 27  14  21  18  28  6  15  22  29  16  23  31  25  30  1  3  8  10  17  5  19  24  2  7  4  12  26  9  11  13  20 
bbbest=282
 27  14  21  18  28  6  15  22  29  16  23  31  25  30  1  3  8  10  17  5  19  24  2  7  4  12  26  9  11  13  20 
bbbest=282
 27  14  21  18  28  6  15  22  29  16  23  31  25  30  1  3  8  10  17  5  19  24  2  7  4  12  26  9  11  13  20 
bbbest=282
 27  14  21  18  28  6  15  22  29  16  23  31  25  30  1  3  8  10  17  5  19  24  2  7  4  12  26  9  11  13  20 
bbbest=282
 27  14  21  18  28  6  15  22  29  16  23  31  25  30  1  3  8  10  17  5  19  24  2  7  4  12  26  9  11  13  20 
bbbest=282
 27  14  21  18  28  6  15  22  29  16  23  31  25  30  1  3  8  10  17  5  19  24  2  7  4  12  26  9  11  13  20 
bbbest=282
 27  14  21  18  28  6  15  22  29  16  23  31  25  30  1  3  8  10  17  5  19  24  2  7  4  12  26  9  11  13  20 
bbbest=282
 27  14  21  18  28  6  15  22  29  16  23  31  25  30  1  3  8  10  17  5  19  24  2  7  4  12  26  9  11  13  20 
bbbest=282
 27  14  21  18  28  6  15  22  29  16  23  31  25  30  1  3  8  10  17  5  19  24  2  7  4  12  26  9  11  13  20 
bbbest=282
 27  14  21  18  28  6  15  22  29  16  23  31  25  30  1  3  8  10  17  5  19  24  2  7  4  12  26  9  11  13  20 
bbbest=282
 27  14  21  18  28  6  15  22  29  16  23  31  25  30  1  3  8  10  17  5  19  24  2  7  4  12  26  9  11  13  20 
bbbest=282
 27  14  21  18  28  6  15  22  29  16  23  31  25  30  1  3  8  10  17  5  19  24  2  7  4  12  26  9  11  13  20 
bbbest=282
 27  14  21  18  28  6  15  22  29  16  23  31  25  30  1  3  8  10  17  5  19  24  2  7  4  12  26  9  11  13  20 
bbbest=282
 27  14  21  18  28  6  15  22  29  16  23  31  25  30  1  3  8  10  17  5  19  24  2  7  4  12  26  9  11  13  20 
bbbest=282
 27  14  21  18  28  6  15  22  29  16  23  31  25  30  1  3  8  10  17  5  19  24  2  7  4  12  26  9  11  13  20 
bbbest=282
 27  14  21  18  28  6  15  22  29  16  23  31  25  30  1  3  8  10  17  5  19  24  2  7  4  12  26  9  11  13  20 
bbbest=282
 27  14  21  18  28  6  15  22  29  16  23  31  25  30  1  3  8  10  17  5  19  24  2  7  4  12  26  9  11  13  20 
bbbest=282
 27  14  21  18  28  6  15  22  29  16  23  31  25  30  1  3  8  10  17  5  19  24  2  7  4  12  26  9  11  13  20 
bbbest=282
 27  14  21  18  28  6  15  22  29  16  23  31  25  30  1  3  8  10  17  5  19  24  2  7  4  12  26  9  11  13  20 
bbbest=282
 27  14  21  18  28  6  15  22  29  16  23  31  25  30  1  3  8  10  17  5  19  24  2  7  4  12  26  9  11  13  20 
bbbest=282
 27  14  21  18  28  6  15  22  29  16  23  31  25  30  1  3  8  10  17  5  19  24  2  7  4  12  26  9  11  13  20 
bbbest=282
 27  14  21  18  28  6  15  22  29  16  23  31  25  30  1  3  8  10  17  5  19  24  2  7  4  12  26  9  11  13  20 
bbbest=282
 27  14  21  18  28  6  15  22  29  16  23  31  25  30  1  3  8  10  17  5  19  24  2  7  4  12  26  9  11  13  20 
bbbest=282
 27  14  21  18  28  6  15  22  29  16  23  31  25  30  1  3  8  10  17  5  19  24  2  7  4  12  26  9  11  13  20 
bbbest=282
 27  14  21  18  28  6  15  22  29  16  23  31  25  30  1  3  8  10  17  5  19  24  2  7  4  12  26  9  11  13  20 
bbbest=282
 27  14  21  18  28  6  15  22  29  16  23  31  25  30  1  3  8  10  17  5  19  24  2  7  4  12  26  9  11  13  20 
bbbest=282
 27  14  21  18  28  6  15  22  29  16  23  31  25  30  1  3  8  10  17  5  19  24  2  7  4  12  26  9  11  13  20 
bbbest=282
 27  14  21  18  28  6  15  22  29  16  23  31  25  30  1  3  8  10  17  5  19  24  2  7  4  12  26  9  11  13  20 
bbbest=282
 27  14  21  18  28  6  15  22  29  16  23  31  25  30  1  3  8  10  17  5  19  24  2  7  4  12  26  9  11  13  20 
bbbest=282
 27  14  21  18  28  6  15  22  29  16  23  31  25  30  1  3  8  10  17  5  19  24  2  7  4  12  26  9  11  13  20 
bbbest=282
 27  14  21  18  28  6  15  22  29  16  23  31  25  30  1  3  8  10  17  5  19  24  2  7  4  12  26  9  11  13  20 
bbbest=282
 27  14  21  18  28  6  15  22  29  16  23  31  25  30  1  3  8  10  17  5  19  24  2  7  4  12  26  9  11  13  20 
bbbest=282
 27  14  21  18  28  6  15  22  29  16  23  31  25  30  1  3  8  10  17  5  19  24  2  7  4  12  26  9  11  13  20 
bbbest=282
 27  14  21  18  28  6  15  22  29  16  23  31  25  30  1  3  8  10  17  5  19  24  2  7  4  12  26  9  11  13  20 
bbbest=282
 27  14  21  18  28  6  15  22  29  16  23  31  25  30  1  3  8  10  17  5  19  24  2  7  4  12  26  9  11  13  20 
bbbest=282
 27  14  21  18  28  6  15  22  29  16  23  31  25  30  1  3  8  10  17  5  19  24  2  7  4  12  26  9  11  13  20 
bbbest=282
 27  14  21  18  28  6  15  22  29  16  23  31  25  30  1  3  8  10  17  5  19  24  2  7  4  12  26  9  11  13  20 
bbbest=282
 27  14  21  18  28  6  15  22  29  16  23  31  25  30  1  3  8  10  17  5  19  24  2  7  4  12  26  9  11  13  20 
bbbest=282
 27  14  21  18  28  6  15  22  29  16  23  31  25  30  1  3  8  10  17  5  19  24  2  7  4  12  26  9  11  13  20 
bbbest=282
 27  14  21  18  28  6  15  22  29  16  23  31  25  30  1  3  8  10  17  5  19  24  2  7  4  12  26  9  11  13  20 
bbbest=282
 27  14  21  18  28  6  15  22  29  16  23  31  25  30  1  3  8  10  17  5  19  24  2  7  4  12  26  9  11  13  20 
bbbest=282
 27  14  21  18  28  6  15  22  29  16  23  31  25  30  1  3  8  10  17  5  19  24  2  7  4  12  26  9  11  13  20 
bbbest=282
 27  14  21  18  28  6  15  22  29  16  23  31  25  30  1  3  8  10  17  5  19  24  2  7  4  12  26  9  11  13  20 
bbbest=282
 27  14  21  18  28  6  15  22  29  16  23  31  25  30  1  3  8  10  17  5  19  24  2  7  4  12  26  9  11  13  20 
bbbest=282
 27  14  21  18  28  6  15  22  29  16  23  31  25  30  1  3  8  10  17  5  19  24  2  7  4  12  26  9  11  13  20 
bbbest=282
 27  14  21  18  28  6  15  22  29  16  23  31  25  30  1  3  8  10  17  5  19  24  2  7  4  12  26  9  11  13  20 
bbbest=282
 27  14  21  18  28  6  15  22  29  16  23  31  25  30  1  3  8  10  17  5  19  24  2  7  4  12  26  9  11  13  20 
bbbest=282
 27  14  21  18  28  6  15  22  29  16  23  31  25  30  1  3  8  10  17  5  19  24  2  7  4  12  26  9  11  13  20 
bbbest=282
 27  14  21  18  28  6  15  22  29  16  23  31  25  30  1  3  8  10  17  5  19  24  2  7  4  12  26  9  11  13  20 
bbbest=282
 27  14  21  18  28  6  15  22  29  16  23  31  25  30  1  3  8  10  17  5  19  24  2  7  4  12  26  9  11  13  20 
bbbest=282
 27  14  21  18  28  6  15  22  29  16  23  31  25  30  1  3  8  10  17  5  19  24  2  7  4  12  26  9  11  13  20 
bbbest=282
 27  14  21  18  28  6  15  22  29  16  23  31  25  30  1  3  8  10  17  5  19  24  2  7  4  12  26  9  11  13  20 
bbbest=282
 27  14  21  18  28  6  15  22  29  16  23  31  25  30  1  3  8  10  17  5  19  24  2  7  4  12  26  9  11  13  20 
bbbest=282
 27  14  21  18  28  6  15  22  29  16  23  31  25  30  1  3  8  10  17  5  19  24  2  7  4  12  26  9  11  13  20 
bbbest=282
 27  14  21  18  28  6  15  22  29  16  23  31  25  30  1  3  8  10  17  5  19  24  2  7  4  12  26  9  11  13  20 
bbbest=282
 27  14  21  18  28  6  15  22  29  16  23  31  25  30  1  3  8  10  17  5  19  24  2  7  4  12  26  9  11  13  20 
bbbest=282
 27  14  21  18  28  6  15  22  29  16  23  31  25  30  1  3  8  10  17  5  19  24  2  7  4  12  26  9  11  13  20 
bbbest=282
 27  14  21  18  28  6  15  22  29  16  23  31  25  30  1  3  8  10  17  5  19  24  2  7  4  12  26  9  11  13  20 
bbbest=282
 27  14  21  18  28  6  15  22  29  16  23  31  25  30  1  3  8  10  17  5  19  24  2  7  4  12  26  9  11  13  20 
bbbest=282
 27  14  21  18  28  6  15  22  29  16  23  31  25  30  1  3  8  10  17  5  19  24  2  7  4  12  26  9  11  13  20 
bbbest=282
 27  14  21  18  28  6  15  22  29  16  23  31  25  30  1  3  8  10  17  5  19  24  2  7  4  12  26  9  11  13  20 
bbbest=282
 27  14  21  18  28  6  15  22  29  16  23  31  25  30  1  3  8  10  17  5  19  24  2  7  4  12  26  9  11  13  20 
bbbest=282
 27  14  21  18  28  6  15  22  29  16  23  31  25  30  1  3  8  10  17  5  19  24  2  7  4  12  26  9  11  13  20 
bbbest=282
 27  14  21  18  28  6  15  22  29  16  23  31  25  30  1  3  8  10  17  5  19  24  2  7  4  12  26  9  11  13  20 
bbbest=282
 27  14  21  18  28  6  15  22  29  16  23  31  25  30  1  3  8  10  17  5  19  24  2  7  4  12  26  9  11  13  20 
bbbest=282
 27  14  21  18  28  6  15  22  29  16  23  31  25  30  1  3  8  10  17  5  19  24  2  7  4  12  26  9  11  13  20 
bbbest=282
 27  14  21  18  28  6  15  22  29  16  23  31  25  30  1  3  8  10  17  5  19  24  2  7  4  12  26  9  11  13  20 
bbbest=282
 27  14  21  18  28  6  15  22  29  16  23  31  25  30  1  3  8  10  17  5  19  24  2  7  4  12  26  9  11  13  20 
bbbest=282
 27  14  21  18  28  6  15  22  29  16  23  31  25  30  1  3  8  10  17  5  19  24  2  7  4  12  26  9  11  13  20 
bbbest=282
 27  14  21  18  28  6  15  22  29  16  23  31  25  30  1  3  8  10  17  5  19  24  2  7  4  12  26  9  11  13  20 
bbbest=282
 27  14  21  18  28  6  15  22  29  16  23  31  25  30  1  3  8  10  17  5  19  24  2  7  4  12  26  9  11  13  20 
bbbest=282
 27  14  21  18  28  6  15  22  29  16  23  31  25  30  1  3  8  10  17  5  19  24  2  7  4  12  26  9  11  13  20 
bbbest=282
 27  14  21  18  28  6  15  22  29  16  23  31  25  30  1  3  8  10  17  5  19  24  2  7  4  12  26  9  11  13  20 
bbbest=282
 27  14  21  18  28  6  15  22  29  16  23  31  25  30  1  3  8  10  17  5  19  24  2  7  4  12  26  9  11  13  20 
bbbest=282
 27  14  21  18  28  6  15  22  29  16  23  31  25  30  1  3  8  10  17  5  19  24  2  7  4  12  26  9  11  13  20 
bbbest=282
 27  14  21  18  28  6  15  22  29  16  23  31  25  30  1  3  8  10  17  5  19  24  2  7  4  12  26  9  11  13  20 
bbbest=282
 27  14  21  18  28  6  15  22  29  16  23  31  25  30  1  3  8  10  17  5  19  24  2  7  4  12  26  9  11  13  20 
bbbest=282
 27  14  21  18  28  6  15  22  29  16  23  31  25  30  1  3  8  10  17  5  19  24  2  7  4  12  26  9  11  13  20 
bbbest=282
 27  14  21  18  28  6  15  22  29  16  23  31  25  30  1  3  8  10  17  5  19  24  2  7  4  12  26  9  11  13  20 
bbbest=282
 27  14  21  18  28  6  15  22  29  16  23  31  25  30  1  3  8  10  17  5  19  24  2  7  4  12  26  9  11  13  20 
bbbest=282
 27  14  21  18  28  6  15  22  29  16  23  31  25  30  1  3  8  10  17  5  19  24  2  7  4  12  26  9  11  13  20 
bbbest=282
 27  14  21  18  28  6  15  22  29  16  23  31  25  30  1  3  8  10  17  5  19  24  2  7  4  12  26  9  11  13  20 
bbbest=282
 27  14  21  18  28  6  15  22  29  16  23  31  25  30  1  3  8  10  17  5  19  24  2  7  4  12  26  9  11  13  20 
bbbest=282
 27  14  21  18  28  6  15  22  29  16  23  31  25  30  1  3  8  10  17  5  19  24  2  7  4  12  26  9  11  13  20 
bbbest=282
 27  14  21  18  28  6  15  22  29  16  23  31  25  30  1  3  8  10  17  5  19  24  2  7  4  12  26  9  11  13  20 
bbbest=282
 27  14  21  18  28  6  15  22  29  16  23  31  25  30  1  3  8  10  17  5  19  24  2  7  4  12  26  9  11  13  20 
bbbest=282
 27  14  21  18  28  6  15  22  29  16  23  31  25  30  1  3  8  10  17  5  19  24  2  7  4  12  26  9  11  13  20 
bbbest=282
 27  14  21  18  28  6  15  22  29  16  23  31  25  30  1  3  8  10  17  5  19  24  2  7  4  12  26  9  11  13  20 
bbbest=282
 27  14  21  18  28  6  15  22  29  16  23  31  25  30  1  3  8  10  17  5  19  24  2  7  4  12  26  9  11  13  20 
bbbest=282
 27  14  21  18  28  6  15  22  29  16  23  31  25  30  1  3  8  10  17  5  19  24  2  7  4  12  26  9  11  13  20 
bbbest=282
 27  14  21  18  28  6  15  22  29  16  23  31  25  30  1  3  8  10  17  5  19  24  2  7  4  12  26  9  11  13  20 
bbbest=282
 27  14  21  18  28  6  15  22  29  16  23  31  25  30  1  3  8  10  17  5  19  24  2  7  4  12  26  9  11  13  20 
bbbest=282
 27  14  21  18  28  6  15  22  29  16  23  31  25  30  1  3  8  10  17  5  19  24  2  7  4  12  26  9  11  13  20 
bbbest=282
 27  14  21  18  28  6  15  22  29  16  23  31  25  30  1  3  8  10  17  5  19  24  2  7  4  12  26  9  11  13  20 
bbbest=282
 27  14  21  18  28  6  15  22  29  16  23  31  25  30  1  3  8  10  17  5  19  24  2  7  4  12  26  9  11  13  20 
bbbest=282
 27  14  21  18  28  6  15  22  29  16  23  31  25  30  1  3  8  10  17  5  19  24  2  7  4  12  26  9  11  13  20 
bbbest=282
 27  14  21  18  28  6  15  22  29  16  23  31  25  30  1  3  8  10  17  5  19  24  2  7  4  12  26  9  11  13  20 
bbbest=282
 27  14  21  18  28  6  15  22  29  16  23  31  25  30  1  3  8  10  17  5  19  24  2  7  4  12  26  9  11  13  20 
bbbest=282
 27  14  21  18  28  6  15  22  29  16  23  31  25  30  1  3  8  10  17  5  19  24  2  7  4  12  26  9  11  13  20 
bbbest=282
 27  14  21  18  28  6  15  22  29  16  23  31  25  30  1  3  8  10  17  5  19  24  2  7  4  12  26  9  11  13  20 
bbbest=282
 27  14  21  18  28  6  15  22  29  16  23  31  25  30  1  3  8  10  17  5  19  24  2  7  4  12  26  9  11  13  20 
bbbest=282
 27  14  21  18  28  6  15  22  29  16  23  31  25  30  1  3  8  10  17  5  19  24  2  7  4  12  26  9  11  13  20 
bbbest=282
 27  14  21  18  28  6  15  22  29  16  23  31  25  30  1  3  8  10  17  5  19  24  2  7  4  12  26  9  11  13  20 
bbbest=282
 27  14  21  18  28  6  15  22  29  16  23  31  25  30  1  3  8  10  17  5  19  24  2  7  4  12  26  9  11  13  20 
bbbest=282
 27  14  21  18  28  6  15  22  29  16  23  31  25  30  1  3  8  10  17  5  19  24  2  7  4  12  26  9  11  13  20 
bbbest=282
 27  14  21  18  28  6  15  22  29  16  23  31  25  30  1  3  8  10  17  5  19  24  2  7  4  12  26  9  11  13  20 
bbbest=282
 27  14  21  18  28  6  15  22  29  16  23  31  25  30  1  3  8  10  17  5  19  24  2  7  4  12  26  9  11  13  20 
bbbest=282
 27  14  21  18  28  6  15  22  29  16  23  31  25  30  1  3  8  10  17  5  19  24  2  7  4  12  26  9  11  13  20 
bbbest=282
 27  14  21  18  28  6  15  22  29  16  23  31  25  30  1  3  8  10  17  5  19  24  2  7  4  12  26  9  11  13  20 
bbbest=282
 27  14  21  18  28  6  15  22  29  16  23  31  25  30  1  3  8  10  17  5  19  24  2  7  4  12  26  9  11  13  20 
bbbest=282
 27  14  21  18  28  6  15  22  29  16  23  31  25  30  1  3  8  10  17  5  19  24  2  7  4  12  26  9  11  13  20 
bbbest=282
 27  14  21  18  28  6  15  22  29  16  23  31  25  30  1  3  8  10  17  5  19  24  2  7  4  12  26  9  11  13  20 
bbbest=282
 27  14  21  18  28  6  15  22  29  16  23  31  25  30  1  3  8  10  17  5  19  24  2  7  4  12  26  9  11  13  20 
bbbest=282
 27  14  21  18  28  6  15  22  29  16  23  31  25  30  1  3  8  10  17  5  19  24  2  7  4  12  26  9  11  13  20 
bbbest=282
 27  14  21  18  28  6  15  22  29  16  23  31  25  30  1  3  8  10  17  5  19  24  2  7  4  12  26  9  11  13  20 
bbbest=282
 27  14  21  18  28  6  15  22  29  16  23  31  25  30  1  3  8  10  17  5  19  24  2  7  4  12  26  9  11  13  20 
bbbest=282
 27  14  21  18  28  6  15  22  29  16  23  31  25  30  1  3  8  10  17  5  19  24  2  7  4  12  26  9  11  13  20 
bbbest=282
 27  14  21  18  28  6  15  22  29  16  23  31  25  30  1  3  8  10  17  5  19  24  2  7  4  12  26  9  11  13  20 
bbbest=282
 27  14  21  18  28  6  15  22  29  16  23  31  25  30  1  3  8  10  17  5  19  24  2  7  4  12  26  9  11  13  20 
bbbest=282
 27  14  21  18  28  6  15  22  29  16  23  31  25  30  1  3  8  10  17  5  19  24  2  7  4  12  26  9  11  13  20 
bbbest=282
 27  14  21  18  28  6  15  22  29  16  23  31  25  30  1  3  8  10  17  5  19  24  2  7  4  12  26  9  11  13  20 
bbbest=282
 27  14  21  18  28  6  15  22  29  16  23  31  25  30  1  3  8  10  17  5  19  24  2  7  4  12  26  9  11  13  20 
bbbest=282
 27  14  21  18  28  6  15  22  29  16  23  31  25  30  1  3  8  10  17  5  19  24  2  7  4  12  26  9  11  13  20 
bbbest=282
 27  14  21  18  28  6  15  22  29  16  23  31  25  30  1  3  8  10  17  5  19  24  2  7  4  12  26  9  11  13  20 
bbbest=282
 27  14  21  18  28  6  15  22  29  16  23  31  25  30  1  3  8  10  17  5  19  24  2  7  4  12  26  9  11  13  20 
bbbest=282
 27  14  21  18  28  6  15  22  29  16  23  31  25  30  1  3  8  10  17  5  19  24  2  7  4  12  26  9  11  13  20 
bbbest=282
 27  14  21  18  28  6  15  22  29  16  23  31  25  30  1  3  8  10  17  5  19  24  2  7  4  12  26  9  11  13  20 
bbbest=282
 27  14  21  18  28  6  15  22  29  16  23  31  25  30  1  3  8  10  17  5  19  24  2  7  4  12  26  9  11  13  20 
bbbest=282
 27  14  21  18  28  6  15  22  29  16  23  31  25  30  1  3  8  10  17  5  19  24  2  7  4  12  26  9  11  13  20 
bbbest=282
 27  14  21  18  28  6  15  22  29  16  23  31  25  30  1  3  8  10  17  5  19  24  2  7  4  12  26  9  11  13  20 
bbbest=282
 27  14  21  18  28  6  15  22  29  16  23  31  25  30  1  3  8  10  17  5  19  24  2  7  4  12  26  9  11  13  20 
bbbest=282
 27  14  21  18  28  6  15  22  29  16  23  31  25  30  1  3  8  10  17  5  19  24  2  7  4  12  26  9  11  13  20 
bbbest=282
 27  14  21  18  28  6  15  22  29  16  23  31  25  30  1  3  8  10  17  5  19  24  2  7  4  12  26  9  11  13  20 
bbbest=282
 27  14  21  18  28  6  15  22  29  16  23  31  25  30  1  3  8  10  17  5  19  24  2  7  4  12  26  9  11  13  20 
bbbest=282
 27  14  21  18  28  6  15  22  29  16  23  31  25  30  1  3  8  10  17  5  19  24  2  7  4  12  26  9  11  13  20 
bbbest=282
 27  14  21  18  28  6  15  22  29  16  23  31  25  30  1  3  8  10  17  5  19  24  2  7  4  12  26  9  11  13  20 
bbbest=282
 27  14  21  18  28  6  15  22  29  16  23  31  25  30  1  3  8  10  17  5  19  24  2  7  4  12  26  9  11  13  20 
bbbest=282
 27  14  21  18  28  6  15  22  29  16  23  31  25  30  1  3  8  10  17  5  19  24  2  7  4  12  26  9  11  13  20 
bbbest=282
 27  14  21  18  28  6  15  22  29  16  23  31  25  30  1  3  8  10  17  5  19  24  2  7  4  12  26  9  11  13  20 
bbbest=282
 27  14  21  18  28  6  15  22  29  16  23  31  25  30  1  3  8  10  17  5  19  24  2  7  4  12  26  9  11  13  20 
bbbest=282
 27  14  21  18  28  6  15  22  29  16  23  31  25  30  1  3  8  10  17  5  19  24  2  7  4  12  26  9  11  13  20 
bbbest=282
 27  14  21  18  28  6  15  22  29  16  23  31  25  30  1  3  8  10  17  5  19  24  2  7  4  12  26  9  11  13  20 
bbbest=282
 27  14  21  18  28  6  15  22  29  16  23  31  25  30  1  3  8  10  17  5  19  24  2  7  4  12  26  9  11  13  20 
bbbest=282
 27  14  21  18  28  6  15  22  29  16  23  31  25  30  1  3  8  10  17  5  19  24  2  7  4  12  26  9  11  13  20 
bbbest=282
 27  14  21  18  28  6  15  22  29  16  23  31  25  30  1  3  8  10  17  5  19  24  2  7  4  12  26  9  11  13  20 
bbbest=282
 27  14  21  18  28  6  15  22  29  16  23  31  25  30  1  3  8  10  17  5  19  24  2  7  4  12  26  9  11  13  20 
bbbest=282
 27  14  21  18  28  6  15  22  29  16  23  31  25  30  1  3  8  10  17  5  19  24  2  7  4  12  26  9  11  13  20 
bbbest=282
 27  14  21  18  28  6  15  22  29  16  23  31  25  30  1  3  8  10  17  5  19  24  2  7  4  12  26  9  11  13  20 
bbbest=282
 27  14  21  18  28  6  15  22  29  16  23  31  25  30  1  3  8  10  17  5  19  24  2  7  4  12  26  9  11  13  20 
bbbest=282
 27  14  21  18  28  6  15  22  29  16  23  31  25  30  1  3  8  10  17  5  19  24  2  7  4  12  26  9  11  13  20 
bbbest=282
 27  14  21  18  28  6  15  22  29  16  23  31  25  30  1  3  8  10  17  5  19  24  2  7  4  12  26  9  11  13  20 
bbbest=282
 27  14  21  18  28  6  15  22  29  16  23  31  25  30  1  3  8  10  17  5  19  24  2  7  4  12  26  9  11  13  20 
bbbest=282
 27  14  21  18  28  6  15  22  29  16  23  31  25  30  1  3  8  10  17  5  19  24  2  7  4  12  26  9  11  13  20 
bbbest=282
 27  14  21  18  28  6  15  22  29  16  23  31  25  30  1  3  8  10  17  5  19  24  2  7  4  12  26  9  11  13  20 
bbbest=282
 27  14  21  18  28  6  15  22  29  16  23  31  25  30  1  3  8  10  17  5  19  24  2  7  4  12  26  9  11  13  20 
bbbest=282
 27  14  21  18  28  6  15  22  29  16  23  31  25  30  1  3  8  10  17  5  19  24  2  7  4  12  26  9  11  13  20 
bbbest=282
 27  14  21  18  28  6  15  22  29  16  23  31  25  30  1  3  8  10  17  5  19  24  2  7  4  12  26  9  11  13  20 
bbbest=282
 27  14  21  18  28  6  15  22  29  16  23  31  25  30  1  3  8  10  17  5  19  24  2  7  4  12  26  9  11  13  20 
bbbest=282
 27  14  21  18  28  6  15  22  29  16  23  31  25  30  1  3  8  10  17  5  19  24  2  7  4  12  26  9  11  13  20 
bbbest=282
 27  14  21  18  28  6  15  22  29  16  23  31  25  30  1  3  8  10  17  5  19  24  2  7  4  12  26  9  11  13  20 
bbbest=282
 27  14  21  18  28  6  15  22  29  16  23  31  25  30  1  3  8  10  17  5  19  24  2  7  4  12  26  9  11  13  20 
bbbest=282
 27  14  21  18  28  6  15  22  29  16  23  31  25  30  1  3  8  10  17  5  19  24  2  7  4  12  26  9  11  13  20 
bbbest=282
 27  14  21  18  28  6  15  22  29  16  23  31  25  30  1  3  8  10  17  5  19  24  2  7  4  12  26  9  11  13  20 
bbbest=282
 27  14  21  18  28  6  15  22  29  16  23  31  25  30  1  3  8  10  17  5  19  24  2  7  4  12  26  9  11  13  20 
bbbest=282
 27  14  21  18  28  6  15  22  29  16  23  31  25  30  1  3  8  10  17  5  19  24  2  7  4  12  26  9  11  13  20 
bbbest=282
 27  14  21  18  28  6  15  22  29  16  23  31  25  30  1  3  8  10  17  5  19  24  2  7  4  12  26  9  11  13  20 
bbbest=282
 27  14  21  18  28  6  15  22  29  16  23  31  25  30  1  3  8  10  17  5  19  24  2  7  4  12  26  9  11  13  20 
bbbest=282
 27  14  21  18  28  6  15  22  29  16  23  31  25  30  1  3  8  10  17  5  19  24  2  7  4  12  26  9  11  13  20 
bbbest=282
 27  14  21  18  28  6  15  22  29  16  23  31  25  30  1  3  8  10  17  5  19  24  2  7  4  12  26  9  11  13  20 
bbbest=282
 27  14  21  18  28  6  15  22  29  16  23  31  25  30  1  3  8  10  17  5  19  24  2  7  4  12  26  9  11  13  20 
bbbest=282
 27  14  21  18  28  6  15  22  29  16  23  31  25  30  1  3  8  10  17  5  19  24  2  7  4  12  26  9  11  13  20 
bbbest=282
 27  14  21  18  28  6  15  22  29  16  23  31  25  30  1  3  8  10  17  5  19  24  2  7  4  12  26  9  11  13  20 
bbbest=282
 27  14  21  18  28  6  15  22  29  16  23  31  25  30  1  3  8  10  17  5  19  24  2  7  4  12  26  9  11  13  20 
bbbest=283
 26  14  30  15  3  23  17  11  31  19  2  20  7  4  8  27  16  5  24  12  21  9  18  28  6  25  13  22  1  10  29 
bbbest=284
 26  14  30  15  3  23  17  11  31  19  2  20  7  8  27  16  4  5  24  12  21  9  18  28  6  25  13  22  1  10  29 
bbbest=284
 26  14  30  15  3  23  17  11  31  19  2  20  7  8  27  16  4  5  24  12  21  9  18  28  6  25  13  22  1  10  29 
bbbest=284
 26  14  30  15  3  23  17  11  31  19  2  20  7  8  27  16  4  5  24  12  21  9  18  28  6  25  13  22  1  10  29 
bbbest=284
 26  14  30  15  3  23  17  11  31  19  2  20  7  8  27  16  4  5  24  12  21  9  18  28  6  25  13  22  1  10  29 
bbbest=284
 26  14  30  15  3  23  17  11  31  19  2  20  7  8  27  16  4  5  24  12  21  9  18  28  6  25  13  22  1  10  29 
bbbest=284
 26  14  30  15  3  23  17  11  31  19  2  20  7  8  27  16  4  5  24  12  21  9  18  28  6  25  13  22  1  10  29 
bbbest=284
 26  14  30  15  3  23  17  11  31  19  2  20  7  8  27  16  4  5  24  12  21  9  18  28  6  25  13  22  1  10  29 
bbbest=284
 26  14  30  15  3  23  17  11  31  19  2  20  7  8  27  16  4  5  24  12  21  9  18  28  6  25  13  22  1  10  29 
bbbest=284
 26  14  30  15  3  23  17  11  31  19  2  20  7  8  27  16  4  5  24  12  21  9  18  28  6  25  13  22  1  10  29 
bbbest=284
 26  14  30  15  3  23  17  11  31  19  2  20  7  8  27  16  4  5  24  12  21  9  18  28  6  25  13  22  1  10  29 
bbbest=284
 26  14  30  15  3  23  17  11  31  19  2  20  7  8  27  16  4  5  24  12  21  9  18  28  6  25  13  22  1  10  29 
bbbest=284
 26  14  30  15  3  23  17  11  31  19  2  20  7  8  27  16  4  5  24  12  21  9  18  28  6  25  13  22  1  10  29 
bbbest=284
 26  14  30  15  3  23  17  11  31  19  2  20  7  8  27  16  4  5  24  12  21  9  18  28  6  25  13  22  1  10  29 
bbbest=284
 26  14  30  15  3  23  17  11  31  19  2  20  7  8  27  16  4  5  24  12  21  9  18  28  6  25  13  22  1  10  29 
bbbest=284
 26  14  30  15  3  23  17  11  31  19  2  20  7  8  27  16  4  5  24  12  21  9  18  28  6  25  13  22  1  10  29 
bbbest=284
 26  14  30  15  3  23  17  11  31  19  2  20  7  8  27  16  4  5  24  12  21  9  18  28  6  25  13  22  1  10  29 
bbbest=284
 26  14  30  15  3  23  17  11  31  19  2  20  7  8  27  16  4  5  24  12  21  9  18  28  6  25  13  22  1  10  29 
bbbest=284
 26  14  30  15  3  23  17  11  31  19  2  20  7  8  27  16  4  5  24  12  21  9  18  28  6  25  13  22  1  10  29 
bbbest=284
 26  14  30  15  3  23  17  11  31  19  2  20  7  8  27  16  4  5  24  12  21  9  18  28  6  25  13  22  1  10  29 
bbbest=284
 26  14  30  15  3  23  17  11  31  19  2  20  7  8  27  16  4  5  24  12  21  9  18  28  6  25  13  22  1  10  29 
bbbest=284
 26  14  30  15  3  23  17  11  31  19  2  20  7  8  27  16  4  5  24  12  21  9  18  28  6  25  13  22  1  10  29 
bbbest=284
 26  14  30  15  3  23  17  11  31  19  2  20  7  8  27  16  4  5  24  12  21  9  18  28  6  25  13  22  1  10  29 
bbbest=284
 26  14  30  15  3  23  17  11  31  19  2  20  7  8  27  16  4  5  24  12  21  9  18  28  6  25  13  22  1  10  29 
bbbest=284
 26  14  30  15  3  23  17  11  31  19  2  20  7  8  27  16  4  5  24  12  21  9  18  28  6  25  13  22  1  10  29 
bbbest=284
 26  14  30  15  3  23  17  11  31  19  2  20  7  8  27  16  4  5  24  12  21  9  18  28  6  25  13  22  1  10  29 
bbbest=284
 26  14  30  15  3  23  17  11  31  19  2  20  7  8  27  16  4  5  24  12  21  9  18  28  6  25  13  22  1  10  29 
bbbest=284
 26  14  30  15  3  23  17  11  31  19  2  20  7  8  27  16  4  5  24  12  21  9  18  28  6  25  13  22  1  10  29 
bbbest=284
 26  14  30  15  3  23  17  11  31  19  2  20  7  8  27  16  4  5  24  12  21  9  18  28  6  25  13  22  1  10  29 
bbbest=284
 26  14  30  15  3  23  17  11  31  19  2  20  7  8  27  16  4  5  24  12  21  9  18  28  6  25  13  22  1  10  29 
bbbest=284
 26  14  30  15  3  23  17  11  31  19  2  20  7  8  27  16  4  5  24  12  21  9  18  28  6  25  13  22  1  10  29 
bbbest=284
 26  14  30  15  3  23  17  11  31  19  2  20  7  8  27  16  4  5  24  12  21  9  18  28  6  25  13  22  1  10  29 
bbbest=284
 26  14  30  15  3  23  17  11  31  19  2  20  7  8  27  16  4  5  24  12  21  9  18  28  6  25  13  22  1  10  29 
bbbest=284
 26  14  30  15  3  23  17  11  31  19  2  20  7  8  27  16  4  5  24  12  21  9  18  28  6  25  13  22  1  10  29 
bbbest=284
 26  14  30  15  3  23  17  11  31  19  2  20  7  8  27  16  4  5  24  12  21  9  18  28  6  25  13  22  1  10  29 
bbbest=284
 26  14  30  15  3  23  17  11  31  19  2  20  7  8  27  16  4  5  24  12  21  9  18  28  6  25  13  22  1  10  29 
bbbest=284
 26  14  30  15  3  23  17  11  31  19  2  20  7  8  27  16  4  5  24  12  21  9  18  28  6  25  13  22  1  10  29 
bbbest=284
 26  14  30  15  3  23  17  11  31  19  2  20  7  8  27  16  4  5  24  12  21  9  18  28  6  25  13  22  1  10  29 
bbbest=284
 26  14  30  15  3  23  17  11  31  19  2  20  7  8  27  16  4  5  24  12  21  9  18  28  6  25  13  22  1  10  29 
bbbest=284
 26  14  30  15  3  23  17  11  31  19  2  20  7  8  27  16  4  5  24  12  21  9  18  28  6  25  13  22  1  10  29 
bbbest=284
 26  14  30  15  3  23  17  11  31  19  2  20  7  8  27  16  4  5  24  12  21  9  18  28  6  25  13  22  1  10  29 
bbbest=284
 26  14  30  15  3  23  17  11  31  19  2  20  7  8  27  16  4  5  24  12  21  9  18  28  6  25  13  22  1  10  29 
bbbest=284
 26  14  30  15  3  23  17  11  31  19  2  20  7  8  27  16  4  5  24  12  21  9  18  28  6  25  13  22  1  10  29 
bbbest=284
 26  14  30  15  3  23  17  11  31  19  2  20  7  8  27  16  4  5  24  12  21  9  18  28  6  25  13  22  1  10  29 
bbbest=284
 26  14  30  15  3  23  17  11  31  19  2  20  7  8  27  16  4  5  24  12  21  9  18  28  6  25  13  22  1  10  29 
bbbest=284
 26  14  30  15  3  23  17  11  31  19  2  20  7  8  27  16  4  5  24  12  21  9  18  28  6  25  13  22  1  10  29 
bbbest=284
 26  14  30  15  3  23  17  11  31  19  2  20  7  8  27  16  4  5  24  12  21  9  18  28  6  25  13  22  1  10  29 
bbbest=284
 26  14  30  15  3  23  17  11  31  19  2  20  7  8  27  16  4  5  24  12  21  9  18  28  6  25  13  22  1  10  29 
bbbest=284
 26  14  30  15  3  23  17  11  31  19  2  20  7  8  27  16  4  5  24  12  21  9  18  28  6  25  13  22  1  10  29 
bbbest=284
 26  14  30  15  3  23  17  11  31  19  2  20  7  8  27  16  4  5  24  12  21  9  18  28  6  25  13  22  1  10  29 
bbbest=284
 26  14  30  15  3  23  17  11  31  19  2  20  7  8  27  16  4  5  24  12  21  9  18  28  6  25  13  22  1  10  29 
bbbest=284
 26  14  30  15  3  23  17  11  31  19  2  20  7  8  27  16  4  5  24  12  21  9  18  28  6  25  13  22  1  10  29 
bbbest=284
 26  14  30  15  3  23  17  11  31  19  2  20  7  8  27  16  4  5  24  12  21  9  18  28  6  25  13  22  1  10  29 
bbbest=284
 26  14  30  15  3  23  17  11  31  19  2  20  7  8  27  16  4  5  24  12  21  9  18  28  6  25  13  22  1  10  29 
bbbest=284
 26  14  30  15  3  23  17  11  31  19  2  20  7  8  27  16  4  5  24  12  21  9  18  28  6  25  13  22  1  10  29 
bbbest=284
 26  14  30  15  3  23  17  11  31  19  2  20  7  8  27  16  4  5  24  12  21  9  18  28  6  25  13  22  1  10  29 
bbbest=284
 26  14  30  15  3  23  17  11  31  19  2  20  7  8  27  16  4  5  24  12  21  9  18  28  6  25  13  22  1  10  29 
bbbest=284
 26  14  30  15  3  23  17  11  31  19  2  20  7  8  27  16  4  5  24  12  21  9  18  28  6  25  13  22  1  10  29 
bbbest=284
 26  14  30  15  3  23  17  11  31  19  2  20  7  8  27  16  4  5  24  12  21  9  18  28  6  25  13  22  1  10  29 
bbbest=284
 26  14  30  15  3  23  17  11  31  19  2  20  7  8  27  16  4  5  24  12  21  9  18  28  6  25  13  22  1  10  29 
bbbest=284
 26  14  30  15  3  23  17  11  31  19  2  20  7  8  27  16  4  5  24  12  21  9  18  28  6  25  13  22  1  10  29 
bbbest=284
 26  14  30  15  3  23  17  11  31  19  2  20  7  8  27  16  4  5  24  12  21  9  18  28  6  25  13  22  1  10  29 
bbbest=284
 26  14  30  15  3  23  17  11  31  19  2  20  7  8  27  16  4  5  24  12  21  9  18  28  6  25  13  22  1  10  29 
bbbest=284
 26  14  30  15  3  23  17  11  31  19  2  20  7  8  27  16  4  5  24  12  21  9  18  28  6  25  13  22  1  10  29 
bbbest=284
 26  14  30  15  3  23  17  11  31  19  2  20  7  8  27  16  4  5  24  12  21  9  18  28  6  25  13  22  1  10  29 
bbbest=284
 26  14  30  15  3  23  17  11  31  19  2  20  7  8  27  16  4  5  24  12  21  9  18  28  6  25  13  22  1  10  29 
bbbest=284
 26  14  30  15  3  23  17  11  31  19  2  20  7  8  27  16  4  5  24  12  21  9  18  28  6  25  13  22  1  10  29 
bbbest=284
 26  14  30  15  3  23  17  11  31  19  2  20  7  8  27  16  4  5  24  12  21  9  18  28  6  25  13  22  1  10  29 
bbbest=284
 26  14  30  15  3  23  17  11  31  19  2  20  7  8  27  16  4  5  24  12  21  9  18  28  6  25  13  22  1  10  29 
bbbest=284
 26  14  30  15  3  23  17  11  31  19  2  20  7  8  27  16  4  5  24  12  21  9  18  28  6  25  13  22  1  10  29 
bbbest=284
 26  14  30  15  3  23  17  11  31  19  2  20  7  8  27  16  4  5  24  12  21  9  18  28  6  25  13  22  1  10  29 
bbbest=284
 26  14  30  15  3  23  17  11  31  19  2  20  7  8  27  16  4  5  24  12  21  9  18  28  6  25  13  22  1  10  29 
bbbest=284
 26  14  30  15  3  23  17  11  31  19  2  20  7  8  27  16  4  5  24  12  21  9  18  28  6  25  13  22  1  10  29 
bbbest=284
 26  14  30  15  3  23  17  11  31  19  2  20  7  8  27  16  4  5  24  12  21  9  18  28  6  25  13  22  1  10  29 
bbbest=284
 26  14  30  15  3  23  17  11  31  19  2  20  7  8  27  16  4  5  24  12  21  9  18  28  6  25  13  22  1  10  29 
bbbest=284
 26  14  30  15  3  23  17  11  31  19  2  20  7  8  27  16  4  5  24  12  21  9  18  28  6  25  13  22  1  10  29 
bbbest=284
 26  14  30  15  3  23  17  11  31  19  2  20  7  8  27  16  4  5  24  12  21  9  18  28  6  25  13  22  1  10  29 
bbbest=284
 26  14  30  15  3  23  17  11  31  19  2  20  7  8  27  16  4  5  24  12  21  9  18  28  6  25  13  22  1  10  29 
bbbest=284
 26  14  30  15  3  23  17  11  31  19  2  20  7  8  27  16  4  5  24  12  21  9  18  28  6  25  13  22  1  10  29 
bbbest=284
 26  14  30  15  3  23  17  11  31  19  2  20  7  8  27  16  4  5  24  12  21  9  18  28  6  25  13  22  1  10  29 
bbbest=284
 26  14  30  15  3  23  17  11  31  19  2  20  7  8  27  16  4  5  24  12  21  9  18  28  6  25  13  22  1  10  29 
bbbest=284
 26  14  30  15  3  23  17  11  31  19  2  20  7  8  27  16  4  5  24  12  21  9  18  28  6  25  13  22  1  10  29 
bbbest=284
 26  14  30  15  3  23  17  11  31  19  2  20  7  8  27  16  4  5  24  12  21  9  18  28  6  25  13  22  1  10  29 
bbbest=284
 26  14  30  15  3  23  17  11  31  19  2  20  7  8  27  16  4  5  24  12  21  9  18  28  6  25  13  22  1  10  29 
bbbest=284
 26  14  30  15  3  23  17  11  31  19  2  20  7  8  27  16  4  5  24  12  21  9  18  28  6  25  13  22  1  10  29 
bbbest=284
 26  14  30  15  3  23  17  11  31  19  2  20  7  8  27  16  4  5  24  12  21  9  18  28  6  25  13  22  1  10  29 
bbbest=284
 26  14  30  15  3  23  17  11  31  19  2  20  7  8  27  16  4  5  24  12  21  9  18  28  6  25  13  22  1  10  29 
bbbest=284
 26  14  30  15  3  23  17  11  31  19  2  20  7  8  27  16  4  5  24  12  21  9  18  28  6  25  13  22  1  10  29 
bbbest=284
 26  14  30  15  3  23  17  11  31  19  2  20  7  8  27  16  4  5  24  12  21  9  18  28  6  25  13  22  1  10  29 
bbbest=284
 26  14  30  15  3  23  17  11  31  19  2  20  7  8  27  16  4  5  24  12  21  9  18  28  6  25  13  22  1  10  29 
bbbest=284
 26  14  30  15  3  23  17  11  31  19  2  20  7  8  27  16  4  5  24  12  21  9  18  28  6  25  13  22  1  10  29 
bbbest=284
 26  14  30  15  3  23  17  11  31  19  2  20  7  8  27  16  4  5  24  12  21  9  18  28  6  25  13  22  1  10  29 
bbbest=284
 26  14  30  15  3  23  17  11  31  19  2  20  7  8  27  16  4  5  24  12  21  9  18  28  6  25  13  22  1  10  29 
bbbest=284
 26  14  30  15  3  23  17  11  31  19  2  20  7  8  27  16  4  5  24  12  21  9  18  28  6  25  13  22  1  10  29 
bbbest=284
 26  14  30  15  3  23  17  11  31  19  2  20  7  8  27  16  4  5  24  12  21  9  18  28  6  25  13  22  1  10  29 
bbbest=284
 26  14  30  15  3  23  17  11  31  19  2  20  7  8  27  16  4  5  24  12  21  9  18  28  6  25  13  22  1  10  29 
bbbest=284
 26  14  30  15  3  23  17  11  31  19  2  20  7  8  27  16  4  5  24  12  21  9  18  28  6  25  13  22  1  10  29 
bbbest=284
 26  14  30  15  3  23  17  11  31  19  2  20  7  8  27  16  4  5  24  12  21  9  18  28  6  25  13  22  1  10  29 
bbbest=284
 26  14  30  15  3  23  17  11  31  19  2  20  7  8  27  16  4  5  24  12  21  9  18  28  6  25  13  22  1  10  29 
bbbest=284
 26  14  30  15  3  23  17  11  31  19  2  20  7  8  27  16  4  5  24  12  21  9  18  28  6  25  13  22  1  10  29 
bbbest=284
 26  14  30  15  3  23  17  11  31  19  2  20  7  8  27  16  4  5  24  12  21  9  18  28  6  25  13  22  1  10  29 
bbbest=284
 26  14  30  15  3  23  17  11  31  19  2  20  7  8  27  16  4  5  24  12  21  9  18  28  6  25  13  22  1  10  29 
bbbest=284
 26  14  30  15  3  23  17  11  31  19  2  20  7  8  27  16  4  5  24  12  21  9  18  28  6  25  13  22  1  10  29 
bbbest=284
 26  14  30  15  3  23  17  11  31  19  2  20  7  8  27  16  4  5  24  12  21  9  18  28  6  25  13  22  1  10  29 
bbbest=284
 26  14  30  15  3  23  17  11  31  19  2  20  7  8  27  16  4  5  24  12  21  9  18  28  6  25  13  22  1  10  29 
bbbest=284
 26  14  30  15  3  23  17  11  31  19  2  20  7  8  27  16  4  5  24  12  21  9  18  28  6  25  13  22  1  10  29 
bbbest=284
 26  14  30  15  3  23  17  11  31  19  2  20  7  8  27  16  4  5  24  12  21  9  18  28  6  25  13  22  1  10  29 
bbbest=284
 26  14  30  15  3  23  17  11  31  19  2  20  7  8  27  16  4  5  24  12  21  9  18  28  6  25  13  22  1  10  29 
bbbest=284
 26  14  30  15  3  23  17  11  31  19  2  20  7  8  27  16  4  5  24  12  21  9  18  28  6  25  13  22  1  10  29 
bbbest=284
 26  14  30  15  3  23  17  11  31  19  2  20  7  8  27  16  4  5  24  12  21  9  18  28  6  25  13  22  1  10  29 
bbbest=284
 26  14  30  15  3  23  17  11  31  19  2  20  7  8  27  16  4  5  24  12  21  9  18  28  6  25  13  22  1  10  29 
bbbest=284
 26  14  30  15  3  23  17  11  31  19  2  20  7  8  27  16  4  5  24  12  21  9  18  28  6  25  13  22  1  10  29 
bbbest=284
 26  14  30  15  3  23  17  11  31  19  2  20  7  8  27  16  4  5  24  12  21  9  18  28  6  25  13  22  1  10  29 
bbbest=284
 26  14  30  15  3  23  17  11  31  19  2  20  7  8  27  16  4  5  24  12  21  9  18  28  6  25  13  22  1  10  29 
bbbest=284
 26  14  30  15  3  23  17  11  31  19  2  20  7  8  27  16  4  5  24  12  21  9  18  28  6  25  13  22  1  10  29 
bbbest=284
 26  14  30  15  3  23  17  11  31  19  2  20  7  8  27  16  4  5  24  12  21  9  18  28  6  25  13  22  1  10  29 
bbbest=284
 26  14  30  15  3  23  17  11  31  19  2  20  7  8  27  16  4  5  24  12  21  9  18  28  6  25  13  22  1  10  29 
bbbest=284
 26  14  30  15  3  23  17  11  31  19  2  20  7  8  27  16  4  5  24  12  21  9  18  28  6  25  13  22  1  10  29 
bbbest=284
 26  14  30  15  3  23  17  11  31  19  2  20  7  8  27  16  4  5  24  12  21  9  18  28  6  25  13  22  1  10  29 
bbbest=284
 26  14  30  15  3  23  17  11  31  19  2  20  7  8  27  16  4  5  24  12  21  9  18  28  6  25  13  22  1  10  29 
bbbest=284
 26  14  30  15  3  23  17  11  31  19  2  20  7  8  27  16  4  5  24  12  21  9  18  28  6  25  13  22  1  10  29 
bbbest=284
 26  14  30  15  3  23  17  11  31  19  2  20  7  8  27  16  4  5  24  12  21  9  18  28  6  25  13  22  1  10  29 
bbbest=284
 26  14  30  15  3  23  17  11  31  19  2  20  7  8  27  16  4  5  24  12  21  9  18  28  6  25  13  22  1  10  29 
bbbest=284
 26  14  30  15  3  23  17  11  31  19  2  20  7  8  27  16  4  5  24  12  21  9  18  28  6  25  13  22  1  10  29 
bbbest=284
 26  14  30  15  3  23  17  11  31  19  2  20  7  8  27  16  4  5  24  12  21  9  18  28  6  25  13  22  1  10  29 
bbbest=284
 26  14  30  15  3  23  17  11  31  19  2  20  7  8  27  16  4  5  24  12  21  9  18  28  6  25  13  22  1  10  29 
bbbest=284
 26  14  30  15  3  23  17  11  31  19  2  20  7  8  27  16  4  5  24  12  21  9  18  28  6  25  13  22  1  10  29 
bbbest=284
 26  14  30  15  3  23  17  11  31  19  2  20  7  8  27  16  4  5  24  12  21  9  18  28  6  25  13  22  1  10  29 
bbbest=284
 26  14  30  15  3  23  17  11  31  19  2  20  7  8  27  16  4  5  24  12  21  9  18  28  6  25  13  22  1  10  29 
bbbest=284
 26  14  30  15  3  23  17  11  31  19  2  20  7  8  27  16  4  5  24  12  21  9  18  28  6  25  13  22  1  10  29 
bbbest=284
 26  14  30  15  3  23  17  11  31  19  2  20  7  8  27  16  4  5  24  12  21  9  18  28  6  25  13  22  1  10  29 
bbbest=284
 26  14  30  15  3  23  17  11  31  19  2  20  7  8  27  16  4  5  24  12  21  9  18  28  6  25  13  22  1  10  29 
bbbest=284
 26  14  30  15  3  23  17  11  31  19  2  20  7  8  27  16  4  5  24  12  21  9  18  28  6  25  13  22  1  10  29 
bbbest=284
 26  14  30  15  3  23  17  11  31  19  2  20  7  8  27  16  4  5  24  12  21  9  18  28  6  25  13  22  1  10  29 
bbbest=284
 26  14  30  15  3  23  17  11  31  19  2  20  7  8  27  16  4  5  24  12  21  9  18  28  6  25  13  22  1  10  29 
bbbest=284
 26  14  30  15  3  23  17  11  31  19  2  20  7  8  27  16  4  5  24  12  21  9  18  28  6  25  13  22  1  10  29 
bbbest=284
 26  14  30  15  3  23  17  11  31  19  2  20  7  8  27  16  4  5  24  12  21  9  18  28  6  25  13  22  1  10  29 
bbbest=284
 26  14  30  15  3  23  17  11  31  19  2  20  7  8  27  16  4  5  24  12  21  9  18  28  6  25  13  22  1  10  29 
bbbest=284
 26  14  30  15  3  23  17  11  31  19  2  20  7  8  27  16  4  5  24  12  21  9  18  28  6  25  13  22  1  10  29 
bbbest=284
 26  14  30  15  3  23  17  11  31  19  2  20  7  8  27  16  4  5  24  12  21  9  18  28  6  25  13  22  1  10  29 
bbbest=284
 26  14  30  15  3  23  17  11  31  19  2  20  7  8  27  16  4  5  24  12  21  9  18  28  6  25  13  22  1  10  29 
bbbest=284
 26  14  30  15  3  23  17  11  31  19  2  20  7  8  27  16  4  5  24  12  21  9  18  28  6  25  13  22  1  10  29 
bbbest=284
 26  14  30  15  3  23  17  11  31  19  2  20  7  8  27  16  4  5  24  12  21  9  18  28  6  25  13  22  1  10  29 
bbbest=284
 26  14  30  15  3  23  17  11  31  19  2  20  7  8  27  16  4  5  24  12  21  9  18  28  6  25  13  22  1  10  29 
bbbest=284
 26  14  30  15  3  23  17  11  31  19  2  20  7  8  27  16  4  5  24  12  21  9  18  28  6  25  13  22  1  10  29 
bbbest=284
 26  14  30  15  3  23  17  11  31  19  2  20  7  8  27  16  4  5  24  12  21  9  18  28  6  25  13  22  1  10  29 
bbbest=284
 26  14  30  15  3  23  17  11  31  19  2  20  7  8  27  16  4  5  24  12  21  9  18  28  6  25  13  22  1  10  29 
bbbest=284
 26  14  30  15  3  23  17  11  31  19  2  20  7  8  27  16  4  5  24  12  21  9  18  28  6  25  13  22  1  10  29 
bbbest=284
 26  14  30  15  3  23  17  11  31  19  2  20  7  8  27  16  4  5  24  12  21  9  18  28  6  25  13  22  1  10  29 
bbbest=284
 26  14  30  15  3  23  17  11  31  19  2  20  7  8  27  16  4  5  24  12  21  9  18  28  6  25  13  22  1  10  29 
bbbest=284
 26  14  30  15  3  23  17  11  31  19  2  20  7  8  27  16  4  5  24  12  21  9  18  28  6  25  13  22  1  10  29 
bbbest=284
 26  14  30  15  3  23  17  11  31  19  2  20  7  8  27  16  4  5  24  12  21  9  18  28  6  25  13  22  1  10  29 
bbbest=284
 26  14  30  15  3  23  17  11  31  19  2  20  7  8  27  16  4  5  24  12  21  9  18  28  6  25  13  22  1  10  29 
bbbest=284
 26  14  30  15  3  23  17  11  31  19  2  20  7  8  27  16  4  5  24  12  21  9  18  28  6  25  13  22  1  10  29 
bbbest=284
 26  14  30  15  3  23  17  11  31  19  2  20  7  8  27  16  4  5  24  12  21  9  18  28  6  25  13  22  1  10  29 
bbbest=284
 26  14  30  15  3  23  17  11  31  19  2  20  7  8  27  16  4  5  24  12  21  9  18  28  6  25  13  22  1  10  29 
bbbest=284
 26  14  30  15  3  23  17  11  31  19  2  20  7  8  27  16  4  5  24  12  21  9  18  28  6  25  13  22  1  10  29 
bbbest=284
 26  14  30  15  3  23  17  11  31  19  2  20  7  8  27  16  4  5  24  12  21  9  18  28  6  25  13  22  1  10  29 
bbbest=284
 26  14  30  15  3  23  17  11  31  19  2  20  7  8  27  16  4  5  24  12  21  9  18  28  6  25  13  22  1  10  29 
bbbest=284
 26  14  30  15  3  23  17  11  31  19  2  20  7  8  27  16  4  5  24  12  21  9  18  28  6  25  13  22  1  10  29 
mmax=284
 26  14  30  15  3  23  17  11  31  19  2  20  7  8  27  16  4  5  24  12  21  9  18  28  6  25  13  22  1  10  29 
