lower=404.000000369 473 280 213 382 193 129 281 331 303 maxspan=473
122 423 277 182 290 332 524 525 210 445 maxspan=525
263 446 513 561 276 625 355 626 541 583 maxspan=626
300 456 262 154 195 343 535 301 182 365 maxspan=535
101 346 527 185 438 255 425 102 213 460 maxspan=527
357 252 319 492 472 534 458 459 562 379 maxspan=562
381 536 343 248 115 423 102 537 276 445 maxspan=537
192 480 389 322 521 154 105 302 508 543 maxspan=543
388 480 258 542 350 522 337 389 570 119 maxspan=570
258 416 325 113 494 480 192 481 220 438 maxspan=494
277 368 490 239 423 410 197 519 518 219 maxspan=519
427 293 389 202 440 182 105 322 321 140 maxspan=440
364 255 161 87 377 326 456 284 283 478 maxspan=478
320 255 508 556 569 362 441 260 536 282 maxspan=569
383 182 450 224 464 266 345 451 492 204 maxspan=492
440 531 258 127 107 322 401 402 94 280 maxspan=531
316 506 652 672 387 714 585 374 415 736 maxspan=736
508 254 442 87 543 296 375 163 470 530 maxspan=543
457 391 286 219 299 499 199 300 419 521 maxspan=521
557 519 408 428 197 340 298 341 585 219 maxspan=585
223 454 563 243 284 496 363 163 271 185 maxspan=563
262 210 329 456 224 498 408 211 436 119 maxspan=498
590 367 657 276 552 410 539 368 438 460 maxspan=657
101 481 168 228 390 270 349 208 377 207 maxspan=481
310 463 253 372 476 352 110 143 31 186 maxspan=476
498 305 186 459 318 360 439 460 214 119 maxspan=498
308 270 531 179 321 385 464 159 31 343 maxspan=531
249 470 316 210 379 512 190 211 344 366 maxspan=512
168 315 531 464 223 210 444 224 365 337 maxspan=531
330 521 417 350 430 263 199 264 292 221 maxspan=521
440 544 281 181 453 402 360 214 213 566 maxspan=566
196 287 447 559 460 379 539 380 315 337 maxspan=559
317 158 413 257 426 468 237 318 346 279 maxspan=468
369 252 161 411 425 467 331 412 31 391 maxspan=467
447 179 274 409 389 489 354 275 207 376 maxspan=489
325 466 245 487 579 287 566 467 353 375 maxspan=579
461 395 291 582 304 86 540 96 423 562 maxspan=582
536 437 346 498 478 657 615 658 465 119 maxspan=658
249 425 183 269 37 333 116 334 211 291 maxspan=425
122 473 318 521 171 360 251 172 501 382 maxspan=521
191 474 271 319 204 361 554 475 299 383 maxspan=554
415 377 161 181 258 245 495 416 286 203 maxspan=495
485 576 362 447 589 427 295 363 216 385 maxspan=589
442 533 375 187 167 229 308 404 403 555 maxspan=555
257 419 521 219 454 300 199 258 328 441 maxspan=521
472 563 630 341 434 168 421 342 126 652 maxspan=652
426 256 323 446 44 365 165 388 31 387 maxspan=446
314 276 381 480 521 563 460 163 508 185 maxspan=563
195 529 262 282 438 425 383 530 98 304 maxspan=530
374 336 496 394 407 245 175 96 203 429 maxspan=496
415 506 275 581 519 561 377 276 31 298 maxspan=581
240 331 161 452 202 63 410 453 189 432 maxspan=453
302 461 369 481 37 214 172 370 242 264 maxspan=481
455 582 248 268 491 417 347 456 375 478 maxspan=582
360 252 161 380 495 322 482 381 280 403 maxspan=495
101 378 522 621 433 420 601 287 649 455 maxspan=649
526 446 355 546 137 488 266 96 124 288 maxspan=546
226 539 336 356 448 268 435 269 188 143 maxspan=539
381 472 291 203 155 63 142 292 183 343 maxspan=472
459 312 420 144 353 221 102 421 340 124 maxspan=459
501 359 189 434 414 401 268 463 462 122 maxspan=501
227 318 385 511 491 478 189 386 414 436 maxspan=511
508 448 267 315 200 357 186 187 295 470 maxspan=508
514 221 434 557 339 476 326 537 367 536 maxspan=557
219 601 347 181 360 430 510 431 388 280 maxspan=601
446 158 408 178 233 220 340 341 261 468 maxspan=468
267 229 454 496 280 138 387 96 308 476 maxspan=496
497 379 288 517 221 158 459 380 186 208 maxspan=517
475 252 161 495 358 322 437 345 280 344 maxspan=495
413 375 480 207 242 284 102 481 130 229 maxspan=481
278 397 529 240 542 440 220 398 306 462 maxspan=542
168 301 475 110 37 210 408 476 329 498 maxspan=498
485 265 368 132 301 174 447 266 31 288 maxspan=485
347 178 309 87 37 220 454 455 375 242 maxspan=455
317 279 385 446 398 488 567 318 426 589 maxspan=589
163 397 464 124 104 306 264 125 492 185 maxspan=492
527 320 489 617 229 569 399 400 597 422 maxspan=617
310 523 432 182 365 352 602 211 210 119 maxspan=602
569 531 256 590 376 418 363 570 284 440 maxspan=590
611 447 277 489 545 531 356 532 573 469 maxspan=611
101 225 368 245 301 288 497 246 396 418 maxspan=497
416 211 278 298 471 458 377 378 98 120 maxspan=471
450 230 320 111 412 63 399 231 139 253 maxspan=450
399 318 161 482 462 360 561 361 427 449 maxspan=561
198 441 508 122 211 253 102 350 303 275 maxspan=508
101 573 482 170 294 415 373 281 150 280 maxspan=573
101 412 321 496 448 538 193 435 476 434 maxspan=538
399 319 228 361 132 521 478 479 75 341 maxspan=521
196 463 559 330 231 372 310 464 492 218 maxspan=559
532 427 494 244 545 336 624 96 294 266 maxspan=624
474 276 385 494 586 318 573 386 436 408 maxspan=586
543 246 364 463 155 505 443 247 297 269 maxspan=543
391 530 353 411 37 79 264 531 439 286 maxspan=531
616 578 431 451 487 364 322 452 243 474 maxspan=616
332 294 432 352 365 66 175 96 203 454 maxspan=454
446 341 408 609 250 567 525 96 94 589 maxspan=609
498 210 369 431 223 411 302 460 459 119 maxspan=498
405 324 182 504 517 366 484 367 233 205 maxspan=517
449 411 214 234 462 276 541 320 147 119 maxspan=541
409 520 371 429 533 575 126 576 304 276 maxspan=576
384 565 345 404 278 446 265 346 474 186 maxspan=565
408 269 545 566 178 450 348 546 478 370 maxspan=566
399 319 228 419 360 483 562 361 347 441 maxspan=562
252 343 592 512 525 413 492 96 371 214 maxspan=592
153 381 248 87 394 290 473 474 115 496 maxspan=496
572 349 639 659 426 391 505 534 533 413 maxspan=659
357 319 228 377 469 533 456 534 31 491 maxspan=534
341 474 281 213 566 383 553 214 193 303 maxspan=566
310 423 503 565 436 545 175 96 203 332 maxspan=565
104 326 235 425 117 66 405 146 145 168 maxspan=425
347 213 281 122 424 389 102 214 309 411 maxspan=424
428 362 550 248 441 483 223 271 390 270 maxspan=550
510 472 578 381 297 339 256 511 284 361 maxspan=578
385 347 256 497 477 161 464 96 525 119 maxspan=525
408 270 516 290 421 157 370 291 449 179 maxspan=516
304 158 406 468 339 448 266 159 187 326 maxspan=468
385 334 452 472 347 542 242 243 500 163 maxspan=542
400 491 278 362 313 211 169 314 342 300 maxspan=491
447 158 346 468 359 279 237 448 409 381 maxspan=468
611 553 678 573 462 342 421 701 449 700 maxspan=701
386 478 199 87 132 348 306 387 227 119 maxspan=478
346 437 504 552 308 295 102 159 532 253 maxspan=552
389 508 230 250 521 563 351 163 417 272 maxspan=563
125 347 228 87 504 490 426 491 256 448 maxspan=504
532 255 465 108 545 319 398 466 494 277 maxspan=545
381 522 343 276 135 256 214 523 431 403 maxspan=523
411 260 169 280 424 322 102 373 350 372 maxspan=424
371 304 191 124 104 413 492 333 332 213 maxspan=492
499 382 291 87 513 224 461 500 563 535 maxspan=563
402 644 469 511 37 553 364 257 285 491 maxspan=644
461 253 528 273 132 394 352 423 422 119 maxspan=528
583 416 663 181 596 223 495 96 523 545 maxspan=663
339 615 281 301 481 524 418 482 446 468 maxspan=615
375 158 245 178 389 309 468 376 337 267 maxspan=468
597 288 434 537 517 504 367 190 462 559 maxspan=597
489 182 317 509 372 359 451 510 210 532 maxspan=532
285 179 509 247 299 442 378 286 537 400 maxspan=537
331 489 398 552 265 532 631 490 293 142 maxspan=631
101 275 421 442 156 143 354 422 184 464 maxspan=464
354 445 161 316 174 296 254 175 473 495 maxspan=495
299 474 261 341 488 383 194 475 115 321 maxspan=488
454 373 161 181 467 416 260 374 495 282 maxspan=495
566 486 394 528 327 314 272 395 193 508 maxspan=566
265 440 586 327 627 307 519 628 614 349 maxspan=628
383 502 345 278 258 544 245 166 411 119 maxspan=544
233 508 417 253 195 550 332 350 31 182 maxspan=550
152 323 390 114 403 467 231 232 55 425 maxspan=467
168 481 356 389 369 289 247 390 31 119 maxspan=481
436 547 398 456 58 224 331 119 252 182 maxspan=547
322 555 178 343 111 385 464 323 98 284 maxspan=555
404 178 337 87 191 63 270 366 365 426 maxspan=426
467 257 429 87 298 340 166 468 285 362 maxspan=468
247 338 209 422 351 63 142 374 402 373 maxspan=422
357 564 473 405 60 319 643 406 385 277 maxspan=643
199 545 161 232 212 454 383 412 411 304 maxspan=545
357 515 424 255 156 319 235 143 31 277 maxspan=515
471 590 677 610 433 318 397 398 499 420 maxspan=677
481 336 182 202 37 244 415 245 443 503 maxspan=503
345 503 412 199 100 87 278 307 306 525 maxspan=525
409 602 281 371 615 351 511 432 309 431 maxspan=615
554 319 493 181 194 63 398 494 426 516 maxspan=554
429 542 328 348 662 391 621 349 649 451 maxspan=662
361 495 161 381 295 203 282 382 323 404 maxspan=495
360 655 722 380 536 422 523 260 564 444 maxspan=722
345 557 279 444 37 599 424 119 307 466 maxspan=599
369 460 186 252 473 232 331 190 119 495 maxspan=495
377 491 278 326 339 211 169 400 306 399 maxspan=491
231 322 459 157 137 392 102 193 350 124 maxspan=459
421 383 292 111 225 86 212 422 450 133 maxspan=450
539 501 410 301 314 87 199 343 342 281 maxspan=539
353 444 260 293 273 193 102 473 472 315 maxspan=473
101 371 258 475 454 441 180 455 399 280 maxspan=475
471 161 390 433 281 323 240 391 268 413 maxspan=471
270 454 556 87 489 598 363 284 232 476 maxspan=598
101 551 381 314 294 230 460 281 258 280 maxspan=551
360 451 238 258 294 63 170 171 91 281 maxspan=451
620 582 491 402 382 369 327 621 122 424 maxspan=621
265 443 352 285 137 507 586 96 124 465 maxspan=586
394 315 161 181 328 223 473 224 356 495 maxspan=495
523 297 406 585 310 565 485 311 339 206 maxspan=585
649 569 450 589 261 303 383 304 478 611 maxspan=649
472 332 539 559 76 63 433 434 241 354 maxspan=559
397 311 535 359 548 467 165 468 425 339 maxspan=548
494 436 323 456 629 616 574 495 76 345 maxspan=629
522 268 414 542 578 484 347 543 442 565 maxspan=578
283 476 350 202 385 245 555 203 182 372 maxspan=555
163 369 498 389 256 431 243 164 125 278 maxspan=498
468 158 325 257 338 380 237 258 408 430 maxspan=468
607 402 569 422 648 311 502 423 635 670 maxspan=670
536 497 364 157 297 406 284 498 31 205 maxspan=536
411 252 161 495 424 373 331 475 474 446 maxspan=495
196 430 510 530 443 260 339 531 559 218 maxspan=559
448 698 607 719 540 783 527 699 811 741 maxspan=811
367 458 526 329 76 63 605 459 309 281 maxspan=605
371 563 320 583 333 225 450 163 253 472 maxspan=583
240 341 161 383 202 504 462 505 189 363 maxspan=505
157 419 224 328 237 308 498 238 266 119 maxspan=498
540 323 469 502 482 232 402 190 568 189 maxspan=568
471 562 312 604 433 646 419 420 340 584 maxspan=646
576 468 161 488 589 232 311 190 538 510 maxspan=589
280 488 347 108 200 242 187 489 375 397 maxspan=489
451 413 245 471 280 322 177 178 98 267 maxspan=471
533 272 495 181 307 349 428 562 561 294 maxspan=562
406 539 368 560 623 448 702 540 610 582 maxspan=702
321 412 161 87 475 203 282 283 462 434 maxspan=475
122 305 443 485 135 348 214 306 376 465 maxspan=485
244 499 161 386 206 366 323 324 193 408 maxspan=499
471 349 258 433 135 391 102 472 163 413 maxspan=472
207 573 412 87 586 482 169 345 440 344 maxspan=586
650 428 337 269 570 612 535 270 456 557 maxspan=650
168 334 528 461 201 243 441 169 362 550 maxspan=550
517 182 354 415 367 479 287 183 395 437 maxspan=517
301 392 481 609 263 250 560 561 589 414 maxspan=609
104 560 469 580 402 622 361 260 389 282 maxspan=622
624 415 324 644 61 558 494 257 586 516 maxspan=644
256 448 357 276 289 490 591 290 218 512 maxspan=591
372 158 574 334 385 506 464 507 314 180 maxspan=574
425 387 161 295 253 467 240 296 495 275 maxspan=495
207 493 354 402 245 287 169 210 382 232 maxspan=493
349 596 161 311 505 492 450 190 189 371 maxspan=596
326 158 225 425 260 468 405 426 288 247 maxspan=468
104 217 346 237 439 279 426 347 467 126 maxspan=467
383 474 345 656 557 516 636 278 544 119 maxspan=656
562 420 228 483 496 463 307 421 524 329 maxspan=562
549 371 616 498 511 280 478 216 399 238 maxspan=616
217 308 388 178 321 158 518 439 438 410 maxspan=518
475 369 437 87 199 158 278 370 503 186 maxspan=503
196 466 291 333 40 375 545 546 224 313 maxspan=546
360 558 322 578 592 255 439 579 467 213 maxspan=592
376 210 310 243 223 63 455 456 338 119 maxspan=456
535 226 418 287 239 329 497 536 267 351 maxspan=536
265 550 411 431 156 63 344 551 459 143 maxspan=551
294 221 424 314 516 357 503 315 256 538 maxspan=538
356 547 296 377 229 168 456 357 126 318 maxspan=547
379 273 341 146 159 421 500 274 126 181 maxspan=500
171 507 416 527 349 213 606 214 336 308 maxspan=606
452 324 541 386 154 366 233 542 414 474 maxspan=542
219 310 161 181 365 352 495 416 415 387 maxspan=495
569 503 412 589 198 323 277 281 531 345 maxspan=589
303 394 560 493 265 224 473 561 252 182 maxspan=561
263 225 330 363 343 63 471 364 392 493 maxspan=493
235 393 302 184 197 463 542 565 421 564 maxspan=565
319 191 259 418 100 488 398 192 446 281 maxspan=488
421 327 214 441 383 369 520 370 147 236 maxspan=520
291 474 253 494 383 158 370 96 186 516 maxspan=516
468 321 388 87 230 430 194 217 115 216 maxspan=468
101 442 323 121 519 506 599 520 351 464 maxspan=599
468 158 239 402 171 360 318 172 430 382 maxspan=468
101 352 261 394 194 436 181 102 464 374 maxspan=464
234 325 161 345 196 495 424 425 453 183 maxspan=495
303 515 245 265 316 126 395 424 423 537 maxspan=537
553 299 394 515 37 595 473 96 327 495 maxspan=595
338 280 519 300 373 160 452 161 189 360 maxspan=519
155 499 316 207 329 249 408 117 527 177 maxspan=527
597 480 664 338 131 318 559 389 388 360 maxspan=664
311 158 420 468 250 353 237 273 448 272 maxspan=468
293 463 591 511 524 255 372 592 491 213 maxspan=592
101 192 272 464 205 315 444 273 365 337 maxspan=464
101 431 340 451 464 244 180 245 273 202 maxspan=464
583 273 545 435 286 477 415 478 314 336 maxspan=583
561 421 523 208 456 250 330 251 589 443 maxspan=589
485 447 593 613 526 254 356 255 513 277 maxspan=613
189 347 256 87 360 504 439 440 532 462 maxspan=532
316 278 412 445 425 487 566 345 344 588 maxspan=588
379 580 446 234 593 488 341 489 262 214 maxspan=593
371 181 500 433 333 413 320 241 240 212 maxspan=500
173 434 501 193 135 236 315 194 343 122 maxspan=501
495 367 254 457 587 437 574 187 395 276 maxspan=587
101 192 408 464 444 341 271 431 299 430 maxspan=464
441 195 403 257 104 237 336 442 470 492 maxspan=492
222 484 551 184 564 292 393 565 250 314 maxspan=565
101 318 506 149 37 360 439 507 129 182 maxspan=507
372 246 439 560 264 306 540 251 334 461 maxspan=560
300 549 430 363 584 342 262 343 458 571 maxspan=584
419 593 660 381 432 502 361 282 460 281 maxspan=660
303 158 468 346 359 401 265 326 186 325 maxspan=468
604 422 489 624 544 531 331 625 31 566 maxspan=625
246 468 313 129 109 355 208 96 496 377 maxspan=496
445 225 314 493 327 63 406 407 473 247 maxspan=493
315 158 228 277 392 357 471 229 257 379 maxspan=471
134 350 588 87 60 521 479 96 400 372 maxspan=588
493 455 244 177 257 157 364 494 285 516 maxspan=516
631 722 503 523 356 565 436 357 593 343 maxspan=722
125 381 225 158 138 268 460 226 488 290 maxspan=488
276 434 343 202 216 476 583 203 504 238 maxspan=583
395 315 462 482 328 63 224 329 357 145 maxspan=482
147 372 281 392 109 434 541 96 462 214 maxspan=541
424 241 330 150 344 386 102 331 130 263 maxspan=424
393 506 247 87 107 180 354 355 275 415 maxspan=506
403 182 470 352 365 332 261 290 289 492 maxspan=492
404 495 184 232 366 353 311 496 212 518 maxspan=518
417 274 169 437 315 357 102 183 302 379 maxspan=437
101 520 224 287 401 267 388 225 429 309 maxspan=520
199 482 161 320 495 391 300 349 348 221 maxspan=495
386 477 348 183 490 611 569 163 639 281 maxspan=639
307 546 455 122 559 601 102 336 335 388 maxspan=601
359 158 426 219 199 468 299 220 186 321 maxspan=468
345 187 496 407 279 387 266 96 307 429 maxspan=496
494 252 161 414 265 456 344 495 394 366 maxspan=495
197 288 496 350 109 330 429 96 137 159 maxspan=496
320 411 478 526 660 647 605 282 506 281 maxspan=660
657 556 344 204 591 386 465 184 619 578 maxspan=657
347 309 456 110 491 389 217 218 138 478 maxspan=491
101 436 345 185 58 278 515 214 213 236 maxspan=515
516 284 371 304 170 157 450 193 478 192 maxspan=516
450 332 412 219 345 492 199 120 520 241 maxspan=520
483 252 412 445 425 317 562 275 345 274 maxspan=562
532 494 599 361 291 403 102 278 341 313 maxspan=599
295 523 432 543 556 337 235 557 365 257 maxspan=557
357 252 161 399 265 319 478 479 507 379 maxspan=507
125 258 487 278 392 167 357 488 420 379 maxspan=488
192 555 363 225 205 267 442 296 295 464 maxspan=555
391 178 353 87 554 434 541 392 462 200 maxspan=554
101 416 525 182 324 458 311 325 210 232 maxspan=525
543 253 440 87 373 505 332 463 360 462 maxspan=543
324 510 419 243 223 285 102 286 352 210 maxspan=510
396 251 505 539 518 438 330 519 358 119 maxspan=539
428 274 390 323 140 470 105 275 303 127 maxspan=470
168 259 514 425 326 130 405 543 542 447 maxspan=543
455 683 522 417 696 564 375 190 592 397 maxspan=696
329 499 186 119 199 291 408 99 249 221 maxspan=499
480 249 442 375 355 292 559 250 342 314 maxspan=559
279 185 388 218 198 321 495 241 416 240 maxspan=495
440 287 354 402 132 174 519 520 382 196 maxspan=520
265 419 587 328 628 307 498 308 615 520 maxspan=628
468 296 205 539 430 338 417 519 518 490 maxspan=539
285 404 247 424 115 489 102 425 313 447 maxspan=489
430 161 392 284 297 472 264 163 325 185 maxspan=472
456 418 565 314 327 498 266 96 294 587 maxspan=587
275 158 342 427 440 385 237 343 31 407 maxspan=440
220 426 161 446 335 516 299 322 474 321 maxspan=516
302 545 369 454 157 412 236 370 264 434 maxspan=545
101 462 258 278 475 343 554 279 371 301 maxspan=554
222 341 184 361 518 505 463 384 250 383 maxspan=518
101 288 538 429 409 471 367 368 396 560 maxspan=560
414 354 249 513 262 63 493 263 541 376 maxspan=541
595 370 450 279 383 637 529 193 557 659 maxspan=659
655 514 321 604 617 556 423 344 584 343 maxspan=655
231 558 346 279 599 467 425 193 586 119 maxspan=599
326 187 393 483 496 463 266 96 421 288 maxspan=496
332 465 652 374 585 294 544 653 572 354 maxspan=653
469 627 536 647 288 330 409 275 31 431 maxspan=647
320 573 260 87 333 482 412 193 440 282 maxspan=573
356 460 256 318 369 298 567 568 488 590 maxspan=590
552 283 371 304 565 492 450 284 192 514 maxspan=565
343 305 410 573 614 452 531 214 601 553 maxspan=614
527 682 348 447 489 569 427 448 476 591 maxspan=682
338 158 267 287 300 200 468 339 389 361 maxspan=468
448 282 362 382 295 491 169 449 410 191 maxspan=491
459 421 526 317 330 221 633 275 554 297 maxspan=633
389 509 351 210 76 63 190 390 418 284 maxspan=509
527 618 319 447 104 489 427 320 348 126 maxspan=618
489 179 279 212 192 451 386 387 307 409 maxspan=489
482 182 323 566 546 365 444 533 532 504 maxspan=566
508 333 442 241 521 375 199 242 470 221 maxspan=521
516 366 182 408 196 450 275 183 478 388 maxspan=516
470 432 537 262 104 579 341 580 242 214 maxspan=580
143 427 323 163 336 205 105 256 255 227 maxspan=427
434 374 161 482 495 203 282 283 462 396 maxspan=495
195 496 405 157 109 316 274 96 137 338 maxspan=496
479 441 546 258 271 638 350 238 574 596 maxspan=638
579 318 464 87 477 541 397 608 607 499 maxspan=608
418 310 508 607 219 352 587 441 380 440 maxspan=607
247 338 405 167 418 209 497 96 147 119 maxspan=497
382 316 224 402 134 523 481 225 344 156 maxspan=523
354 252 161 453 466 316 433 495 494 274 maxspan=495
287 492 249 541 322 130 401 493 521 309 maxspan=541
286 377 626 489 390 559 469 186 517 648 maxspan=648
751 512 713 370 525 567 646 393 421 392 maxspan=751
296 429 258 556 127 338 536 128 457 578 maxspan=578
554 158 465 616 629 596 237 516 515 487 maxspan=629
478 339 440 359 372 248 585 373 506 607 maxspan=607
360 451 280 471 512 322 591 213 499 613 maxspan=613
101 435 316 249 228 477 180 229 344 499 maxspan=499
259 445 354 87 221 129 208 468 287 467 maxspan=468
354 316 443 556 536 73 523 444 31 376 maxspan=556
450 412 517 251 610 321 597 518 279 186 maxspan=610
549 511 256 420 100 377 335 378 128 400 maxspan=549
344 278 411 486 424 466 565 187 306 186 maxspan=565
468 158 318 430 250 360 237 251 388 410 maxspan=468
475 373 281 602 615 437 582 282 503 395 maxspan=615
275 187 362 295 454 63 441 96 237 209 maxspan=454
198 289 458 548 561 528 391 290 486 312 maxspan=561
263 514 353 534 131 423 613 264 381 286 maxspan=613
507 598 441 300 676 640 102 641 469 663 maxspan=676
328 158 487 197 290 370 277 198 398 420 maxspan=487
168 590 336 356 603 398 477 169 631 499 maxspan=631
660 378 467 530 622 510 609 468 287 400 maxspan=660
424 357 491 110 224 266 189 358 386 211 maxspan=491
398 318 161 87 512 360 477 162 540 499 maxspan=540
323 252 562 272 285 467 403 324 495 425 maxspan=562
192 311 378 554 391 433 534 96 220 455 maxspan=554
222 460 290 530 37 79 369 223 510 482 maxspan=530
557 369 666 577 679 411 490 519 518 599 maxspan=679
372 518 185 405 385 227 306 96 334 427 maxspan=518
559 499 365 153 219 408 298 366 31 521 maxspan=559
168 359 454 188 467 531 267 268 387 489 maxspan=531
469 347 256 489 360 431 568 361 389 590 maxspan=590
464 331 426 519 477 161 240 99 359 499 maxspan=519
198 318 547 338 480 590 467 548 388 360 maxspan=590
275 408 509 441 421 317 197 442 31 237 maxspan=509
353 444 190 238 273 315 523 123 218 260 maxspan=523
508 391 575 608 588 300 470 609 258 631 maxspan=631
196 158 454 216 468 308 387 455 266 238 maxspan=468
361 193 323 255 374 235 102 256 402 424 maxspan=424
333 158 245 178 346 467 425 468 273 295 maxspan=468
271 362 169 424 437 404 102 438 233 205 maxspan=438
389 508 351 284 521 161 263 264 417 119 maxspan=521
376 158 338 271 172 468 251 159 426 398 maxspan=468
585 275 513 533 547 396 354 534 424 446 maxspan=585
198 491 285 218 400 561 365 286 519 387 maxspan=561
472 678 559 492 412 720 399 320 587 434 maxspan=720
292 655 438 564 544 480 371 531 530 502 maxspan=655
480 253 399 441 58 522 332 442 550 421 maxspan=550
456 405 285 139 418 498 218 286 314 119 maxspan=498
384 182 346 266 279 224 491 492 412 246 maxspan=492
206 325 392 413 448 490 168 393 234 435 maxspan=490
488 408 296 316 201 450 567 317 229 186 maxspan=567
101 313 450 383 464 143 222 451 363 335 maxspan=464
252 343 430 363 134 522 214 135 480 452 maxspan=522
101 385 294 163 142 205 464 143 129 227 maxspan=464
428 541 228 116 283 270 362 96 390 450 maxspan=541
491 284 452 87 546 533 385 453 193 306 maxspan=546
521 483 297 202 182 392 169 350 230 543 maxspan=543
381 472 343 492 107 534 642 563 562 276 maxspan=642
418 246 527 266 380 460 367 528 31 288 maxspan=528
629 490 357 248 261 399 591 262 290 512 maxspan=629
353 315 224 373 386 479 102 409 437 408 maxspan=479
331 293 398 418 501 460 202 524 488 523 maxspan=524
405 367 196 87 418 129 275 276 446 468 maxspan=468
565 463 279 184 371 527 358 372 212 485 maxspan=565
101 316 405 134 114 476 213 406 434 338 maxspan=476
508 470 323 343 356 256 587 357 214 379 maxspan=587
485 447 228 248 37 86 355 356 276 507 maxspan=507
312 416 483 252 325 204 563 484 232 274 maxspan=563
466 415 632 486 428 63 565 192 191 214 maxspan=632
381 343 448 252 111 153 232 471 98 470 maxspan=471
395 193 260 280 357 322 102 424 423 344 maxspan=424
168 259 405 426 461 503 338 406 531 448 maxspan=531
565 426 161 87 292 334 505 335 31 527 maxspan=565
341 182 470 403 303 383 261 262 290 492 maxspan=492
424 252 161 373 386 495 353 453 452 274 maxspan=495
273 538 447 235 551 593 380 193 301 215 maxspan=593
237 390 485 257 498 299 199 499 418 119 maxspan=499
585 452 547 619 599 683 361 586 480 641 maxspan=683
668 480 582 602 515 790 748 669 630 502 maxspan=790
397 359 161 417 268 255 496 497 525 213 maxspan=525
343 533 277 363 63 210 442 146 305 168 maxspan=533
454 349 416 496 137 179 258 96 124 476 maxspan=496
463 346 573 506 37 227 425 486 255 485 maxspan=573
513 475 342 174 356 555 253 343 384 275 maxspan=555
605 775 546 566 479 438 684 567 466 396 maxspan=775
378 312 544 398 137 221 477 96 340 566 maxspan=566
424 294 161 494 307 203 386 495 474 446 maxspan=495
221 437 504 321 115 546 102 183 574 301 maxspan=574
319 498 387 407 132 281 239 320 160 119 maxspan=498
336 202 269 499 37 479 437 298 297 358 maxspan=499
334 425 161 495 254 296 241 162 453 475 maxspan=495
516 436 583 603 616 478 294 295 345 317 maxspan=616
357 544 425 577 557 619 319 358 453 240 maxspan=619
657 619 346 366 421 408 500 120 528 119 maxspan=657
280 462 169 301 220 343 102 281 371 242 maxspan=462
360 531 440 280 373 322 232 554 260 553 maxspan=554
163 349 230 470 125 63 428 471 258 450 maxspan=471
570 358 504 244 134 612 437 267 532 266 maxspan=612
173 264 523 455 135 306 407 456 435 328 maxspan=523
276 415 161 324 216 203 495 416 304 238 maxspan=495
651 591 388 408 500 159 487 117 187 613 maxspan=651
168 447 315 509 328 489 102 226 356 248 maxspan=509
235 471 302 87 316 358 197 303 31 380 maxspan=471
279 371 460 213 104 193 539 280 241 393 maxspan=539
189 350 551 209 405 392 484 96 259 231 maxspan=551
213 304 161 473 175 346 425 162 453 495 maxspan=495
289 455 544 364 302 344 169 573 572 477 maxspan=573
391 583 353 243 37 285 470 286 223 492 maxspan=583
270 453 585 204 362 495 349 496 232 518 maxspan=585
721 548 405 134 603 590 682 683 749 457 maxspan=749
516 370 437 279 478 259 102 217 465 186 maxspan=516
196 370 558 279 259 412 491 559 224 246 maxspan=559
474 436 282 573 317 616 553 574 345 304 maxspan=616
549 287 497 569 511 408 366 498 196 430 maxspan=569
309 158 271 181 364 351 443 204 31 203 maxspan=443
536 391 224 244 300 287 498 245 419 558 maxspan=558
272 495 339 221 234 381 201 382 122 404 maxspan=495
489 350 161 181 259 245 429 246 517 451 maxspan=517
381 158 321 509 171 254 460 489 488 343 maxspan=509
104 349 486 216 117 419 196 487 377 509 maxspan=509
268 469 378 489 230 310 165 311 195 217 maxspan=489
168 339 483 531 416 403 247 248 511 361 maxspan=531
505 189 291 467 304 447 383 190 98 405 maxspan=505
313 275 493 412 426 184 392 413 521 142 maxspan=521
437 648 314 356 557 399 544 357 465 336 maxspan=648
219 310 559 343 323 385 464 120 492 119 maxspan=559
563 363 272 182 404 446 525 183 391 205 maxspan=563
537 499 305 408 388 375 617 538 333 238 maxspan=617
438 305 400 471 451 214 172 472 333 494 maxspan=494
585 275 463 546 476 396 354 547 504 526 maxspan=585
456 418 200 220 133 520 327 120 248 478 maxspan=520
467 349 547 208 480 589 429 350 258 230 maxspan=589
274 365 511 531 608 573 444 236 235 595 maxspan=608
122 495 576 404 508 63 384 509 150 305 maxspan=576
148 309 376 168 389 89 468 96 196 218 maxspan=468
520 252 319 482 440 562 427 320 348 462 maxspan=562
153 295 382 315 115 424 102 154 182 204 maxspan=424
101 478 185 206 491 387 317 186 345 237 maxspan=491
225 316 186 470 329 450 408 187 498 119 maxspan=498
293 499 161 251 408 231 372 373 189 395 maxspan=499
452 311 391 122 324 494 102 392 522 414 maxspan=522
495 437 161 457 346 333 269 190 189 291 maxspan=495
179 379 246 288 37 528 458 141 486 268 maxspan=528
289 380 480 400 413 63 559 163 587 210 maxspan=587
316 599 453 486 466 386 199 278 344 508 maxspan=599
304 246 426 266 317 359 528 449 556 448 maxspan=556
510 193 389 444 424 322 102 511 472 411 maxspan=511
503 442 570 590 202 323 281 465 351 464 maxspan=590
101 492 560 401 114 602 331 493 359 381 maxspan=602
486 304 413 213 448 346 565 193 593 435 maxspan=593
466 353 635 415 428 395 545 546 223 568 maxspan=635
188 368 255 150 60 130 448 369 476 277 maxspan=476
395 486 316 184 357 226 565 249 344 248 maxspan=565
551 364 638 571 109 513 471 96 392 273 maxspan=638
219 181 348 281 389 261 490 491 376 411 maxspan=491
140 410 490 319 423 299 102 257 540 512 maxspan=540
394 486 277 182 541 528 356 395 210 119 maxspan=541
210 368 277 87 172 410 511 159 115 432 maxspan=511
101 469 330 350 58 263 221 102 378 142 maxspan=469
281 158 389 220 322 200 468 243 309 242 maxspan=468
445 340 407 487 500 249 579 580 608 467 maxspan=608
494 319 456 116 40 361 195 96 389 516 maxspan=516
594 410 556 614 678 319 489 637 665 636 maxspan=678
382 210 478 498 344 331 289 411 410 119 maxspan=498
212 304 498 431 174 161 411 213 332 119 maxspan=498
212 303 370 482 462 524 449 96 124 546 maxspan=546
195 548 615 365 457 323 444 253 281 345 maxspan=615
294 413 503 87 135 256 214 436 322 435 maxspan=503
101 192 363 267 205 247 464 268 296 385 maxspan=464
438 335 161 550 451 377 530 400 578 399 maxspan=578
425 516 353 387 367 63 286 354 126 207 maxspan=516
195 432 554 341 487 474 634 555 662 276 maxspan=662
233 413 300 111 167 153 492 154 195 322 maxspan=492
369 460 161 251 495 203 331 252 231 482 maxspan=495
347 451 518 308 360 288 196 309 246 218 maxspan=518
569 158 453 386 531 496 366 454 287 518 maxspan=569
339 288 161 467 301 531 418 447 446 489 maxspan=531
186 297 364 206 420 407 126 365 448 148 maxspan=448
101 402 532 269 465 311 612 533 452 424 maxspan=612
104 417 292 313 326 225 183 293 467 439 maxspan=467
467 270 337 551 350 531 429 99 127 489 maxspan=551
229 530 338 87 543 271 439 163 191 360 maxspan=543
537 277 457 311 290 499 390 291 31 186 maxspan=537
190 498 258 152 132 300 379 191 407 520 maxspan=520
436 182 328 492 449 398 261 450 356 472 maxspan=492
573 377 465 397 60 535 286 398 493 207 maxspan=573
349 571 480 311 109 413 291 96 599 371 maxspan=599
199 303 161 445 212 346 425 304 473 495 maxspan=495
340 179 282 302 193 410 489 180 368 215 maxspan=489
160 488 290 223 100 202 369 203 397 122 maxspan=488
322 200 468 220 109 284 401 96 496 242 maxspan=496
387 586 349 282 262 227 466 495 494 249 maxspan=586
277 368 626 559 239 438 517 226 396 539 maxspan=626
673 539 606 406 386 448 102 635 634 695 maxspan=695
508 267 349 369 176 86 470 163 31 391 maxspan=508
548 179 325 87 510 396 475 354 353 497 maxspan=548
601 563 429 349 362 472 329 430 629 651 maxspan=651
436 528 595 131 37 398 356 437 159 277 maxspan=595
211 397 278 173 433 153 512 398 306 420 maxspan=512
319 281 406 339 590 470 549 190 577 428 maxspan=590
319 410 477 87 561 548 640 506 505 281 maxspan=640
101 403 483 262 416 143 242 163 290 312 maxspan=483
303 395 210 415 223 265 494 304 31 143 maxspan=494
590 473 256 318 382 298 552 319 347 369 maxspan=590
101 429 338 270 464 250 180 271 208 451 maxspan=464
357 252 319 470 370 562 450 371 498 520 maxspan=562
101 324 391 169 483 211 470 484 149 233 maxspan=484
501 421 330 241 115 463 102 193 221 263 maxspan=501
402 191 342 450 100 492 572 493 430 364 maxspan=572
408 216 475 315 370 357 295 476 125 498 maxspan=498
513 632 410 251 264 453 343 411 541 475 maxspan=632
544 740 407 427 599 586 506 741 627 649 maxspan=741
138 346 521 87 100 255 454 347 375 213 maxspan=521
444 406 511 573 132 553 315 183 182 154 maxspan=573
101 326 184 438 339 63 418 213 212 235 maxspan=438
586 374 520 227 240 282 453 283 548 119 maxspan=586
101 277 344 150 507 415 494 345 373 529 maxspan=529
272 521 339 388 210 430 197 340 368 234 maxspan=521
515 348 256 154 528 570 477 257 398 370 maxspan=570
498 460 270 290 132 202 369 203 160 119 maxspan=498
612 379 574 399 224 288 478 479 507 246 maxspan=612
424 310 219 330 386 373 102 331 152 124 maxspan=424
307 158 269 327 201 369 470 202 498 391 maxspan=498
477 287 416 307 490 349 196 439 31 438 maxspan=490
258 417 325 437 478 220 579 326 465 500 maxspan=579
298 417 563 182 259 246 496 260 326 204 maxspan=563
307 495 161 404 320 384 240 241 269 342 maxspan=495
101 464 210 266 246 143 345 211 373 233 maxspan=464
450 182 370 202 492 412 303 479 478 224 maxspan=492
195 466 333 238 479 375 102 196 266 218 maxspan=479
539 277 344 559 479 386 465 466 587 501 maxspan=587
322 480 389 608 220 284 587 588 508 242 maxspan=608
230 363 523 543 377 272 456 364 192 565 maxspan=565
289 380 509 400 37 442 116 211 537 210 maxspan=537
196 287 416 458 300 500 154 301 75 438 maxspan=500
345 497 186 406 386 228 307 119 373 519 maxspan=519
369 308 169 217 382 424 102 309 197 331 maxspan=424
296 449 516 316 109 358 595 96 623 645 maxspan=645
248 570 336 269 583 378 479 117 210 400 maxspan=583
239 476 543 259 556 201 385 159 306 578 maxspan=578
383 345 161 403 495 231 482 232 189 254 maxspan=495
312 254 379 274 521 163 480 96 508 401 maxspan=521
519 279 346 459 438 589 425 439 547 481 maxspan=589
414 585 481 376 494 141 356 99 98 607 maxspan=607
265 437 333 499 346 479 227 266 148 521 maxspan=521
558 346 520 111 37 252 425 559 453 210 maxspan=559
484 433 161 314 446 526 294 193 342 215 maxspan=526
411 277 373 444 424 565 523 306 305 119 maxspan=565
101 335 211 244 224 144 436 102 464 357 maxspan=464
556 316 438 576 371 358 518 439 147 119 maxspan=576
317 408 256 498 511 478 189 257 436 279 maxspan=511
267 408 475 216 229 517 196 117 295 317 maxspan=517
171 649 376 558 459 418 538 119 446 671 maxspan=671
354 445 315 465 226 507 168 316 196 248 maxspan=507
168 513 251 533 546 372 330 184 400 422 maxspan=546
347 593 281 489 502 469 426 427 309 214 maxspan=593
286 627 445 536 299 515 378 516 473 649 maxspan=649
450 390 299 470 554 512 232 541 540 412 maxspan=554
334 425 161 495 296 203 282 283 475 447 maxspan=495
186 369 498 431 278 411 265 120 148 119 maxspan=498
216 178 347 87 489 258 476 259 375 397 maxspan=489
387 235 475 407 488 144 102 408 263 510 maxspan=510
104 195 368 467 230 301 447 231 31 217 maxspan=467
101 254 396 274 329 316 475 163 31 497 maxspan=497
168 414 481 323 616 523 603 524 666 638 maxspan=666
566 527 357 87 290 181 436 528 209 277 maxspan=566
125 252 491 87 138 294 373 424 423 395 maxspan=491
488 371 258 509 191 150 450 489 178 280 maxspan=509
534 417 182 596 224 576 496 183 211 246 maxspan=596
448 158 346 468 388 279 237 347 375 410 maxspan=468
567 528 437 370 131 173 252 529 280 589 maxspan=589
263 456 523 571 154 196 343 264 551 365 maxspan=571
319 430 525 339 255 567 242 281 458 163 maxspan=567
339 450 517 359 558 600 102 120 545 301 maxspan=600
586 677 548 257 270 312 453 374 481 237 maxspan=677
537 499 366 154 268 408 233 538 566 255 maxspan=566
363 560 325 217 376 419 197 377 469 441 maxspan=560
584 338 546 358 219 400 479 184 247 206 maxspan=584
379 471 258 291 271 63 550 380 341 313 maxspan=550
490 439 264 284 452 326 169 491 197 348 maxspan=491
127 490 377 310 262 248 206 249 290 399 maxspan=490
363 179 325 461 376 419 258 377 489 441 maxspan=489
224 385 544 87 398 294 477 159 252 186 maxspan=544
234 325 485 87 37 418 196 376 375 347 maxspan=485
451 253 413 471 484 295 563 324 323 346 maxspan=563
125 315 224 87 138 487 444 445 343 365 maxspan=487
196 510 419 116 288 330 275 96 144 352 maxspan=510
195 491 558 215 257 299 400 216 244 321 maxspan=558
398 489 360 616 293 89 568 190 596 638 maxspan=638
373 484 551 393 564 335 293 565 214 186 maxspan=565
446 644 323 408 657 365 553 388 474 387 maxspan=657
219 568 449 239 581 281 382 119 477 303 maxspan=581
271 479 388 192 205 313 172 502 233 501 maxspan=502
550 512 258 279 421 592 358 259 408 380 maxspan=592
101 369 256 389 134 511 469 390 162 278 maxspan=511
458 310 400 420 37 140 219 333 98 332 maxspan=458
536 498 250 87 407 292 371 372 564 394 maxspan=564
291 253 521 311 352 63 454 375 339 374 maxspan=521
414 376 205 489 469 456 284 285 98 120 maxspan=489
475 566 316 249 229 358 437 166 216 188 maxspan=566
326 288 557 389 197 368 490 369 31 411 maxspan=557
342 573 261 390 403 304 482 262 370 595 maxspan=595
101 287 196 307 422 464 386 409 129 408 maxspan=464
467 198 265 364 107 407 344 365 495 429 maxspan=495
211 444 291 311 224 353 173 467 94 466 maxspan=467
260 464 161 345 222 324 543 325 373 282 maxspan=543
168 414 509 188 280 323 267 281 442 531 maxspan=531
203 465 326 346 259 246 165 204 374 487 maxspan=487
263 205 330 392 37 372 500 393 421 522 maxspan=522
195 353 262 558 538 503 433 354 461 525 maxspan=558
434 396 543 305 44 476 263 544 31 285 maxspan=544
365 551 432 248 155 63 327 552 460 140 maxspan=552
374 532 441 565 545 234 313 314 192 336 maxspan=565
714 583 430 492 596 472 675 676 341 363 maxspan=714
134 322 409 342 147 63 488 96 91 510 maxspan=510
249 368 436 478 37 211 169 369 277 458 maxspan=478
505 380 447 467 151 138 289 96 533 210 maxspan=533
322 520 284 152 132 217 401 175 429 174 maxspan=520
409 590 476 225 292 180 371 477 618 499 maxspan=618
341 260 408 428 469 303 169 261 456 491 maxspan=491
222 565 289 87 424 411 368 369 474 446 maxspan=565
436 398 206 456 511 498 285 512 31 307 maxspan=512
538 382 449 558 291 278 236 478 477 500 maxspan=558
286 582 184 328 449 491 407 408 436 308 maxspan=582
284 246 452 500 144 130 363 131 480 385 maxspan=500
286 425 248 306 438 480 105 106 334 502 maxspan=502
546 315 382 452 466 508 625 453 432 404 maxspan=625
426 158 267 468 388 200 346 347 375 448 maxspan=468
583 532 270 203 545 312 391 96 419 441 maxspan=583
221 439 583 241 452 494 348 584 269 516 maxspan=584
322 413 163 461 474 284 242 96 441 496 maxspan=496
263 354 462 225 367 205 563 163 395 484 maxspan=563
424 221 353 373 386 285 102 286 130 243 maxspan=424
606 440 555 460 568 247 348 349 488 269 maxspan=606
516 276 386 564 478 318 465 319 544 140 maxspan=564
564 478 345 526 278 387 265 96 506 186 maxspan=564
423 302 161 350 385 203 502 211 330 372 maxspan=502
317 408 224 87 279 266 487 488 115 137 maxspan=488
501 252 319 562 514 441 398 399 542 463 maxspan=562
636 519 386 679 692 428 598 637 31 659 maxspan=692
471 225 405 338 317 66 304 318 433 493 maxspan=493
122 443 231 164 351 485 338 352 259 144 maxspan=485
373 563 230 472 265 335 452 163 293 252 maxspan=563
410 331 498 430 344 240 198 431 372 119 maxspan=498
252 506 161 181 344 387 331 345 415 214 maxspan=506
231 467 375 193 286 273 173 376 94 308 maxspan=467
101 333 436 200 369 242 180 334 464 356 maxspan=464
104 292 360 166 179 146 439 293 31 201 maxspan=439
195 517 262 282 530 324 426 347 31 346 maxspan=530
441 361 508 528 269 403 256 270 147 119 maxspan=528
440 225 535 402 340 382 304 305 468 327 maxspan=535
168 585 474 494 228 278 407 169 328 300 maxspan=585
452 336 519 245 350 414 197 337 225 372 maxspan=519
401 315 504 335 414 625 583 437 363 436 maxspan=625
417 379 484 157 288 275 613 233 534 506 maxspan=613
412 373 563 496 228 454 642 374 670 476 maxspan=670
419 297 514 381 127 339 206 515 447 361 maxspan=515
547 381 649 430 560 290 509 382 410 582 maxspan=649
192 405 314 154 247 234 535 406 456 428 maxspan=535
249 362 484 583 417 404 563 211 611 271 maxspan=611
367 286 434 454 195 328 583 329 482 504 maxspan=583
301 433 599 453 314 63 532 263 342 621 maxspan=621
363 218 450 383 104 492 325 127 246 126 maxspan=492
124 457 191 490 470 338 296 217 366 213 maxspan=490
381 158 461 236 394 525 343 216 264 483 maxspan=525
278 516 345 139 198 240 424 425 167 119 maxspan=516
573 414 281 111 322 456 535 323 309 595 maxspan=595
286 520 228 248 300 86 401 287 429 322 maxspan=520
431 221 371 531 262 304 511 432 249 393 maxspan=531
201 292 372 434 305 414 102 163 130 456 maxspan=456
338 442 529 462 351 63 272 193 300 551 maxspan=551
426 531 281 110 439 573 388 440 309 214 maxspan=573
319 452 161 339 281 494 240 495 268 361 maxspan=495
101 400 569 296 309 276 502 423 31 422 maxspan=569
101 435 265 455 170 157 344 456 198 478 maxspan=478
437 337 182 357 529 399 516 224 223 246 maxspan=529
239 559 348 281 361 201 468 159 389 261 maxspan=559
315 477 277 385 182 63 169 386 343 365 maxspan=477
157 411 320 431 473 63 253 432 460 119 maxspan=473
265 627 354 374 387 429 536 628 457 287 maxspan=628
373 484 551 393 335 322 102 141 130 280 maxspan=551
101 192 372 240 37 305 451 241 220 263 maxspan=451
424 386 295 200 180 66 145 425 228 167 maxspan=425
521 483 349 563 178 392 165 350 216 543 maxspan=563
413 375 261 87 37 455 194 262 115 284 maxspan=455
390 206 352 432 44 474 285 96 31 412 maxspan=474
263 488 397 90 103 225 182 183 330 302 maxspan=488
162 295 362 383 424 204 102 363 411 124 maxspan=424
411 523 252 431 37 294 373 432 65 142 maxspan=523
301 221 368 241 381 423 102 424 452 263 maxspan=452
281 569 349 181 243 611 428 282 456 478 maxspan=611
168 473 340 222 235 382 102 180 130 202 maxspan=473
307 426 573 269 37 227 505 506 335 249 maxspan=573
366 566 475 300 37 408 126 567 328 280 maxspan=567
213 464 175 108 372 255 359 373 492 280 maxspan=492
417 550 379 459 109 592 312 96 137 439 maxspan=592
217 308 559 177 349 391 470 178 336 492 maxspan=559
183 317 384 404 496 226 483 184 31 145 maxspan=496
326 223 413 346 132 265 492 266 520 288 maxspan=520
293 384 473 493 134 176 255 522 521 406 maxspan=522
537 317 226 337 420 379 499 159 407 559 maxspan=559
101 343 210 385 143 252 464 102 130 365 maxspan=464
443 256 566 476 456 405 335 499 363 498 maxspan=566
413 296 522 183 134 455 375 163 162 205 maxspan=522
253 187 496 350 266 308 429 96 215 330 maxspan=496
481 651 718 408 443 388 560 346 746 430 maxspan=746
396 336 245 178 37 158 116 397 425 358 maxspan=425
511 410 657 473 692 453 590 411 720 679 maxspan=720
382 593 302 154 474 344 461 594 502 235 maxspan=594
468 158 397 417 430 279 237 308 307 330 maxspan=468
218 309 376 167 180 447 147 405 404 469 maxspan=469
520 319 228 540 332 482 412 333 440 562 maxspan=562
399 361 574 87 174 161 507 428 427 119 maxspan=574
601 440 507 349 563 549 329 550 651 623 maxspan=651
471 404 258 87 313 300 550 433 432 572 maxspan=572
398 489 360 87 251 293 169 490 238 210 maxspan=490
170 261 469 281 104 323 402 492 132 491 maxspan=492
470 324 391 233 404 161 549 119 432 213 maxspan=549
467 587 429 87 362 248 327 496 495 349 maxspan=587
125 603 400 433 413 63 512 333 332 304 maxspan=603
276 224 492 375 237 63 355 238 425 397 maxspan=492
389 480 331 351 194 264 559 96 222 142 maxspan=559
421 233 383 253 316 63 142 422 281 303 maxspan=422
496 274 163 183 287 357 458 96 315 379 maxspan=496
101 563 344 393 114 225 472 373 372 136 maxspan=563
423 385 294 87 227 129 502 503 531 214 maxspan=531
402 364 273 486 206 466 565 193 125 424 maxspan=565
101 447 328 481 460 149 228 461 356 503 maxspan=503
627 510 386 406 419 719 589 226 655 677 maxspan=719
219 332 399 181 37 441 520 549 548 241 maxspan=549
410 568 477 108 308 350 266 295 294 372 maxspan=568
101 280 482 121 293 335 415 336 510 532 maxspan=532
263 158 225 427 44 385 342 343 31 407 maxspan=427
197 330 438 559 371 239 539 159 358 460 maxspan=559
557 449 323 656 336 491 636 657 519 358 maxspan=657
346 266 542 132 175 308 425 162 453 475 maxspan=542
196 158 263 404 468 305 384 405 455 427 maxspan=468
356 447 534 467 296 204 283 162 562 318 maxspan=562
399 490 268 90 201 360 569 361 296 318 maxspan=569
363 325 509 571 104 551 442 234 31 593 maxspan=593
480 158 320 240 253 362 441 442 220 502 maxspan=502
124 547 353 373 428 415 286 125 456 207 maxspan=547
493 267 455 154 134 309 388 494 522 176 maxspan=522
461 308 395 328 195 63 540 541 423 217 maxspan=541
171 411 534 292 467 454 250 412 320 272 maxspan=534
428 348 256 368 562 470 549 257 590 390 maxspan=590
486 277 406 339 420 319 565 407 448 186 maxspan=565
501 346 441 134 515 255 213 502 374 463 maxspan=515
168 259 326 360 339 424 531 340 452 382 maxspan=531
414 376 256 434 469 63 142 285 284 456 maxspan=469
440 323 231 565 523 482 402 232 510 545 maxspan=565
101 321 409 342 422 464 180 322 230 202 maxspan=464
358 277 164 184 472 319 437 320 31 459 maxspan=472
527 489 370 87 37 569 221 222 398 244 maxspan=569
344 435 227 477 490 160 306 519 518 457 maxspan=519
252 512 163 272 37 421 379 96 300 214 maxspan=512
422 384 231 265 244 63 142 245 293 164 maxspan=422
487 449 357 586 290 255 566 358 31 277 maxspan=586
488 383 450 249 501 292 165 188 31 187 maxspan=501
392 483 676 609 496 538 354 567 566 589 maxspan=676
435 526 295 154 167 568 396 397 596 317 maxspan=596
306 410 626 452 319 268 531 226 559 432 maxspan=626
272 221 461 394 234 130 540 273 568 374 maxspan=568
347 309 414 218 449 63 169 198 197 436 maxspan=449
427 277 186 297 389 491 376 492 119 449 maxspan=492
234 338 427 154 247 196 507 428 535 360 maxspan=535
101 483 293 226 184 143 392 313 171 206 maxspan=483
191 331 398 211 104 440 541 240 239 462 maxspan=541
505 308 388 87 321 130 467 217 216 527 maxspan=527
440 319 228 150 332 374 519 96 402 541 maxspan=541
460 422 185 210 524 331 289 489 488 511 maxspan=524
354 315 421 87 456 498 605 316 526 443 maxspan=605
201 312 379 221 37 421 528 119 449 550 maxspan=550
351 277 418 438 290 158 517 313 186 312 maxspan=517
655 518 362 538 295 404 617 405 31 427 maxspan=655
543 396 505 264 305 438 244 544 292 566 maxspan=566
333 444 253 353 115 295 102 473 472 186 maxspan=473
389 331 161 351 495 431 240 460 459 482 maxspan=495
489 221 288 437 451 531 389 438 417 310 maxspan=531
285 389 456 110 298 66 535 536 586 558 maxspan=586
311 531 378 412 392 273 610 379 440 231 maxspan=610
134 347 256 154 481 389 468 96 182 503 maxspan=503
406 346 556 576 489 448 175 96 476 368 maxspan=576
282 395 182 244 408 224 488 409 516 304 maxspan=516
317 279 384 404 188 66 175 96 454 426 maxspan=454
391 189 458 209 471 252 331 210 98 353 maxspan=471
331 252 161 430 265 472 410 473 293 495 maxspan=495
498 298 186 207 311 460 418 187 339 119 maxspan=498
101 336 403 464 444 222 180 223 431 245 maxspan=464
186 277 485 297 417 126 404 418 325 148 maxspan=485
404 158 323 538 496 365 483 366 566 518 maxspan=566
562 401 489 421 524 86 641 422 310 511 maxspan=641
529 463 359 183 372 63 292 163 491 213 maxspan=529
291 382 253 494 474 536 461 99 127 186 maxspan=536
372 556 272 334 464 314 451 465 31 578 maxspan=578
315 419 228 249 328 562 498 229 277 520 maxspan=562
416 378 483 177 496 566 667 287 524 588 maxspan=667
438 529 258 87 400 161 365 119 286 387 maxspan=529
140 416 283 436 216 325 102 465 464 203 maxspan=465
446 380 289 222 459 501 202 123 408 122 maxspan=501
104 274 412 467 425 317 183 275 345 447 maxspan=467
125 395 284 304 488 217 474 475 175 147 maxspan=488
304 437 187 457 492 346 266 521 520 479 maxspan=521
290 460 549 611 109 591 369 96 31 482 maxspan=611
590 439 348 524 132 504 266 462 552 461 maxspan=590
292 566 254 312 326 475 405 313 433 119 maxspan=566
310 272 456 139 181 66 389 140 168 119 maxspan=456
266 357 228 399 482 441 561 96 469 379 maxspan=561
463 412 228 562 425 270 542 321 298 320 maxspan=562
368 310 184 330 219 410 102 103 438 206 maxspan=438
316 158 554 178 567 358 487 179 386 408 maxspan=567
310 510 419 631 645 352 589 632 31 611 maxspan=645
492 405 314 454 60 225 571 434 433 247 maxspan=571
569 158 531 178 422 464 409 179 330 591 maxspan=591
311 158 533 453 466 432 390 433 208 180 maxspan=533
518 393 480 413 301 588 266 302 546 288 maxspan=588
364 576 303 195 236 485 443 326 223 325 maxspan=576
411 242 309 459 473 351 552 460 439 373 maxspan=552
432 394 224 480 535 522 303 143 460 557 maxspan=557
447 312 197 332 409 396 102 448 130 354 maxspan=448
455 253 417 337 350 317 110 111 31 275 maxspan=455
631 341 464 205 396 383 565 397 593 486 maxspan=631
171 262 371 282 464 506 451 372 534 304 maxspan=534
402 252 161 364 265 472 344 495 430 494 maxspan=495
195 569 379 478 220 262 458 207 312 284 maxspan=569
431 577 392 473 486 698 656 393 31 453 maxspan=698
421 255 350 370 383 565 522 523 283 443 maxspan=565
293 221 509 255 234 335 442 235 363 531 maxspan=531
498 397 227 518 410 160 306 519 438 460 maxspan=519
122 360 189 380 393 63 268 269 421 443 maxspan=443
377 518 184 297 277 339 263 264 405 427 maxspan=518
332 478 265 87 345 387 198 294 293 119 maxspan=478
428 632 390 448 63 541 142 449 499 471 maxspan=632
249 563 472 183 383 291 370 163 211 405 maxspan=563
245 193 424 357 206 309 102 207 337 267 maxspan=424
265 376 628 285 561 446 547 548 404 468 maxspan=628
362 182 457 202 492 323 281 324 390 479 maxspan=492
101 453 362 543 295 495 622 102 523 644 maxspan=644
196 320 559 229 209 362 470 363 391 492 maxspan=559
460 422 252 481 37 133 331 461 509 166 maxspan=509
424 184 386 444 578 565 523 235 234 206 maxspan=578
380 221 489 241 503 422 342 490 531 263 maxspan=531
341 562 303 582 143 130 420 471 448 470 maxspan=582
285 456 607 476 620 518 364 365 648 540 maxspan=648
561 358 426 523 439 503 239 359 267 461 maxspan=561
524 615 184 366 486 346 473 117 394 304 maxspan=615
262 401 548 282 561 63 481 402 310 119 maxspan=561
439 373 249 282 262 481 560 561 401 182 maxspan=561
394 266 334 175 556 436 515 267 543 356 maxspan=556
388 479 300 232 492 63 142 233 350 322 maxspan=492
667 467 353 87 522 509 629 376 550 375 maxspan=667
134 326 463 496 476 368 213 96 396 235 maxspan=496
613 367 434 533 546 276 513 547 575 234 maxspan=613
413 352 228 248 261 455 534 353 562 375 maxspan=562
164 283 492 345 104 325 425 346 192 126 maxspan=492
293 528 382 87 437 424 226 227 255 315 maxspan=528
329 484 258 291 271 371 563 163 191 393 maxspan=563
510 356 471 404 523 565 265 472 384 186 maxspan=565
195 389 262 157 297 431 510 298 31 284 maxspan=510
401 492 284 554 567 534 363 217 595 617 maxspan=617
422 255 322 342 44 384 501 99 31 523 maxspan=523
350 441 291 312 454 224 533 292 31 182 maxspan=533
478 376 285 498 124 418 110 111 31 440 maxspan=498
164 340 407 184 448 249 126 207 435 206 maxspan=448
312 206 274 87 325 66 426 207 115 347 maxspan=426
262 424 592 87 40 332 503 333 290 525 maxspan=592
101 356 423 243 37 223 181 102 451 265 maxspan=451
145 513 422 234 554 355 313 96 541 214 maxspan=554
430 602 497 622 510 172 102 511 130 392 maxspan=622
168 531 440 230 373 210 310 231 338 360 maxspan=531
410 352 518 372 423 639 597 261 451 260 maxspan=639
386 179 249 269 469 428 348 470 456 492 maxspan=492
283 203 350 111 442 245 429 112 492 464 maxspan=492
375 317 442 337 556 225 543 226 125 464 maxspan=556
336 523 404 285 298 565 265 337 432 186 maxspan=565
157 342 471 404 170 384 550 119 198 220 maxspan=550
168 531 333 253 266 211 412 169 440 233 maxspan=531
293 255 431 565 545 364 510 322 321 532 maxspan=565
399 252 319 419 100 361 521 442 128 441 maxspan=521
504 279 466 87 292 569 371 505 399 527 maxspan=569
456 603 396 329 469 511 682 512 710 418 maxspan=710
361 452 561 494 252 323 239 253 281 474 maxspan=561
316 430 638 492 278 472 571 339 265 338 maxspan=638
478 224 440 351 132 520 303 133 331 373 maxspan=520
398 517 161 538 360 246 325 518 426 347 maxspan=538
525 295 161 487 204 337 416 467 444 466 maxspan=525
157 485 253 352 498 394 332 158 186 119 maxspan=498
122 443 189 210 352 485 311 190 339 232 maxspan=485
101 205 442 375 114 355 313 234 233 464 maxspan=464
321 495 161 181 334 404 260 261 362 283 maxspan=495
434 275 184 496 475 396 354 476 462 518 maxspan=518
475 437 542 346 326 584 285 206 313 606 maxspan=606
454 313 521 375 416 355 221 222 403 543 maxspan=543
586 438 548 347 37 481 327 439 192 608 maxspan=608
434 203 355 265 396 245 513 288 383 287 maxspan=513
402 614 321 341 104 444 523 364 132 363 maxspan=614
482 252 161 272 495 444 380 301 300 402 maxspan=495
536 498 328 182 261 225 407 248 31 247 maxspan=536
234 196 301 428 104 86 408 105 329 450 maxspan=450
154 416 483 116 37 196 325 96 246 218 maxspan=483
326 187 393 413 454 496 288 96 441 209 maxspan=496
345 485 272 366 285 153 564 346 394 307 maxspan=564
265 356 443 376 37 485 227 148 147 119 maxspan=485
480 734 442 754 573 643 560 481 601 375 maxspan=754
547 158 459 300 313 255 392 256 487 509 maxspan=547
189 309 459 364 344 501 580 217 392 331 maxspan=580
423 623 532 643 134 465 357 278 385 665 maxspan=665
506 370 251 468 448 412 102 413 279 435 maxspan=506
196 322 437 342 209 63 516 517 370 231 maxspan=517
494 322 612 184 414 456 401 545 544 516 maxspan=612
597 708 559 617 385 63 464 372 492 371 maxspan=708
322 187 560 271 284 414 493 96 350 372 maxspan=560
390 351 527 460 76 63 260 352 440 412 maxspan=527
267 594 503 436 229 388 346 96 416 216 maxspan=594
291 404 471 211 111 253 190 191 98 313 maxspan=471
677 460 527 575 369 617 356 277 555 639 maxspan=677
584 158 511 683 524 444 663 374 402 546 maxspan=683
231 473 340 382 514 273 193 515 501 362 maxspan=515
575 308 388 408 321 63 487 217 515 537 maxspan=575
198 424 561 319 333 466 299 320 494 220 maxspan=561
182 273 425 293 144 336 131 294 52 358 maxspan=425
379 341 616 442 228 422 549 380 470 250 maxspan=616
478 290 379 440 420 520 199 120 407 312 maxspan=520
433 537 395 87 446 328 236 538 264 286 maxspan=538
548 252 319 361 561 403 510 96 431 341 maxspan=561
276 158 468 401 339 381 237 238 304 326 maxspan=468
238 158 448 468 359 200 317 318 346 381 maxspan=468
492 370 587 412 679 454 666 96 520 392 maxspan=679
146 480 389 322 302 267 225 509 508 289 maxspan=509
495 252 161 272 313 457 415 336 300 335 maxspan=495
195 286 454 87 104 524 387 119 482 308 maxspan=524
513 455 230 475 364 351 309 163 31 535 maxspan=535
464 426 334 484 104 160 267 335 188 506 maxspan=506
498 340 228 248 432 540 419 249 460 122 maxspan=540
456 297 523 418 153 565 376 140 31 398 maxspan=565
125 333 242 433 488 475 413 334 153 175 maxspan=488
162 416 496 283 429 325 263 96 124 184 maxspan=496
101 354 421 121 162 464 263 422 149 184 maxspan=464
317 464 279 512 373 360 591 318 492 119 maxspan=591
432 537 251 184 445 293 372 446 565 394 maxspan=565
284 515 224 411 424 558 363 516 391 246 maxspan=558
259 221 339 359 272 401 509 402 430 531 maxspan=531
370 252 319 454 332 434 534 455 562 392 maxspan=562
395 256 546 87 478 465 357 479 423 278 maxspan=546
511 322 390 445 403 231 189 323 473 425 maxspan=511
554 387 454 516 567 496 295 296 595 216 maxspan=595
270 495 161 181 404 312 391 232 231 203 maxspan=495
247 158 469 402 260 381 339 382 497 209 maxspan=497
101 252 339 272 473 381 460 474 502 524 maxspan=524
157 389 498 298 277 431 236 278 264 119 maxspan=498
687 529 375 438 570 417 649 418 557 308 maxspan=687
455 158 338 220 468 200 417 243 271 242 maxspan=468
325 660 569 367 380 502 459 460 287 347 maxspan=660
527 252 367 300 540 409 489 410 280 562 maxspan=562
196 400 467 216 309 531 295 296 98 489 maxspan=531
210 158 440 373 171 274 353 172 468 232 maxspan=468
503 378 465 398 516 63 287 208 125 207 maxspan=516
393 158 355 468 448 435 288 181 209 180 maxspan=468
514 409 476 175 127 296 254 96 155 318 maxspan=514
242 401 310 541 521 161 508 243 429 119 maxspan=541
331 443 523 352 456 140 293 332 98 214 maxspan=523
290 436 523 456 303 345 630 631 551 119 maxspan=631
642 453 591 362 604 495 721 524 523 140 maxspan=721
435 205 515 397 448 275 355 276 233 377 maxspan=515
435 276 185 455 490 318 397 519 518 477 maxspan=519
481 279 589 299 522 443 379 300 509 401 maxspan=589
434 525 376 396 307 63 294 96 553 575 maxspan=575
455 546 668 566 601 417 747 375 775 588 maxspan=775
624 349 586 519 637 471 429 350 499 659 maxspan=659
243 385 586 87 398 519 477 294 271 293 maxspan=586
389 351 184 218 198 260 518 185 439 411 maxspan=518
335 614 481 634 269 523 414 256 297 656 maxspan=656
304 395 545 478 430 588 266 546 458 417 maxspan=588
511 214 281 343 123 323 472 473 371 393 maxspan=511
372 225 292 392 535 334 471 472 500 522 maxspan=535
318 536 224 366 237 279 445 280 346 119 maxspan=536
427 588 655 389 252 469 331 216 497 238 maxspan=655
533 495 300 404 341 384 634 342 328 555 maxspan=634
481 585 395 415 494 227 328 586 443 249 maxspan=586
216 350 500 383 363 258 579 259 411 433 maxspan=579
499 290 370 432 303 412 199 461 460 119 maxspan=499
271 158 339 233 213 200 440 272 31 361 maxspan=440
365 539 327 206 448 435 102 260 393 186 maxspan=539
101 230 451 384 322 364 309 117 479 139 maxspan=479
489 429 576 509 669 338 656 577 697 451 maxspan=697
101 336 416 217 349 63 517 518 245 438 maxspan=518
383 684 450 717 697 514 593 311 310 472 maxspan=717
460 335 422 355 115 524 102 216 244 482 maxspan=524
443 158 291 463 405 505 370 506 534 392 maxspan=534
394 356 575 265 407 126 486 127 603 508 maxspan=603
244 574 312 154 587 461 391 245 419 483 maxspan=587
168 280 489 188 343 130 422 189 308 330 maxspan=489
376 288 443 197 134 176 522 177 316 338 maxspan=522
199 318 399 498 331 161 478 332 227 119 maxspan=498
261 495 161 181 194 303 382 223 222 404 maxspan=495
489 246 556 266 279 321 450 451 371 343 maxspan=556
263 533 392 325 176 305 612 163 420 442 maxspan=612
220 311 540 331 423 161 410 99 473 445 maxspan=540
302 264 405 467 316 447 173 303 94 338 maxspan=467
281 392 501 301 40 434 119 215 243 214 maxspan=501
441 381 187 290 270 257 102 120 215 403 maxspan=441
101 308 525 217 538 351 458 309 379 123 maxspan=538
101 221 364 283 296 263 493 297 392 414 maxspan=493
385 304 494 325 213 427 172 305 200 347 maxspan=494
474 158 416 436 199 242 349 200 270 186 maxspan=474
236 456 543 476 198 184 315 185 343 365 maxspan=543
389 569 478 208 624 611 703 351 236 411 maxspan=703
419 633 499 519 432 703 381 542 661 541 maxspan=703
424 678 386 508 437 63 587 438 488 460 maxspan=678
299 453 261 595 312 495 574 575 362 334 maxspan=595
346 488 187 508 104 308 266 397 374 396 maxspan=508
243 404 471 291 484 205 563 163 271 313 maxspan=563
266 534 228 400 380 442 345 443 31 367 maxspan=534
101 292 395 201 305 143 474 328 502 327 maxspan=502
486 577 448 648 37 130 381 628 605 627 maxspan=648
171 437 238 457 37 521 345 346 266 479 maxspan=521
633 595 700 341 397 383 476 384 504 722 maxspan=722
597 546 348 659 559 639 427 99 455 121 maxspan=659
307 398 529 549 562 462 269 190 590 420 maxspan=590
365 205 327 238 218 408 515 366 436 260 maxspan=515
263 422 330 87 128 543 501 331 115 565 maxspan=565
307 189 269 349 202 392 471 350 98 329 maxspan=471
216 362 500 271 229 404 579 433 432 251 maxspan=579
376 181 310 243 389 223 491 390 338 412 maxspan=491
341 452 224 361 493 558 303 516 480 515 maxspan=558
492 202 403 512 257 244 336 426 454 425 maxspan=512
295 406 473 315 565 229 552 187 257 587 maxspan=587
427 179 347 448 461 389 258 428 489 280 maxspan=489
168 339 235 388 248 430 509 340 368 531 maxspan=531
399 185 466 361 240 227 319 467 94 341 maxspan=467
191 282 450 153 492 63 383 479 478 304 maxspan=492
560 335 522 244 376 223 455 224 363 582 maxspan=582
221 312 520 452 404 562 391 453 432 119 maxspan=562
498 210 460 230 392 300 379 393 258 119 maxspan=498
231 405 193 425 314 301 126 426 259 448 maxspan=448
333 295 400 182 413 455 563 484 483 204 maxspan=563
233 182 422 333 195 73 313 234 31 355 maxspan=422
219 181 491 402 232 381 311 382 339 424 maxspan=491
592 349 258 489 469 531 456 554 377 553 maxspan=592
241 548 457 390 203 63 320 190 370 342 maxspan=548
284 539 393 304 448 435 217 246 245 326 maxspan=539
563 158 502 435 171 605 415 503 31 525 maxspan=605
168 259 502 292 272 435 371 531 530 393 maxspan=531
462 255 323 495 475 63 424 256 91 345 maxspan=495
122 351 211 260 60 472 430 240 239 144 maxspan=472
402 586 314 247 495 227 481 482 342 364 maxspan=586
535 225 456 245 469 309 389 310 497 267 maxspan=535
597 394 517 414 449 559 704 450 625 436 maxspan=704
125 514 423 87 527 168 356 126 555 277 maxspan=555
540 501 206 410 219 289 390 502 247 311 maxspan=540
292 178 381 87 37 225 460 226 254 314 maxspan=460
562 253 340 273 353 496 454 96 524 375 maxspan=562
101 192 531 422 402 464 389 310 31 214 maxspan=531
125 537 369 664 404 446 644 665 565 391 maxspan=665
199 432 161 219 445 261 341 262 495 467 maxspan=495
351 443 164 463 476 313 271 352 192 498 maxspan=498
220 437 182 254 234 346 102 221 282 304 maxspan=437
348 540 607 226 239 310 427 240 268 449 maxspan=607
447 409 276 150 461 318 102 448 130 209 maxspan=461
195 286 516 319 299 157 426 449 347 448 maxspan=516
412 503 281 523 295 161 374 282 189 119 maxspan=523
160 459 227 260 240 87 368 261 289 122 maxspan=459
189 280 441 373 583 625 542 374 570 463 maxspan=625
272 425 212 334 37 314 116 145 144 234 maxspan=425
357 576 424 444 485 232 311 190 472 598 maxspan=598
432 263 330 172 152 394 512 433 540 352 maxspan=540
197 316 418 517 351 158 497 159 225 338 maxspan=517
490 601 452 510 109 385 343 96 264 236 maxspan=601
457 311 378 107 391 87 197 198 419 220 maxspan=457
199 482 161 369 495 348 306 349 227 391 maxspan=495
485 360 447 380 215 528 110 486 31 550 maxspan=550
315 185 402 335 416 255 495 403 213 277 maxspan=495
461 382 291 582 395 158 562 159 423 483 maxspan=582
573 340 534 439 586 184 419 535 467 142 maxspan=586
413 333 242 353 175 162 520 120 441 375 maxspan=520
320 411 260 445 425 566 524 412 193 282 maxspan=566
248 210 499 119 390 432 355 99 276 377 maxspan=499
412 570 479 267 37 612 374 141 295 163 maxspan=612
222 322 417 184 494 481 573 119 350 439 maxspan=573
470 281 432 512 322 364 190 365 309 492 maxspan=512
101 493 327 389 402 369 260 180 543 515 maxspan=543
290 381 555 610 568 138 488 96 409 590 maxspan=610
423 343 569 589 252 385 502 96 124 611 maxspan=611
417 536 603 300 616 158 379 617 445 280 maxspan=617
157 277 498 297 352 339 431 186 185 119 maxspan=498
521 278 588 420 455 400 358 279 483 442 maxspan=588
462 423 161 482 37 231 332 424 189 253 maxspan=482
383 345 563 482 495 87 462 496 591 613 maxspan=613
177 388 477 139 297 519 256 119 284 410 maxspan=519
471 604 433 653 366 513 353 633 632 274 maxspan=653
398 281 465 507 190 550 360 508 578 487 maxspan=578
361 573 323 403 587 629 482 574 657 383 maxspan=657
290 543 161 206 452 332 439 162 360 565 maxspan=565
368 330 239 532 545 490 447 448 172 512 maxspan=545
394 356 265 427 407 63 198 456 455 119 maxspan=456
433 179 663 683 517 476 596 434 504 395 maxspan=683
158 282 371 191 171 492 450 120 520 304 maxspan=520
455 568 635 711 690 677 417 691 739 477 maxspan=739
290 476 385 496 573 560 199 574 318 518 maxspan=574
613 483 750 655 575 392 562 350 683 635 maxspan=750
419 314 381 87 195 161 498 499 223 119 maxspan=499
300 242 389 262 139 126 468 140 54 322 maxspan=468
349 440 269 202 555 311 520 441 31 542 maxspan=555
553 158 374 515 495 595 482 403 402 307 maxspan=595
392 505 184 311 518 354 291 312 212 414 maxspan=518
545 255 401 150 506 493 334 507 429 451 maxspan=545
436 398 503 285 237 545 223 224 265 307 maxspan=545
125 460 254 187 290 167 369 277 52 276 maxspan=460
357 629 538 87 392 671 471 163 115 379 maxspan=671
125 257 425 488 138 468 336 426 166 358 maxspan=488
407 356 595 265 369 449 528 96 54 143 maxspan=595
134 308 395 328 147 217 496 96 175 417 maxspan=496
363 482 224 502 558 544 325 545 391 246 maxspan=558
303 582 412 323 237 224 491 583 265 345 maxspan=583
447 279 408 341 134 321 102 409 184 156 maxspan=447
218 322 409 342 231 451 102 180 130 473 maxspan=473
489 158 598 191 171 531 451 350 626 648 maxspan=648
101 192 372 241 58 283 451 193 221 305 maxspan=451
506 468 573 111 377 336 272 193 364 294 maxspan=573
438 529 596 207 37 321 400 187 235 186 maxspan=596
101 383 450 185 463 143 264 464 292 165 maxspan=464
418 158 225 258 238 301 380 259 468 440 maxspan=468
495 265 161 313 174 377 457 378 293 335 maxspan=495
491 316 405 453 546 533 626 547 433 338 maxspan=626
592 372 228 554 385 534 492 281 413 280 maxspan=592
269 481 161 289 495 231 368 482 189 390 maxspan=495
460 422 256 318 331 298 102 131 130 153 maxspan=460
586 318 385 526 227 506 464 96 614 548 maxspan=614
101 503 190 250 384 292 371 230 412 123 maxspan=503
444 226 293 342 457 406 126 322 321 364 maxspan=457
370 475 185 574 383 616 554 384 332 304 maxspan=616
286 158 488 530 378 420 365 421 558 510 maxspan=558
458 203 312 478 491 245 419 420 340 513 maxspan=513
326 417 287 220 601 459 538 288 588 560 maxspan=601
446 158 513 533 265 252 408 294 293 329 maxspan=533
468 158 430 283 171 241 362 363 199 263 maxspan=468
722 684 444 492 296 338 593 96 472 514 maxspan=722
329 441 571 350 454 63 291 330 504 476 maxspan=571
388 558 645 578 350 687 467 287 337 309 maxspan=687
680 520 629 429 642 562 409 703 330 702 maxspan=703
427 519 389 567 201 322 280 428 547 589 maxspan=589
224 407 545 565 237 449 316 450 478 186 maxspan=565
195 475 542 87 236 129 361 362 223 384 maxspan=542
101 253 381 273 286 63 460 102 314 124 maxspan=460
284 403 532 423 245 465 232 246 312 119 maxspan=532
196 158 417 229 209 271 350 446 445 468 maxspan=468
199 402 161 311 212 444 291 473 472 495 maxspan=495
541 503 228 561 348 390 335 562 256 412 maxspan=562
219 477 544 614 344 386 331 96 572 594 maxspan=614
487 382 449 184 37 162 291 120 212 119 maxspan=487
402 272 161 181 285 444 364 495 494 466 maxspan=495
199 453 161 495 212 334 291 292 362 475 maxspan=495
195 368 597 116 381 423 502 96 530 277 maxspan=597
233 484 351 182 195 393 563 284 283 255 maxspan=563
565 419 499 585 432 227 328 96 527 249 maxspan=585
505 279 346 561 518 388 467 519 589 541 maxspan=589
196 415 546 295 559 479 275 324 323 437 maxspan=559
285 376 443 463 182 224 169 247 491 246 maxspan=491
326 288 413 346 505 197 492 506 556 528 maxspan=556
101 461 182 481 199 348 278 482 306 370 maxspan=482
101 334 402 422 221 464 180 335 208 243 maxspan=464
101 585 652 466 424 410 180 411 494 446 maxspan=652
267 228 468 87 401 309 388 229 496 518 maxspan=518
562 461 228 482 370 524 307 462 335 357 maxspan=562
287 494 403 336 549 536 650 288 316 571 maxspan=650
503 376 465 206 544 130 285 131 531 398 maxspan=544
251 386 453 125 295 167 105 454 279 213 maxspan=454
339 158 526 178 459 220 446 527 367 301 maxspan=527
424 557 336 269 249 466 636 637 364 386 maxspan=637
209 488 289 171 222 126 397 318 317 510 maxspan=510
221 419 522 87 432 129 300 433 328 455 maxspan=522
377 255 486 298 311 419 565 256 339 278 maxspan=565
168 489 398 509 209 251 331 252 196 119 maxspan=509
416 592 258 459 378 501 337 417 365 439 maxspan=592
519 481 389 281 322 160 239 390 309 261 maxspan=519
329 488 397 536 549 591 291 330 516 613 maxspan=613
101 499 287 519 533 408 366 520 220 555 maxspan=555
219 484 393 517 497 559 298 96 326 581 maxspan=581
543 743 610 505 652 485 443 611 639 364 maxspan=743
540 501 235 334 553 168 314 502 126 410 maxspan=553
396 488 330 181 37 161 263 397 358 119 maxspan=488
544 413 322 213 426 255 505 506 193 566 maxspan=566
274 473 184 493 548 535 353 382 381 236 maxspan=548
261 181 491 388 424 223 340 389 368 411 maxspan=491
101 464 168 265 181 245 345 266 373 203 maxspan=464
593 472 260 381 485 555 361 193 513 282 maxspan=593
134 512 201 279 421 554 380 96 408 301 maxspan=554
358 449 529 628 462 320 608 278 31 650 maxspan=650
269 462 161 482 495 231 349 270 189 371 maxspan=495
219 158 299 319 232 440 398 181 31 180 maxspan=440
200 291 562 311 324 416 495 162 352 374 maxspan=562
285 158 225 305 37 455 413 306 334 247 maxspan=455
360 538 427 447 193 63 272 180 300 322 maxspan=538
258 349 416 110 134 537 495 538 566 156 maxspan=566
579 318 464 599 477 519 397 628 627 541 maxspan=628
168 469 364 87 378 130 275 365 196 297 maxspan=469
339 287 448 490 301 381 196 288 518 470 maxspan=518
438 529 399 332 542 312 242 400 270 163 maxspan=542
270 404 491 424 504 312 232 313 150 526 maxspan=526
224 158 348 368 238 410 489 225 186 281 maxspan=489
219 181 357 239 370 491 449 240 290 262 maxspan=491
482 424 161 444 37 232 311 190 189 333 maxspan=482
125 252 415 87 507 348 494 306 535 305 maxspan=535
262 386 161 295 275 530 466 387 558 488 maxspan=558
400 362 467 190 170 157 546 271 270 212 maxspan=546
331 471 593 351 484 526 293 352 380 214 maxspan=593
404 196 291 311 324 366 105 405 455 427 maxspan=455
101 340 249 474 454 143 441 475 503 362 maxspan=503
476 416 543 245 197 184 324 325 225 438 maxspan=543
237 398 520 440 453 279 199 96 307 420 maxspan=520
330 441 213 350 44 86 292 146 31 145 maxspan=441
326 288 476 381 339 110 556 477 409 361 maxspan=556
562 395 304 181 194 236 496 237 524 417 maxspan=562
125 460 527 334 347 314 272 193 555 369 maxspan=555
474 632 541 393 294 436 373 394 31 281 maxspan=632
285 456 587 181 222 520 364 365 209 478 maxspan=587
101 414 323 485 114 606 564 437 465 436 maxspan=606
198 539 447 380 360 240 347 448 268 119 maxspan=539
548 510 615 419 334 399 293 357 321 356 maxspan=615
493 356 265 455 37 197 435 198 521 543 maxspan=543
354 158 296 316 207 63 433 166 194 229 maxspan=433
471 433 252 342 506 294 585 586 322 493 maxspan=586
329 532 228 349 362 270 441 561 560 142 maxspan=561
261 352 527 181 37 223 460 381 380 549 maxspan=549
387 192 307 212 100 349 466 101 240 488 maxspan=488
472 563 249 182 434 370 328 393 421 392 maxspan=563
367 249 469 111 380 539 329 250 497 402 maxspan=539
168 317 385 554 226 427 534 318 455 213 maxspan=554
168 259 326 360 339 452 102 340 410 382 maxspan=452
241 161 328 261 420 203 407 471 470 442 maxspan=471
588 458 655 248 288 550 367 656 486 508 maxspan=656
328 498 270 290 175 162 407 120 203 119 maxspan=498
332 158 251 184 474 294 439 252 360 461 maxspan=474
326 275 585 374 288 438 518 439 354 396 maxspan=585
206 477 386 319 219 519 299 220 168 140 maxspan=519
560 445 354 580 458 522 102 287 608 480 maxspan=608
402 363 208 435 415 250 102 364 130 272 maxspan=435
168 344 411 188 452 252 102 253 439 210 maxspan=452
385 575 683 405 616 347 484 305 603 705 maxspan=705
513 475 370 261 383 303 592 384 241 213 maxspan=592
512 395 262 304 37 554 474 119 195 284 maxspan=554
486 381 448 248 37 290 588 487 149 509 maxspan=588
416 272 161 181 335 377 495 378 300 322 maxspan=495
196 559 448 468 352 317 275 381 380 339 maxspan=559
357 193 424 297 276 263 102 277 221 319 maxspan=424
472 320 602 492 333 535 412 493 128 434 maxspan=602
235 354 434 476 367 63 196 197 263 456 maxspan=476
598 288 560 493 472 358 459 473 316 380 maxspan=598
217 375 284 87 467 179 454 468 115 137 maxspan=468
363 483 550 312 325 592 292 364 392 213 maxspan=592
515 246 313 477 528 457 415 314 556 336 maxspan=556
343 454 283 363 115 157 102 158 186 305 maxspan=454
373 335 224 244 157 144 102 424 401 423 maxspan=424
480 350 569 181 442 63 429 193 161 502 maxspan=569
486 365 224 385 448 266 565 566 435 407 maxspan=566
297 544 611 259 389 431 376 612 239 453 maxspan=612
501 592 443 463 375 255 334 376 362 213 maxspan=592
248 481 590 210 261 523 368 591 289 390 maxspan=591
440 592 322 460 501 255 401 402 488 213 maxspan=592
235 422 302 519 499 464 102 303 331 486 maxspan=519
310 252 499 272 160 352 431 432 147 119 maxspan=499
316 428 265 337 278 470 198 317 498 119 maxspan=498
557 318 420 440 353 159 519 117 78 340 maxspan=557
489 429 338 271 172 63 251 159 517 451 maxspan=517
596 465 374 616 228 558 307 494 493 516 maxspan=616
484 410 277 182 424 319 102 411 210 446 maxspan=484
379 341 215 399 228 441 520 120 148 250 maxspan=520
290 448 357 468 109 252 188 96 496 210 maxspan=496
279 472 241 492 132 174 381 280 31 302 maxspan=492
327 201 288 221 340 404 110 289 31 362 maxspan=404
it=1337