var1=:0.999995125
var2=:0.999990250
a=0.007079
times: 0
cpTO[0]=79855.745568 
cpSO[0]=
52 51 50 48 49 53 54 82 83 84 85 109 108 107 106 105 103 104 81 80 79 78 110 111 112 113 143 142 140 141 139 137 138 136 135 134 130 114 131 132 133 129 128 123 127 126 125 124 121 122 120 119 118 117 116 115 90 91 92 93 94 95 96 97 98 88 89 99 100 101 102 87 86 77 76 75 74 73 72 68 67 66 65 64 62 63 61 60 59 58 47 46 45 34 35 23 24 25 55 56 57 33 30 31 32 29 26 28 27 1 0 2 3 4 5 21 22 36 37 19 17 16 20 7 18 6 8 9 10 11 12 13 14 15 41 40 43 42 44 71 70 69 39 38 
cpTO[0]=79855.745568 
cpTO[1]=75364.410623 
cpSO[1]=
56 55 54 53 52 51 48 49 50 82 83 110 111 113 112 142 143 141 140 139 138 137 136 135 134 130 114 131 132 133 128 129 127 126 125 124 123 122 121 120 119 118 117 116 115 99 100 101 102 86 87 105 106 108 107 104 103 109 85 84 81 80 78 79 57 59 58 47 46 45 30 31 32 33 29 24 23 35 34 25 26 28 27 1 0 2 3 4 5 21 22 36 7 6 8 9 10 11 18 20 19 17 16 40 41 15 14 12 13 42 43 44 70 71 90 91 92 93 94 95 96 97 98 89 88 77 76 74 75 73 72 69 68 67 39 38 37 66 65 64 63 61 60 62 
cpTO[1]=75364.410623 
cpTO[2]=88833.042391 
cpSO[2]=
52 53 51 50 49 48 113 112 111 110 143 142 141 140 139 138 137 136 135 134 133 129 126 127 128 119 118 117 116 115 120 121 122 123 124 125 132 131 130 114 84 85 78 86 87 79 80 81 57 54 55 56 82 83 109 108 107 106 105 104 103 102 101 100 98 89 99 95 97 96 93 94 92 91 90 72 73 74 88 77 76 75 67 64 63 62 61 60 59 58 47 46 45 33 30 31 32 28 27 1 5 4 3 2 0 26 29 25 34 35 24 23 36 37 65 66 68 69 71 70 44 43 42 13 12 14 15 41 40 16 17 20 19 18 11 10 9 8 6 7 21 22 39 38 
cpTO[2]=88833.042391 
cpTO[3]=81042.725032 
cpSO[3]=
52 51 50 48 49 53 54 55 56 57 58 47 46 45 59 78 79 80 81 82 83 84 85 104 103 105 129 128 127 126 125 124 123 121 120 119 118 117 116 115 122 133 134 106 107 108 109 110 111 112 113 138 139 140 141 142 143 137 136 135 114 130 131 132 87 86 102 101 100 99 76 75 74 73 72 77 88 98 89 97 96 95 94 93 92 91 90 71 70 44 43 42 68 69 66 67 65 64 63 61 60 62 16 19 20 17 40 41 14 15 13 12 11 9 10 8 6 18 7 21 22 5 4 3 0 2 1 27 28 30 31 32 33 29 26 25 34 35 24 23 36 37 39 38 
cpTO[3]=81042.725032 
cpTO[4]=79022.069429 
cpSO[4]=
134 135 141 142 143 140 139 138 137 136 109 104 103 105 106 107 108 85 84 83 82 81 80 79 78 45 46 47 58 23 24 35 25 26 29 34 28 33 32 31 30 27 4 3 2 0 1 5 21 22 39 38 37 36 7 6 8 9 10 11 18 19 17 20 40 41 16 15 14 12 13 42 43 44 70 71 69 68 67 66 65 64 63 61 62 60 59 57 56 55 54 53 52 51 50 49 48 111 113 112 110 131 130 114 133 132 129 128 125 115 116 117 118 119 120 121 122 123 124 126 127 97 96 95 94 93 92 90 91 88 77 73 72 75 74 76 89 98 99 100 86 87 102 101 
cpTO[4]=79022.069429 
cpTO[5]=71948.172799 
cpSO[5]=
0 1 28 27 22 36 37 38 39 21 7 6 8 9 10 11 18 19 20 17 16 40 41 15 14 12 13 42 43 44 70 71 68 69 74 73 91 90 72 75 76 77 88 98 89 92 93 94 95 96 97 99 100 86 87 102 101 129 128 125 115 116 117 118 119 122 121 120 123 124 126 127 133 132 131 130 114 134 135 136 137 138 139 140 141 142 143 110 111 112 113 108 107 104 103 105 106 109 85 84 83 82 81 80 79 78 61 64 66 67 65 63 62 60 59 58 45 46 47 57 56 55 54 53 52 51 50 49 48 30 31 32 33 29 26 25 34 35 23 24 5 4 3 2 
cpTO[5]=71948.172799 
cpTO[6]=78440.224229 
cpSO[6]=
62 63 64 61 66 65 67 69 68 71 70 44 43 42 40 16 41 15 14 13 12 9 10 11 8 6 7 18 17 19 20 38 39 37 36 22 21 23 24 25 26 5 4 3 2 0 1 27 28 29 33 30 31 32 48 49 50 51 52 53 54 55 56 57 47 58 59 46 45 34 35 60 78 86 87 102 101 100 76 77 88 72 73 74 75 90 91 93 92 94 95 96 98 97 89 99 117 116 115 118 119 120 121 122 123 124 125 126 127 128 129 130 114 131 132 133 134 135 136 137 139 141 140 142 143 138 110 112 113 111 107 104 103 105 106 108 109 85 84 83 79 80 81 82 
cpTO[6]=78440.224229 
cpTO[7]=75599.735509 
cpSO[7]=
65 64 67 68 69 66 63 62 61 60 45 46 47 58 59 48 49 50 51 52 53 54 56 55 57 78 86 87 101 102 129 130 114 131 132 133 134 138 137 135 136 139 140 141 142 143 110 111 112 113 82 81 80 79 83 84 85 109 108 107 106 105 104 103 100 99 128 127 126 124 125 123 122 121 120 119 118 117 116 115 90 91 94 95 92 93 96 97 98 89 88 76 77 75 74 73 72 43 44 71 70 42 36 23 24 35 34 25 26 27 28 29 33 32 31 30 1 0 2 3 4 5 21 22 37 38 39 19 18 7 6 8 9 10 11 12 13 14 15 41 40 20 17 16 
cpTO[7]=75599.735509 
cpTO[8]=79916.249323 
cpSO[8]=
101 100 102 87 86 83 82 81 80 78 79 108 107 105 103 104 106 109 85 84 110 111 112 113 134 135 136 137 138 139 140 141 142 143 114 131 130 132 133 129 126 124 127 128 125 122 123 121 120 119 118 117 116 115 91 90 93 92 94 95 96 97 98 89 99 88 77 75 74 72 73 76 71 70 44 42 43 14 13 12 11 10 9 8 6 7 18 19 20 17 16 15 41 40 60 61 62 63 64 65 66 69 68 67 59 58 47 46 45 56 57 55 54 51 48 49 50 53 52 22 21 37 39 38 36 23 24 34 35 25 26 29 28 1 0 27 5 4 3 2 30 31 33 32 
cpTO[8]=79916.249323 
cpTO[9]=90884.033111 
cpSO[9]=
121 120 118 119 117 116 115 94 95 96 97 98 89 88 75 67 68 69 66 65 64 63 62 61 60 80 81 79 78 59 47 58 46 45 22 21 23 24 35 34 25 26 29 56 55 57 54 53 52 51 50 49 48 31 30 33 32 28 27 1 0 2 3 4 5 7 36 37 38 39 20 19 18 6 9 8 10 11 13 12 16 17 40 15 14 41 42 43 44 70 71 74 73 72 90 91 92 93 77 76 102 101 100 99 87 86 104 103 105 85 109 134 135 136 137 139 138 140 141 142 143 132 133 131 130 114 129 128 127 126 122 123 124 125 106 107 108 82 83 84 110 111 112 113 
cpTO[9]=90884.033111 
ini=
 best=71948.172799 position=5
0 1 28 27 22 36 37 38 39 21 7 6 8 9 10 11 18 19 20 17 16 40 41 15 14 12 13 42 43 44 70 71 68 69 74 73 91 90 72 75 76 77 88 98 89 92 93 94 95 96 97 99 100 86 87 102 101 129 128 125 115 116 117 118 119 122 121 120 123 124 126 127 133 132 131 130 114 134 135 136 137 138 139 140 141 142 143 110 111 112 113 108 107 104 103 105 106 109 85 84 83 82 81 80 79 78 61 64 66 67 65 63 62 60 59 58 45 46 47 57 56 55 54 53 52 51 50 49 48 30 31 32 33 29 26 25 34 35 23 24 5 4 3 2 
solution is:58535.221761.       temperature is:0.003253
Tue Dec 10 10:45:26 2013
times: 1
cpTO[0]=70355.020980 
cpSO[0]=
52 51 50 48 49 53 54 55 56 57 78 79 80 81 82 83 84 85 109 108 107 104 103 105 106 110 111 112 113 143 142 141 140 139 138 137 136 135 134 133 132 131 130 114 129 128 127 126 125 124 123 122 121 120 119 118 117 116 115 91 90 92 93 94 95 96 97 98 89 88 99 100 101 102 87 86 77 76 75 74 73 72 68 67 66 65 64 63 62 61 60 59 58 47 46 45 30 31 32 33 34 35 25 24 23 29 26 28 27 1 0 2 3 4 5 21 22 36 37 69 71 70 44 43 42 40 41 15 14 13 12 11 10 9 8 6 7 18 19 16 17 20 39 38 
cpTO[0]=70355.020980 
cpTO[1]=66115.524777 
cpSO[1]=
56 55 54 53 52 51 48 49 50 57 82 83 110 111 113 112 143 142 141 140 139 138 137 136 135 134 133 132 131 130 114 129 128 127 126 125 124 123 122 121 120 119 118 117 116 115 99 100 101 102 87 86 103 104 105 106 107 108 109 85 84 81 80 79 78 59 58 47 46 45 30 31 32 33 29 26 25 34 35 23 24 28 27 1 0 2 3 4 5 21 22 36 37 38 39 7 6 8 9 10 11 18 19 20 17 16 40 41 15 14 12 13 42 43 44 70 71 90 91 92 93 94 95 96 97 98 89 88 77 76 75 74 73 72 69 68 67 66 65 64 63 61 60 62 
cpTO[1]=66115.524777 
cpTO[2]=70786.931482 
cpSO[2]=
52 48 49 50 51 53 54 55 56 57 82 81 80 79 78 86 87 101 102 103 104 105 106 107 108 109 85 84 83 110 111 112 113 143 142 141 140 139 138 137 136 135 134 133 132 131 130 114 128 129 127 126 125 124 123 122 121 120 119 118 117 116 115 100 99 89 98 97 96 93 95 94 92 91 90 72 73 74 88 77 76 75 71 70 44 43 42 69 68 67 66 65 64 63 62 61 60 59 58 47 46 45 33 32 31 30 0 2 3 4 5 1 27 28 29 26 25 34 35 24 23 21 22 36 37 7 6 8 9 10 11 18 19 13 12 14 15 41 40 16 17 20 39 38 
cpTO[2]=70786.931482 
cpTO[3]=67702.857285 
cpSO[3]=
52 51 50 48 49 53 54 55 56 57 45 46 47 58 59 78 79 80 81 82 83 84 85 106 105 103 104 107 108 109 110 111 112 113 138 139 140 141 142 143 137 136 135 134 133 132 131 130 114 129 128 127 126 125 124 123 122 121 120 119 118 117 116 115 99 100 101 102 87 86 76 75 74 73 72 77 88 89 98 97 96 95 94 93 92 91 90 71 70 44 43 42 69 68 66 67 65 64 63 62 61 60 20 19 17 16 40 41 15 14 13 12 11 10 9 8 6 7 18 22 21 5 4 3 2 0 1 27 28 30 31 32 33 29 26 25 34 35 24 23 36 37 39 38 
cpTO[3]=67702.857285 
cpTO[4]=67700.038309 
cpSO[4]=
134 135 136 137 138 139 140 141 142 143 110 111 112 113 48 49 50 51 52 53 54 55 30 31 32 33 29 25 34 35 24 23 26 28 27 4 3 2 0 1 5 21 22 36 37 38 39 7 6 8 9 10 11 18 19 20 17 16 40 41 15 14 12 13 42 43 44 70 71 69 68 67 66 65 64 63 62 61 60 59 45 46 47 58 57 56 78 79 80 81 82 83 84 85 109 108 107 106 104 103 105 114 130 131 132 133 129 128 127 126 125 124 123 122 121 120 119 118 117 116 115 95 97 96 94 93 92 90 91 72 73 74 75 76 77 88 89 98 99 100 86 87 102 101 
cpTO[4]=67700.038309 
cpTO[5]=58535.221761 
cpSO[5]=
100 99 98 95 94 92 93 96 97 89 88 77 76 75 74 73 72 90 91 115 116 117 118 119 120 121 122 123 124 125 126 127 128 129 114 130 131 132 133 134 135 136 137 138 139 140 141 142 143 113 112 111 110 109 106 105 103 104 107 108 85 84 83 82 81 80 79 78 59 58 47 46 45 57 56 55 54 53 52 51 50 49 48 30 31 32 33 29 34 35 23 24 25 26 28 27 1 0 2 3 4 5 21 22 36 37 38 39 20 40 41 14 15 16 17 19 18 7 6 8 9 10 11 12 13 42 43 44 70 71 69 68 67 66 65 64 63 62 61 60 86 87 102 101 
cpTO[5]=58535.221761 
cpTO[6]=68573.415579 
cpSO[6]=
62 61 63 64 65 66 67 68 69 71 70 44 43 42 41 40 16 15 14 13 12 11 10 9 8 6 7 18 19 20 17 39 38 37 36 22 21 23 24 25 26 5 4 3 2 0 1 27 28 33 32 31 30 29 34 35 48 49 50 51 52 53 54 55 56 57 59 58 47 46 45 60 78 86 87 102 101 100 99 89 88 77 76 75 74 73 72 90 91 92 93 94 95 96 97 98 115 116 117 118 119 120 121 122 123 124 125 126 127 128 129 114 130 131 132 133 134 135 136 137 138 139 140 142 141 143 112 113 111 110 109 108 106 105 103 104 107 85 84 83 79 80 81 82 
cpTO[6]=68573.415579 
cpTO[7]=64555.288864 
cpSO[7]=
65 60 61 62 63 64 66 68 67 69 42 43 44 70 71 72 73 74 75 76 77 88 89 98 97 96 95 94 93 92 90 91 115 116 117 118 119 120 121 122 123 124 125 126 127 128 129 99 100 101 102 87 86 78 79 80 81 82 83 84 85 109 108 107 106 105 104 103 130 114 131 132 133 134 136 135 137 138 139 140 141 142 143 113 112 111 110 48 49 50 51 52 53 54 55 56 57 59 58 47 46 45 22 21 5 4 3 2 0 1 27 28 33 32 31 30 29 26 25 34 35 24 23 36 37 38 39 19 18 7 6 8 9 10 11 12 13 14 15 41 40 20 17 16 
cpTO[7]=64555.288864 
cpTO[8]=70900.255335 
cpSO[8]=
101 100 102 87 86 78 79 80 81 82 83 84 85 103 104 105 106 107 108 109 110 111 112 113 143 142 141 140 139 138 137 136 135 134 133 132 131 130 114 129 128 127 126 125 124 123 122 121 120 119 118 117 116 115 91 90 92 93 94 95 96 97 98 99 89 88 77 75 76 74 73 72 71 70 44 43 42 41 15 14 13 12 11 10 9 8 6 7 18 19 20 17 16 40 69 68 67 66 65 64 63 62 61 60 45 46 47 58 59 57 56 55 54 53 52 51 50 49 48 36 37 39 38 22 21 23 24 35 34 25 26 29 28 27 5 4 3 2 0 1 33 31 30 32 
cpTO[8]=70900.255335 
cpTO[9]=78457.204332 
cpSO[9]=
121 120 119 118 117 116 115 122 123 124 125 126 127 128 129 114 130 131 132 133 134 135 136 137 138 140 141 142 143 139 105 103 102 101 100 99 88 89 97 96 95 98 94 93 92 91 90 72 73 74 71 70 44 43 42 40 17 16 41 15 14 13 12 11 10 9 8 6 7 18 19 20 39 38 37 36 22 21 5 4 3 2 0 1 27 28 33 30 31 32 48 49 50 51 52 53 54 55 56 57 81 80 79 78 59 58 47 46 45 29 26 25 34 35 24 23 60 61 62 63 64 65 66 69 68 67 75 76 77 87 86 104 106 107 108 109 85 84 83 82 110 111 112 113 
cpTO[9]=78457.204332 
ini=
 best=58535.221761 position=5
100 99 98 95 94 92 93 96 97 89 88 77 76 75 74 73 72 90 91 115 116 117 118 119 120 121 122 123 124 125 126 127 128 129 114 130 131 132 133 134 135 136 137 138 139 140 141 142 143 113 112 111 110 109 106 105 103 104 107 108 85 84 83 82 81 80 79 78 59 58 47 46 45 57 56 55 54 53 52 51 50 49 48 30 31 32 33 29 34 35 23 24 25 26 28 27 1 0 2 3 4 5 21 22 36 37 38 39 20 40 41 14 15 16 17 19 18 7 6 8 9 10 11 12 13 42 43 44 70 71 69 68 67 66 65 64 63 62 61 60 86 87 102 101 
solution is:58535.221761.       temperature is:0.006400
Tue Dec 10 10:45:44 2013
times: 2
cpTO[0]=69489.342467 
cpSO[0]=
52 51 50 48 49 53 54 55 56 57 78 79 80 81 82 83 84 85 104 103 105 106 107 108 109 110 111 112 113 143 142 141 140 139 138 137 136 135 134 133 132 131 130 114 129 128 127 126 125 124 123 122 121 120 119 118 117 116 115 91 90 92 93 94 95 96 97 98 89 88 99 100 101 102 87 86 77 76 75 74 73 72 68 67 66 65 64 63 62 61 60 59 58 47 46 45 30 31 32 33 29 34 35 23 24 25 26 28 27 1 0 2 3 4 5 21 22 36 37 69 71 70 44 43 42 40 41 15 14 13 12 11 10 9 8 6 7 18 19 16 17 20 39 38 
cpTO[0]=69489.342467 
cpTO[1]=66004.323074 
cpSO[1]=
56 55 54 53 52 51 48 49 50 57 82 83 110 111 112 113 143 142 141 140 139 138 137 136 135 134 133 132 131 130 114 129 128 127 126 125 124 123 122 121 120 119 118 117 116 115 99 100 101 102 87 86 103 104 105 106 107 108 109 85 84 81 80 79 78 59 58 47 46 45 30 31 32 33 29 26 25 34 35 23 24 28 27 1 0 2 3 4 5 21 22 36 37 38 39 7 6 8 9 10 11 18 19 20 17 16 40 41 15 14 12 13 42 43 44 70 71 90 91 92 93 94 95 96 97 98 89 88 77 76 75 74 73 72 69 68 67 66 65 64 63 61 60 62 
cpTO[1]=66004.323074 
cpTO[2]=70018.582226 
cpSO[2]=
52 48 49 50 51 53 54 55 56 57 82 81 80 79 78 86 87 101 102 103 104 105 106 107 108 109 85 84 83 110 111 112 113 143 142 141 140 139 138 137 136 135 134 133 132 131 130 114 129 128 127 126 125 124 123 122 121 120 119 118 117 116 115 100 99 89 98 97 96 95 94 93 92 91 90 72 73 74 88 77 76 75 71 70 44 43 42 69 68 67 66 65 64 63 62 61 60 59 58 47 46 45 33 32 31 30 0 2 3 4 5 1 27 28 29 26 25 34 35 24 23 21 22 36 37 19 18 11 10 9 8 6 7 12 13 14 15 41 40 16 17 20 39 38 
cpTO[2]=70018.582226 
cpTO[3]=66813.589364 
cpSO[3]=
52 51 50 48 49 53 54 55 56 57 45 46 47 58 59 78 79 80 81 82 83 84 85 104 103 105 106 107 108 109 110 111 112 113 143 142 141 140 139 138 137 136 135 134 133 132 131 130 114 129 128 127 126 125 124 123 122 121 120 119 118 117 116 115 99 100 101 102 87 86 76 75 74 73 72 77 88 89 98 97 96 95 94 93 92 91 90 71 70 44 43 42 69 68 67 66 65 64 63 62 61 60 20 19 17 16 40 41 15 14 13 12 11 10 9 8 6 7 18 22 21 5 4 3 2 0 1 27 28 30 31 32 33 29 26 25 34 35 24 23 36 37 39 38 
cpTO[3]=66813.589364 
cpTO[4]=66552.097723 
cpSO[4]=
134 135 136 137 138 139 140 141 142 143 113 112 111 110 59 58 47 46 45 60 61 62 63 64 65 66 67 68 69 71 70 44 43 42 13 12 14 15 41 40 16 17 20 19 18 11 10 9 8 6 7 39 38 37 36 22 21 5 1 0 2 3 4 27 28 25 24 23 35 34 26 29 33 32 31 30 48 49 50 51 52 53 54 55 57 56 78 79 80 81 82 83 84 85 109 108 107 106 104 103 105 114 130 131 132 133 129 128 127 126 125 124 123 122 121 120 119 118 117 116 115 95 97 96 94 93 92 91 90 72 73 74 75 76 77 88 89 98 99 100 86 87 102 101 
cpTO[4]=66552.097723 
cpTO[5]=58535.221761 
cpSO[5]=
60 61 62 63 64 65 66 67 68 69 71 70 44 43 42 13 12 11 10 9 8 6 7 18 19 17 16 15 14 41 40 20 39 38 37 36 22 21 5 4 3 2 0 1 27 28 26 25 24 23 35 34 29 33 32 31 30 48 49 50 51 52 53 54 55 56 57 45 46 47 58 59 78 79 80 81 82 83 84 85 108 107 104 103 105 106 109 110 111 112 113 143 142 141 140 139 138 137 136 135 134 133 132 131 130 114 129 128 127 126 125 124 123 122 121 120 119 118 117 116 115 91 90 72 73 74 75 76 77 88 89 97 96 93 92 94 95 98 99 100 101 102 87 86 
cpTO[5]=58535.221761 
cpTO[6]=65306.286399 
cpSO[6]=
62 61 63 64 65 66 67 68 69 71 70 44 43 42 41 40 16 15 14 13 12 11 10 9 8 6 7 18 19 17 20 39 38 37 36 22 21 23 24 35 34 25 26 5 4 3 2 0 1 27 28 29 33 32 31 30 48 49 50 51 52 53 54 55 56 57 59 58 47 46 45 60 78 86 87 102 101 100 99 89 88 77 76 75 74 73 72 90 91 92 93 94 95 96 97 98 115 116 117 118 119 120 121 122 123 124 125 126 127 128 129 114 130 131 132 133 134 135 136 137 138 139 140 141 142 143 113 112 111 110 109 108 106 105 103 104 107 85 84 83 79 80 81 82 
cpTO[6]=65306.286399 
cpTO[7]=63002.361241 
cpSO[7]=
65 60 61 62 63 64 66 67 68 69 42 43 44 70 71 72 73 74 75 76 77 88 89 98 97 96 95 94 93 92 90 91 115 116 117 118 119 120 121 122 123 124 125 126 127 128 129 99 100 101 102 87 86 78 79 80 81 82 83 84 85 109 108 107 106 105 104 103 130 114 131 132 133 134 135 136 137 138 139 140 141 142 143 110 111 112 113 48 49 50 51 52 53 54 55 56 57 59 58 47 46 45 23 24 35 34 25 26 29 33 32 31 30 28 27 1 0 2 3 4 5 21 22 36 37 38 39 19 18 7 6 8 9 10 11 12 13 14 15 41 40 20 17 16 
cpTO[7]=63002.361241 
cpTO[8]=70321.108775 
cpSO[8]=
101 100 102 87 86 78 79 80 81 82 83 84 85 104 103 105 106 107 108 109 110 111 112 113 143 142 141 140 139 138 137 136 135 134 133 132 131 130 114 129 128 127 126 125 124 123 122 121 120 119 118 117 116 115 91 90 92 93 94 95 96 97 98 99 89 88 77 76 75 74 73 72 71 70 44 43 42 41 15 14 13 12 11 10 9 8 6 7 18 19 20 17 16 40 69 68 67 66 65 64 63 62 61 60 45 46 47 58 59 57 56 55 54 53 52 51 50 49 48 36 37 38 39 22 21 23 24 35 34 25 26 29 28 27 5 4 3 2 0 1 33 31 30 32 
cpTO[8]=70321.108775 
cpTO[9]=76783.122257 
cpSO[9]=
121 120 119 118 117 116 115 122 123 124 125 126 127 128 129 114 130 131 132 133 134 135 136 137 138 140 141 142 143 139 105 104 106 107 108 109 85 84 83 82 81 80 79 78 59 58 47 46 45 29 26 25 34 35 24 23 60 61 62 63 64 65 66 67 68 69 75 76 77 86 87 103 102 101 100 99 88 89 98 97 96 95 94 93 92 91 90 72 73 74 71 70 44 43 42 40 17 16 41 15 14 13 12 11 10 9 8 6 7 18 19 20 39 38 37 36 22 21 5 4 3 2 0 1 27 28 33 32 31 30 48 49 50 51 52 53 54 55 56 57 110 111 112 113 
cpTO[9]=76783.122257 
ini=
 best=58535.221761 position=5
60 61 62 63 64 65 66 67 68 69 71 70 44 43 42 13 12 11 10 9 8 6 7 18 19 17 16 15 14 41 40 20 39 38 37 36 22 21 5 4 3 2 0 1 27 28 26 25 24 23 35 34 29 33 32 31 30 48 49 50 51 52 53 54 55 56 57 45 46 47 58 59 78 79 80 81 82 83 84 85 108 107 104 103 105 106 109 110 111 112 113 143 142 141 140 139 138 137 136 135 134 133 132 131 130 114 129 128 127 126 125 124 123 122 121 120 119 118 117 116 115 91 90 72 73 74 75 76 77 88 89 97 96 93 92 94 95 98 99 100 101 102 87 86 
solution is:58535.221761.       temperature is:1.784827
Tue Dec 10 10:46:03 2013
times: 3
cpTO[0]=69489.342467 
cpSO[0]=
52 51 50 48 49 53 54 55 56 57 78 79 80 81 82 83 84 85 104 103 105 106 107 108 109 110 111 112 113 143 142 141 140 139 138 137 136 135 134 133 132 131 130 114 129 128 127 126 125 124 123 122 121 120 119 118 117 116 115 91 90 92 93 94 95 96 97 98 89 88 99 100 101 102 87 86 77 76 75 74 73 72 68 67 66 65 64 63 62 61 60 59 58 47 46 45 30 31 32 33 29 34 35 23 24 25 26 28 27 1 0 2 3 4 5 21 22 36 37 69 71 70 44 43 42 40 41 15 14 13 12 11 10 9 8 6 7 18 19 16 17 20 39 38 
cpTO[0]=69489.342467 
cpTO[1]=66004.323074 
cpSO[1]=
56 55 54 53 52 51 48 49 50 57 82 83 110 111 112 113 143 142 141 140 139 138 137 136 135 134 133 132 131 130 114 129 128 127 126 125 124 123 122 121 120 119 118 117 116 115 99 100 101 102 87 86 103 104 105 106 107 108 109 85 84 81 80 79 78 59 58 47 46 45 30 31 32 33 29 26 25 34 35 23 24 28 27 1 0 2 3 4 5 21 22 36 37 38 39 7 6 8 9 10 11 18 19 20 17 16 40 41 15 14 12 13 42 43 44 70 71 90 91 92 93 94 95 96 97 98 89 88 77 76 75 74 73 72 69 68 67 66 65 64 63 61 60 62 
cpTO[1]=66004.323074 
cpTO[2]=70018.582226 
cpSO[2]=
52 48 49 50 51 53 54 55 56 57 82 81 80 79 78 86 87 101 102 103 104 105 106 107 108 109 85 84 83 110 111 112 113 143 142 141 140 139 138 137 136 135 134 133 132 131 130 114 129 128 127 126 125 124 123 122 121 120 119 118 117 116 115 100 99 89 98 97 96 95 94 93 92 91 90 72 73 74 88 77 76 75 71 70 44 43 42 69 68 67 66 65 64 63 62 61 60 59 58 47 46 45 33 32 31 30 0 2 3 4 5 1 27 28 29 26 25 34 35 24 23 21 22 36 37 19 18 11 10 9 8 6 7 12 13 14 15 41 40 16 17 20 39 38 
cpTO[2]=70018.582226 
cpTO[3]=66813.589364 
cpSO[3]=
52 51 50 48 49 53 54 55 56 57 45 46 47 58 59 78 79 80 81 82 83 84 85 104 103 105 106 107 108 109 110 111 112 113 143 142 141 140 139 138 137 136 135 134 133 132 131 130 114 129 128 127 126 125 124 123 122 121 120 119 118 117 116 115 99 100 101 102 87 86 76 75 74 73 72 77 88 89 98 97 96 95 94 93 92 91 90 71 70 44 43 42 69 68 67 66 65 64 63 62 61 60 20 19 17 16 40 41 15 14 13 12 11 10 9 8 6 7 18 22 21 5 4 3 2 0 1 27 28 30 31 32 33 29 26 25 34 35 24 23 36 37 39 38 
cpTO[3]=66813.589364 
cpTO[4]=64641.924155 
cpSO[4]=
134 135 136 137 138 139 140 141 142 143 113 112 111 110 56 57 55 54 53 52 51 50 49 48 30 31 32 33 29 26 34 35 23 24 25 28 27 1 0 2 3 4 5 21 22 36 37 38 39 7 6 8 9 10 11 18 19 20 17 16 40 41 15 14 12 13 42 43 44 70 71 69 68 67 66 65 64 63 62 61 60 45 46 47 58 59 78 79 80 81 82 83 84 85 109 108 107 106 104 103 105 114 130 131 132 133 129 128 127 126 125 124 123 122 121 120 119 118 117 116 115 95 97 96 94 93 92 91 90 72 73 74 75 76 77 88 89 98 99 100 86 87 102 101 
cpTO[4]=64641.924155 
cpTO[5]=58535.221761 
cpSO[5]=
29 33 32 31 30 48 49 50 51 52 53 54 55 56 57 45 46 47 58 59 78 79 80 81 82 83 84 85 108 107 104 103 105 106 109 110 111 112 113 143 142 141 140 139 138 137 136 135 134 133 132 131 130 114 129 128 127 126 125 124 123 122 121 120 119 118 117 116 115 91 90 72 73 74 75 76 77 88 89 97 96 93 92 94 95 98 99 100 101 102 87 86 60 61 62 63 64 65 66 67 68 69 71 70 44 43 42 13 12 11 10 9 8 6 7 18 19 17 16 15 14 41 40 20 39 38 37 36 22 21 5 4 3 2 0 1 27 28 26 25 24 23 35 34 
cpTO[5]=58535.221761 
cpTO[6]=65306.286399 
cpSO[6]=
62 61 63 64 65 66 67 68 69 71 70 44 43 42 41 40 16 15 14 13 12 11 10 9 8 6 7 18 19 17 20 39 38 37 36 22 21 23 24 35 34 25 26 5 4 3 2 0 1 27 28 29 33 32 31 30 48 49 50 51 52 53 54 55 56 57 59 58 47 46 45 60 78 86 87 102 101 100 99 89 88 77 76 75 74 73 72 90 91 92 93 94 95 96 97 98 115 116 117 118 119 120 121 122 123 124 125 126 127 128 129 114 130 131 132 133 134 135 136 137 138 139 140 141 142 143 113 112 111 110 109 108 106 105 103 104 107 85 84 83 79 80 81 82 
cpTO[6]=65306.286399 
cpTO[7]=62862.445153 
cpSO[7]=
65 60 61 62 63 64 66 67 68 69 42 43 44 70 71 72 73 74 75 76 77 88 89 98 97 96 95 94 93 92 90 91 115 116 117 118 119 120 121 122 123 124 125 126 127 128 129 99 100 101 102 87 86 78 79 80 81 82 83 84 85 109 108 107 106 105 104 103 130 114 131 132 133 134 135 136 137 138 139 140 141 142 143 110 111 112 113 48 49 50 51 52 53 54 55 56 57 59 58 47 46 45 30 31 32 33 29 26 25 34 35 23 24 28 27 1 0 2 3 4 5 21 22 36 37 38 39 19 18 7 6 8 9 10 11 12 13 14 15 41 40 20 17 16 
cpTO[7]=62862.445153 
cpTO[8]=70321.108775 
cpSO[8]=
101 100 102 87 86 78 79 80 81 82 83 84 85 104 103 105 106 107 108 109 110 111 112 113 143 142 141 140 139 138 137 136 135 134 133 132 131 130 114 129 128 127 126 125 124 123 122 121 120 119 118 117 116 115 91 90 92 93 94 95 96 97 98 99 89 88 77 76 75 74 73 72 71 70 44 43 42 41 15 14 13 12 11 10 9 8 6 7 18 19 20 17 16 40 69 68 67 66 65 64 63 62 61 60 45 46 47 58 59 57 56 55 54 53 52 51 50 49 48 36 37 38 39 22 21 23 24 35 34 25 26 29 28 27 5 4 3 2 0 1 33 31 30 32 
cpTO[8]=70321.108775 
cpTO[9]=76612.876340 
cpSO[9]=
121 120 119 118 117 116 115 122 123 124 125 126 127 128 129 114 130 131 132 133 134 135 136 137 138 139 143 142 141 140 106 105 104 107 108 109 85 84 83 82 81 80 79 78 59 58 47 46 45 29 26 25 34 35 24 23 60 61 62 63 64 65 66 67 68 69 75 76 77 86 87 103 102 101 100 99 88 89 98 97 96 95 94 93 92 91 90 72 73 74 71 70 44 43 42 40 17 16 41 15 14 13 12 11 10 9 8 6 7 18 19 20 39 38 37 36 22 21 5 4 3 2 0 1 27 28 33 32 31 30 48 49 50 51 52 53 54 55 56 57 110 111 112 113 
cpTO[9]=76612.876340 
ini=
 best=58535.221761 position=5
29 33 32 31 30 48 49 50 51 52 53 54 55 56 57 45 46 47 58 59 78 79 80 81 82 83 84 85 108 107 104 103 105 106 109 110 111 112 113 143 142 141 140 139 138 137 136 135 134 133 132 131 130 114 129 128 127 126 125 124 123 122 121 120 119 118 117 116 115 91 90 72 73 74 75 76 77 88 89 97 96 93 92 94 95 98 99 100 101 102 87 86 60 61 62 63 64 65 66 67 68 69 71 70 44 43 42 13 12 11 10 9 8 6 7 18 19 17 16 15 14 41 40 20 39 38 37 36 22 21 5 4 3 2 0 1 27 28 26 25 24 23 35 34 
solution is:58535.221761.       temperature is:0.333811
Tue Dec 10 10:46:21 2013
times: 4
cpTO[0]=69489.342467 
cpSO[0]=
52 51 50 48 49 53 54 55 56 57 78 79 80 81 82 83 84 85 104 103 105 106 107 108 109 110 111 112 113 143 142 141 140 139 138 137 136 135 134 133 132 131 130 114 129 128 127 126 125 124 123 122 121 120 119 118 117 116 115 91 90 92 93 94 95 96 97 98 89 88 99 100 101 102 87 86 77 76 75 74 73 72 68 67 66 65 64 63 62 61 60 59 58 47 46 45 30 31 32 33 29 34 35 23 24 25 26 28 27 1 0 2 3 4 5 21 22 36 37 69 71 70 44 43 42 40 41 15 14 13 12 11 10 9 8 6 7 18 19 16 17 20 39 38 
cpTO[0]=69489.342467 
cpTO[1]=66004.323074 
cpSO[1]=
56 55 54 53 52 51 48 49 50 57 82 83 110 111 112 113 143 142 141 140 139 138 137 136 135 134 133 132 131 130 114 129 128 127 126 125 124 123 122 121 120 119 118 117 116 115 99 100 101 102 87 86 103 104 105 106 107 108 109 85 84 81 80 79 78 59 58 47 46 45 30 31 32 33 29 26 25 34 35 23 24 28 27 1 0 2 3 4 5 21 22 36 37 38 39 7 6 8 9 10 11 18 19 20 17 16 40 41 15 14 12 13 42 43 44 70 71 90 91 92 93 94 95 96 97 98 89 88 77 76 75 74 73 72 69 68 67 66 65 64 63 61 60 62 
cpTO[1]=66004.323074 
cpTO[2]=69061.811372 
cpSO[2]=
52 48 49 50 51 53 54 55 56 57 82 81 80 79 78 86 87 101 102 103 104 105 106 107 108 109 85 84 83 110 111 112 113 143 142 141 140 139 138 137 136 135 134 133 132 131 130 114 129 128 127 126 125 124 123 122 121 120 119 118 117 116 115 100 99 89 98 97 96 95 94 93 92 91 90 72 73 74 88 77 76 75 71 70 44 43 42 69 68 67 66 65 64 63 62 61 60 59 58 47 46 45 33 32 31 30 0 2 3 4 5 1 27 28 29 26 25 34 35 24 23 21 22 36 37 19 18 7 6 8 9 10 11 12 13 14 15 41 40 16 17 20 39 38 
cpTO[2]=69061.811372 
cpTO[3]=66813.589364 
cpSO[3]=
52 51 50 48 49 53 54 55 56 57 45 46 47 58 59 78 79 80 81 82 83 84 85 104 103 105 106 107 108 109 110 111 112 113 143 142 141 140 139 138 137 136 135 134 133 132 131 130 114 129 128 127 126 125 124 123 122 121 120 119 118 117 116 115 99 100 101 102 87 86 76 75 74 73 72 77 88 89 98 97 96 95 94 93 92 91 90 71 70 44 43 42 69 68 67 66 65 64 63 62 61 60 20 19 17 16 40 41 15 14 13 12 11 10 9 8 6 7 18 22 21 5 4 3 2 0 1 27 28 30 31 32 33 29 26 25 34 35 24 23 36 37 39 38 
cpTO[3]=66813.589364 
cpTO[4]=64572.973766 
cpSO[4]=
134 135 136 137 138 139 140 141 142 143 113 112 111 110 57 56 55 54 53 52 51 50 49 48 30 31 32 33 29 26 34 35 23 24 25 28 27 1 0 2 3 4 5 21 22 36 37 38 39 7 6 8 9 10 11 18 19 20 17 16 40 41 15 14 12 13 42 43 44 70 71 69 68 67 66 65 64 63 62 61 60 45 46 47 58 59 78 79 80 81 82 83 84 85 109 108 107 106 104 103 105 114 130 131 132 133 129 128 127 126 125 124 123 122 121 120 119 118 117 116 115 95 97 96 94 93 92 91 90 72 73 74 75 76 77 88 89 98 99 100 86 87 102 101 
cpTO[4]=64572.973766 
cpTO[5]=58535.221761 
cpSO[5]=
40 41 14 15 16 17 19 18 7 6 8 9 10 11 12 13 42 43 44 70 71 69 68 67 66 65 64 63 62 61 60 86 87 102 101 100 99 98 95 94 92 93 96 97 89 88 77 76 75 74 73 72 90 91 115 116 117 118 119 120 121 122 123 124 125 126 127 128 129 114 130 131 132 133 134 135 136 137 138 139 140 141 142 143 113 112 111 110 109 106 105 103 104 107 108 85 84 83 82 81 80 79 78 59 58 47 46 45 57 56 55 54 53 52 51 50 49 48 30 31 32 33 29 34 35 23 24 25 26 28 27 1 0 2 3 4 5 21 22 36 37 38 39 20 
cpTO[5]=58535.221761 
cpTO[6]=65306.286399 
cpSO[6]=
62 61 63 64 65 66 67 68 69 71 70 44 43 42 41 40 16 15 14 13 12 11 10 9 8 6 7 18 19 17 20 39 38 37 36 22 21 23 24 35 34 25 26 5 4 3 2 0 1 27 28 29 33 32 31 30 48 49 50 51 52 53 54 55 56 57 59 58 47 46 45 60 78 86 87 102 101 100 99 89 88 77 76 75 74 73 72 90 91 92 93 94 95 96 97 98 115 116 117 118 119 120 121 122 123 124 125 126 127 128 129 114 130 131 132 133 134 135 136 137 138 139 140 141 142 143 113 112 111 110 109 108 106 105 103 104 107 85 84 83 79 80 81 82 
cpTO[6]=65306.286399 
cpTO[7]=62665.116356 
cpSO[7]=
65 60 61 62 63 64 66 67 68 69 42 43 44 70 71 72 73 74 75 76 77 88 89 98 97 96 95 94 93 92 90 91 115 116 117 118 119 120 121 122 123 124 125 126 127 128 129 99 100 101 102 87 86 78 79 80 81 82 83 84 85 109 108 107 106 105 104 103 114 130 131 132 133 134 135 136 137 138 139 140 141 142 143 110 111 112 113 48 49 50 51 52 53 54 55 56 57 59 58 47 46 45 30 31 32 33 29 26 25 34 35 23 24 28 27 1 0 2 3 4 5 21 22 36 37 38 39 19 18 7 6 8 9 10 11 12 13 14 15 41 40 20 17 16 
cpTO[7]=62665.116356 
cpTO[8]=70321.108775 
cpSO[8]=
101 100 102 87 86 78 79 80 81 82 83 84 85 104 103 105 106 107 108 109 110 111 112 113 143 142 141 140 139 138 137 136 135 134 133 132 131 130 114 129 128 127 126 125 124 123 122 121 120 119 118 117 116 115 91 90 92 93 94 95 96 97 98 99 89 88 77 76 75 74 73 72 71 70 44 43 42 41 15 14 13 12 11 10 9 8 6 7 18 19 20 17 16 40 69 68 67 66 65 64 63 62 61 60 45 46 47 58 59 57 56 55 54 53 52 51 50 49 48 36 37 38 39 22 21 23 24 35 34 25 26 29 28 27 5 4 3 2 0 1 33 31 30 32 
cpTO[8]=70321.108775 
cpTO[9]=76448.713104 
cpSO[9]=
121 120 119 118 117 116 115 122 123 124 125 126 127 128 129 114 130 131 132 133 134 135 136 137 138 139 140 141 142 143 106 105 104 107 108 109 85 84 83 82 81 80 79 78 59 58 47 46 45 29 26 25 34 35 24 23 60 61 62 63 64 65 66 67 68 69 75 76 77 86 87 103 102 101 100 99 88 89 98 97 96 95 94 93 92 91 90 72 73 74 71 70 44 43 42 40 17 16 41 15 14 13 12 11 10 9 8 6 7 18 19 20 39 38 37 36 22 21 5 4 3 2 0 1 27 28 33 32 31 30 48 49 50 51 52 53 54 55 56 57 110 111 112 113 
cpTO[9]=76448.713104 
ini=
 best=58535.221761 position=5
40 41 14 15 16 17 19 18 7 6 8 9 10 11 12 13 42 43 44 70 71 69 68 67 66 65 64 63 62 61 60 86 87 102 101 100 99 98 95 94 92 93 96 97 89 88 77 76 75 74 73 72 90 91 115 116 117 118 119 120 121 122 123 124 125 126 127 128 129 114 130 131 132 133 134 135 136 137 138 139 140 141 142 143 113 112 111 110 109 106 105 103 104 107 108 85 84 83 82 81 80 79 78 59 58 47 46 45 57 56 55 54 53 52 51 50 49 48 30 31 32 33 29 34 35 23 24 25 26 28 27 1 0 2 3 4 5 21 22 36 37 38 39 20 
solution is:58535.221761.       temperature is:0.128479
Tue Dec 10 10:46:40 2013
The average run time for the algorithm is : 18.758800
The average solution for the algorithm is : 58535.221761
The maxx solution for the algorithm is : 58535.221761
 The minn solution for the algorithm is : 58535.221761 
The average error for the algorithm is : -0.000030
