var1=:0.999995038
var2=:0.999990076
a=0.050000
cpTO[0]=2552.829934 
cpSO[0]=
30 41 4 17 19 31 61 98 83 86 14 43 34 24 56 3 11 10 9 64 80 25 95 91 16 59 18 65 62 12 1 39 73 22 40 2 75 46 93 89 63 96 5 55 28 76 32 70 49 67 23 35 44 6 7 13 60 82 47 36 26 78 68 53 50 87 15 94 20 77 8 72 21 54 52 79 57 42 81 97 85 90 84 88 0 99 37 71 33 69 92 51 58 66 45 48 29 27 38 74 100 
cpTO[0]=2552.829934 
cpTO[1]=2959.147341 
cpSO[1]=
24 72 6 77 80 82 49 89 88 98 44 74 60 54 39 3 1 52 100 0 62 17 59 15 47 63 86 45 35 91 37 22 14 71 94 90 87 29 16 70 9 19 75 78 34 46 69 23 26 64 50 93 2 55 79 33 31 43 99 61 10 25 27 76 65 40 38 56 97 53 13 95 30 8 84 83 36 4 73 5 66 48 68 11 42 57 81 96 28 21 85 58 18 20 41 92 12 7 51 32 67 
cpTO[1]=2959.147341 
cpTO[2]=2597.057025 
cpSO[2]=
15 81 39 87 52 46 0 33 27 56 43 99 13 59 16 42 30 47 44 37 82 29 65 85 36 14 86 41 34 67 38 23 77 6 100 7 76 63 88 9 50 49 73 71 84 72 97 98 58 64 19 48 51 61 92 45 21 66 55 22 74 24 3 53 4 91 1 93 17 32 79 80 18 10 90 60 2 5 70 89 8 83 94 12 20 96 95 54 40 57 68 31 11 75 25 78 28 26 69 35 62 
cpTO[2]=2597.057025 
cpTO[3]=2883.291361 
cpSO[3]=
89 42 62 73 14 91 88 24 32 41 86 67 85 30 10 31 63 47 12 77 29 80 17 18 70 65 96 55 33 90 60 37 28 61 57 97 95 16 52 53 27 0 9 39 74 20 11 64 69 49 51 72 22 38 34 26 46 4 100 76 8 59 75 81 44 93 58 43 1 21 79 19 68 2 71 3 36 66 94 92 78 87 82 48 6 83 35 13 25 84 98 5 99 7 56 40 23 54 45 15 50 
cpTO[3]=2883.291361 
cpTO[4]=2700.148606 
cpSO[4]=
27 55 44 16 17 61 63 48 92 0 69 87 29 46 82 68 31 25 66 74 51 94 40 65 33 97 13 41 39 72 21 28 98 62 18 58 59 15 14 37 84 22 43 71 1 89 34 6 85 10 83 91 93 88 38 57 70 64 76 19 100 80 67 49 26 95 53 96 12 78 11 3 73 42 75 81 47 90 50 9 4 99 60 5 23 79 2 86 56 36 32 8 54 35 52 77 24 20 30 7 45 
cpTO[4]=2700.148606 
cpTO[5]=2636.432250 
cpSO[5]=
41 56 24 75 14 97 43 37 17 5 98 22 73 40 57 79 2 21 53 25 12 7 31 74 59 93 62 89 88 76 70 65 77 69 48 63 50 85 45 32 33 54 8 66 95 15 52 44 61 60 78 34 23 38 64 19 47 6 80 27 87 100 9 39 86 83 55 58 92 90 99 84 11 49 67 16 68 13 1 20 96 29 28 26 10 0 82 91 3 71 72 46 30 18 81 4 94 42 36 51 35 
cpTO[5]=2636.432250 
cpTO[6]=2790.563089 
cpSO[6]=
76 31 61 92 44 63 47 17 32 51 56 29 80 70 95 84 58 87 37 1 86 99 90 71 75 73 8 38 94 30 46 7 100 4 20 79 33 3 24 21 96 36 15 13 48 50 18 27 34 64 6 69 68 88 0 9 59 22 19 98 5 66 72 74 78 57 82 89 14 97 55 53 62 45 40 41 42 93 67 11 12 2 28 49 65 23 35 39 54 77 25 26 91 52 10 60 85 43 81 16 83 
cpTO[6]=2790.563089 
cpTO[7]=2581.490798 
cpSO[7]=
27 66 90 13 20 41 36 72 55 24 19 28 78 30 48 4 91 56 71 46 6 58 61 31 35 47 59 52 34 23 73 74 53 12 16 44 62 83 38 94 1 96 3 49 76 68 32 97 98 37 84 11 26 82 15 45 39 22 64 67 75 70 29 17 99 7 79 25 54 69 65 50 9 81 87 10 93 80 21 42 14 89 8 18 60 95 63 5 88 43 85 86 40 0 33 77 2 100 51 57 92 
cpTO[7]=2581.490798 
cpTO[8]=2924.493776 
cpSO[8]=
20 80 28 2 49 81 94 63 61 58 66 29 67 86 90 36 79 41 52 5 57 69 10 89 32 9 8 77 78 62 17 21 76 31 34 38 37 51 45 92 98 59 87 16 4 42 26 25 1 82 56 0 64 54 91 85 35 33 72 44 7 47 93 15 60 70 43 96 18 12 68 11 74 71 22 40 50 23 55 39 19 53 3 27 65 48 84 88 95 100 75 14 24 97 83 46 99 6 73 30 13 
cpTO[8]=2924.493776 
cpTO[9]=2637.046322 
cpSO[9]=
98 7 10 87 72 25 47 94 13 56 39 95 100 40 22 21 73 44 61 48 19 93 12 0 77 3 66 8 90 2 49 24 18 35 69 58 54 23 38 88 81 31 6 68 53 33 67 79 76 65 64 46 85 63 59 74 17 29 70 80 71 52 99 91 50 4 96 9 60 43 97 27 75 28 34 62 20 55 42 26 32 78 11 15 1 51 89 5 30 86 14 57 41 82 36 92 16 45 84 83 37 
cpTO[9]=2637.046322 
ini=
 best=2552.829934 position=0
30 41 4 17 19 31 61 98 83 86 14 43 34 24 56 3 11 10 9 64 80 25 95 91 16 59 18 65 62 12 1 39 73 22 40 2 75 46 93 89 63 96 5 55 28 76 32 70 49 67 23 35 44 6 7 13 60 82 47 36 26 78 68 53 50 87 15 94 20 77 8 72 21 54 52 79 57 42 81 97 85 90 84 88 0 99 37 71 33 69 92 51 58 66 45 48 29 27 38 74 100 
solution is:641.091368.       temperature is:3.781156
Tue Dec 10 15:18:18 2013
cpTO[0]=641.091368 
cpSO[0]=
25 27 52 100 26 68 0 49 75 76 2 78 77 33 80 32 50 8 34 70 64 65 19 29 69 30 87 6 81 47 18 10 61 9 31 89 62 63 48 35 46 45 7 44 16 83 4 59 82 17 51 88 5 95 98 58 91 92 97 36 99 90 84 60 15 85 37 43 13 41 42 14 56 1 86 96 94 93 12 57 39 20 72 71 73 21 40 74 55 22 66 38 24 54 3 53 23 28 67 79 11 
cpTO[0]=641.091368 
cpTO[1]=2486.461785 
cpSO[1]=
24 72 52 16 29 17 59 15 47 63 61 10 25 66 5 6 1 13 95 30 8 84 83 36 4 97 56 38 40 22 14 71 96 37 91 43 99 49 75 78 34 26 23 69 3 53 28 20 50 64 46 87 62 0 100 27 76 70 48 35 45 81 94 90 44 98 88 89 92 41 65 9 19 82 80 77 73 21 85 18 58 12 60 74 39 54 7 51 31 33 79 55 2 93 86 57 42 11 68 32 67 
cpTO[1]=2486.461785 
cpTO[2]=2301.225012 
cpSO[2]=
15 81 39 87 65 29 82 37 44 47 30 99 13 90 51 64 19 48 58 98 97 96 95 54 40 57 68 31 34 76 88 63 9 50 45 92 46 52 59 16 42 43 56 84 2 5 60 85 36 14 86 72 41 75 25 78 28 26 69 35 6 100 7 67 11 49 77 70 17 93 1 91 4 53 3 24 74 22 55 66 21 38 23 73 71 27 33 0 61 10 18 80 79 32 20 12 94 83 8 89 62 
cpTO[2]=2301.225012 
cpTO[3]=2439.568107 
cpSO[3]=
89 4 46 26 95 16 52 53 27 90 60 21 72 22 66 36 3 71 2 68 19 35 44 85 97 42 58 88 14 73 62 59 75 49 51 25 13 93 82 87 69 63 31 10 30 81 47 91 92 94 33 24 32 41 86 67 39 74 20 11 64 8 28 61 57 9 0 78 34 38 40 56 7 15 45 54 23 55 79 80 29 77 12 100 76 37 43 99 5 98 84 1 96 65 70 18 17 83 6 48 50 
cpTO[3]=2439.568107 
cpTO[4]=2314.642886 
cpSO[4]=
27 55 73 38 40 25 28 1 71 43 22 84 37 14 15 59 58 18 62 98 85 10 89 34 68 35 20 24 77 8 64 70 75 81 47 90 50 9 6 69 0 53 95 26 49 67 80 4 99 60 5 42 88 93 91 36 56 86 94 41 13 97 19 100 83 32 52 82 46 29 87 31 2 79 23 57 39 72 21 66 74 51 92 96 12 78 11 3 44 16 17 61 63 48 33 65 76 54 30 7 45 
cpTO[4]=2314.642886 
cpTO[5]=2215.796983 
cpSO[5]=
41 56 12 72 71 3 91 82 59 16 74 11 49 34 78 67 23 24 75 13 7 31 29 28 76 70 65 77 80 6 88 26 85 45 0 51 60 4 81 18 30 46 68 93 62 89 47 66 95 58 92 83 55 15 86 39 9 2 79 57 40 73 22 98 5 52 44 61 94 42 36 96 20 1 14 97 43 37 17 90 99 84 54 33 32 8 19 64 38 25 53 21 100 87 27 69 48 63 50 10 35 
cpTO[5]=2215.796983 
cpTO[6]=2253.041866 
cpSO[6]=
76 31 61 5 97 94 98 92 44 63 47 17 100 4 35 39 54 77 25 26 96 21 24 3 33 67 55 53 27 34 64 19 22 38 8 50 48 13 15 45 62 18 6 89 30 29 80 70 93 82 69 68 88 0 9 59 91 36 40 1 42 41 86 99 90 71 75 73 52 7 46 51 32 65 23 20 78 57 37 87 58 84 95 56 14 66 72 74 79 11 12 2 28 49 10 60 85 43 81 16 83 
cpTO[6]=2253.041866 
cpTO[7]=2267.019381 
cpSO[7]=
27 66 10 87 59 52 8 67 75 68 19 28 78 30 48 46 71 72 36 41 20 13 90 93 80 64 89 6 58 12 99 7 79 25 54 24 38 83 62 44 16 17 29 70 32 97 5 88 63 81 47 35 31 61 49 76 53 3 96 1 94 74 21 42 14 4 91 56 73 23 34 18 60 95 9 50 65 69 55 22 39 45 15 82 26 11 84 37 98 43 85 86 40 0 33 77 2 100 51 57 92 
cpTO[7]=2267.019381 
cpTO[8]=2448.199509 
cpSO[8]=
20 21 53 26 12 5 94 63 61 50 23 55 39 100 75 49 81 67 34 38 37 84 88 70 60 15 93 41 85 91 42 4 16 7 44 72 1 25 73 17 29 31 76 30 68 9 6 65 0 64 54 19 2 78 62 69 10 89 32 80 28 77 8 11 74 71 22 40 58 24 14 86 90 36 79 35 33 82 56 95 57 27 3 66 97 83 46 51 48 43 96 18 52 47 87 59 98 92 45 99 13 
cpTO[8]=2448.199509 
cpTO[9]=2359.646611 
cpSO[9]=
98 7 60 9 81 88 96 4 50 89 47 25 57 52 73 21 22 40 100 95 39 56 13 94 38 23 54 0 77 3 66 8 90 20 55 42 26 76 79 67 46 85 74 59 63 17 29 70 80 10 87 72 14 86 30 5 97 43 15 91 99 44 61 48 19 93 12 1 51 58 69 35 18 24 49 2 62 34 28 75 27 31 6 68 53 33 64 65 32 78 11 71 41 82 36 92 16 45 84 83 37 
cpTO[9]=2359.646611 
ini=
 best=641.091368 position=0
25 27 52 100 26 68 0 49 75 76 2 78 77 33 80 32 50 8 34 70 64 65 19 29 69 30 87 6 81 47 18 10 61 9 31 89 62 63 48 35 46 45 7 44 16 83 4 59 82 17 51 88 5 95 98 58 91 92 97 36 99 90 84 60 15 85 37 43 13 41 42 14 56 1 86 96 94 93 12 57 39 20 72 71 73 21 40 74 55 22 66 38 24 54 3 53 23 28 67 79 11 
solution is:642.131673.       temperature is:11.695994
Tue Dec 10 15:18:25 2013
cpTO[0]=642.131673 
cpSO[0]=
89 62 63 48 35 46 45 7 44 16 83 4 59 82 17 51 88 5 93 95 98 92 58 91 97 36 99 90 84 60 15 85 37 43 13 41 42 14 56 1 86 96 94 12 57 39 20 72 71 73 21 40 74 55 22 66 38 24 54 3 53 23 28 67 79 11 25 52 100 27 26 68 0 49 75 76 2 78 32 80 50 8 77 33 34 70 64 65 19 29 69 30 87 6 81 47 18 10 61 9 31 
cpTO[0]=642.131673 
cpTO[1]=2226.476313 
cpSO[1]=
24 72 74 91 43 92 19 82 18 35 45 4 36 37 60 98 85 59 15 97 56 38 40 22 14 71 96 83 84 90 44 0 34 78 75 49 99 41 65 77 80 17 29 16 52 39 54 8 62 87 46 64 50 20 28 53 3 73 21 88 89 9 69 6 5 66 25 10 61 58 42 11 68 32 31 51 7 30 95 13 1 23 26 100 27 76 70 48 63 47 81 94 86 57 12 93 2 55 79 33 67 
cpTO[1]=2226.476313 
cpTO[2]=2137.065853 
cpSO[2]=
15 81 95 96 97 98 58 48 19 64 69 26 52 59 84 13 90 51 35 6 100 7 44 37 82 29 65 87 16 42 43 56 36 85 60 5 2 39 54 40 57 68 31 34 33 70 17 75 4 91 1 93 41 72 86 14 99 46 92 45 50 9 63 88 76 27 71 73 23 38 21 66 55 22 74 24 3 53 25 78 28 30 47 67 11 49 77 79 80 18 10 61 0 32 20 12 94 83 8 89 62 
cpTO[2]=2137.065853 
cpTO[3]=2172.608315 
cpSO[3]=
89 4 59 62 51 25 13 93 96 1 84 98 5 99 43 37 55 23 54 45 15 7 56 40 38 77 67 2 19 68 35 44 85 16 97 52 53 94 90 60 21 72 22 66 47 81 30 10 31 63 69 87 82 70 65 18 17 83 75 49 20 73 74 36 58 42 14 32 24 33 27 92 91 86 41 88 46 6 48 57 61 28 8 64 11 71 3 39 95 26 12 100 76 79 80 29 34 78 0 9 50 
cpTO[3]=2172.608315 
cpTO[4]=2145.709153 
cpSO[4]=
27 55 73 38 84 36 91 58 85 10 89 34 68 35 74 66 21 72 39 57 23 79 11 3 95 53 0 69 6 9 50 90 47 81 75 70 64 8 77 24 28 49 67 80 4 99 60 37 14 15 59 98 62 18 93 25 20 51 92 96 41 13 97 52 100 19 32 83 82 7 30 54 76 65 33 48 63 61 17 16 44 42 88 43 22 40 71 1 26 5 56 86 94 12 78 2 31 87 29 46 45 
cpTO[4]=2145.709153 
cpTO[5]=1927.748364 
cpSO[5]=
41 56 12 72 71 3 15 82 59 16 74 11 49 34 78 64 19 8 32 29 31 89 50 63 48 69 87 100 33 28 76 70 65 77 80 0 45 85 96 17 37 7 4 60 51 6 88 26 75 24 23 67 38 25 53 21 54 95 58 92 83 55 66 84 99 90 36 42 94 61 44 98 5 52 20 13 43 97 14 86 91 47 81 18 30 9 2 79 57 40 73 22 1 39 27 46 68 93 62 10 35 
cpTO[5]=1927.748364 
cpTO[6]=2035.376760 
cpSO[6]=
76 31 61 87 92 98 94 97 100 58 84 95 56 36 91 59 9 29 80 70 77 25 74 72 3 24 54 39 35 4 5 17 47 51 32 65 23 34 64 19 0 30 89 6 18 62 45 15 13 48 50 8 38 22 88 68 69 82 93 21 96 26 79 11 12 20 27 53 55 67 33 66 14 40 1 42 41 86 99 90 71 75 73 52 63 46 7 44 37 57 78 2 28 49 10 60 85 43 81 16 83 
cpTO[6]=2035.376760 
cpTO[7]=1987.355018 
cpSO[7]=
27 66 52 11 84 37 71 72 36 41 39 22 55 69 65 50 80 64 89 6 58 74 21 42 14 97 68 19 28 78 30 48 46 18 34 23 73 56 20 13 85 43 98 60 4 5 59 87 88 100 2 77 33 0 62 29 70 32 75 67 8 10 63 81 47 35 31 61 49 76 53 3 96 12 94 1 99 7 79 25 54 24 38 17 44 16 83 40 86 90 93 9 95 91 45 15 82 26 51 57 92 
cpTO[7]=1987.355018 
cpTO[8]=2169.584500 
cpSO[8]=
20 21 53 52 88 84 37 38 55 39 94 5 4 16 7 44 100 76 31 29 17 90 36 1 15 60 50 32 80 28 24 71 22 40 73 25 11 62 69 10 89 75 49 96 43 48 51 46 83 97 66 3 27 57 95 56 82 30 63 61 2 78 8 77 33 68 9 6 65 0 64 54 19 70 87 81 67 34 23 72 86 14 35 79 74 58 93 41 85 91 42 12 26 18 47 59 98 92 45 99 13 
cpTO[8]=2169.584500 
cpTO[9]=2084.470989 
cpSO[9]=
98 7 60 86 30 5 97 43 15 91 90 8 66 55 42 13 84 99 93 12 1 14 72 25 56 39 38 23 19 34 28 75 27 31 6 68 53 67 79 76 26 94 82 36 92 16 46 49 2 78 32 65 64 33 77 3 20 54 0 24 18 35 69 58 51 9 81 17 63 59 74 85 45 47 89 50 4 96 88 29 11 71 41 95 100 40 22 21 73 57 52 87 10 80 70 62 48 61 44 83 37 
cpTO[9]=2084.470989 
ini=
 best=642.131673 position=0
89 62 63 48 35 46 45 7 44 16 83 4 59 82 17 51 88 5 93 95 98 92 58 91 97 36 99 90 84 60 15 85 37 43 13 41 42 14 56 1 86 96 94 12 57 39 20 72 71 73 21 40 74 55 22 66 38 24 54 3 53 23 28 67 79 11 25 52 100 27 26 68 0 49 75 76 2 78 32 80 50 8 77 33 34 70 64 65 19 29 69 30 87 6 81 47 18 10 61 9 31 
solution is:640.975523.       temperature is:1.152625
Tue Dec 10 15:18:32 2013
cpTO[0]=640.975523 
cpSO[0]=
96 86 1 56 14 42 41 13 43 37 85 15 60 92 84 90 99 97 36 91 58 98 95 5 88 51 17 82 59 4 83 16 44 7 45 46 35 48 63 62 89 31 9 61 10 18 47 81 6 87 30 69 29 19 65 64 70 34 8 50 32 80 33 77 78 2 76 75 49 0 68 26 100 52 27 25 11 79 67 28 23 53 3 54 24 38 66 22 55 74 40 21 73 71 72 20 39 57 12 93 94 
cpTO[0]=640.975523 
cpTO[1]=2057.101530 
cpSO[1]=
24 72 49 75 78 34 76 70 48 63 47 44 90 84 83 96 71 14 22 40 38 74 91 43 13 95 30 7 51 94 86 93 12 57 58 42 3 53 28 20 5 6 69 9 89 88 21 73 66 25 10 31 32 68 11 50 64 87 46 62 8 19 82 17 80 77 65 41 54 39 52 16 29 18 35 45 4 36 37 60 98 85 59 15 97 56 99 92 1 23 26 100 27 0 81 61 2 55 79 33 67 
cpTO[1]=2057.101530 
cpTO[2]=1986.886173 
cpSO[2]=
15 81 95 96 91 1 93 86 72 41 14 99 46 92 45 50 9 18 30 47 67 11 20 12 94 75 4 5 49 76 88 26 52 59 44 48 19 64 69 0 32 27 71 54 39 3 53 25 78 28 31 34 33 70 80 63 10 61 68 57 40 73 24 74 66 55 22 21 38 23 2 77 79 37 84 13 90 51 35 6 100 7 58 98 97 60 85 36 56 43 42 16 87 65 29 17 82 83 8 89 62 
cpTO[2]=1986.886173 
cpTO[3]=2004.389491 
cpSO[3]=
89 41 86 36 74 73 66 22 72 21 13 98 84 1 96 93 5 99 43 37 55 23 54 65 70 82 87 69 63 31 10 30 25 58 42 14 51 81 47 20 97 16 85 44 35 68 19 2 67 77 76 100 45 15 7 60 90 94 53 3 39 95 12 26 59 4 48 6 18 62 32 52 49 75 83 17 46 61 57 88 28 27 92 91 56 40 38 79 80 29 8 33 24 71 11 64 34 78 0 9 50 
cpTO[3]=2004.389491 
cpTO[4]=1965.896907 
cpSO[4]=
27 55 73 34 68 35 89 10 85 58 91 36 84 86 94 12 95 3 11 79 23 76 54 30 7 82 83 18 62 4 49 67 80 28 24 77 8 64 70 75 59 15 14 37 60 99 98 93 52 100 19 32 81 47 51 92 97 13 41 96 25 20 39 72 21 66 74 38 56 88 42 22 40 71 1 26 5 43 44 16 17 61 63 48 33 65 69 6 9 50 90 57 0 53 78 2 31 87 29 46 45 
cpTO[4]=1965.896907 
cpTO[5]=1825.223581 
cpSO[5]=
41 56 16 59 82 15 3 71 72 12 74 11 49 34 78 32 8 19 64 29 31 89 50 63 48 69 87 100 57 40 73 22 1 39 27 46 18 81 47 91 86 14 97 43 13 55 66 5 52 20 83 92 58 4 7 37 60 51 6 88 26 75 24 38 67 23 25 53 21 54 95 17 96 90 36 42 94 61 44 98 84 99 85 45 0 80 77 65 70 76 28 33 79 2 9 30 68 93 62 10 35 
cpTO[5]=1825.223581 
cpTO[6]=1877.838184 
cpSO[6]=
76 31 61 87 9 29 80 70 77 25 74 72 3 24 54 8 50 62 18 48 51 32 65 23 34 64 19 0 30 89 6 45 15 13 47 17 68 69 82 93 95 84 58 100 56 36 91 59 92 98 94 97 21 39 75 35 4 5 88 22 38 71 90 99 86 41 42 96 26 79 11 12 1 40 14 66 33 67 53 55 27 20 73 52 63 46 7 44 37 57 78 2 28 49 10 60 85 43 81 16 83 
cpTO[6]=1877.838184 
cpTO[7]=1830.521397 
cpSO[7]=
27 73 56 20 13 85 43 4 60 98 5 59 87 88 9 95 91 45 16 44 17 82 15 83 58 6 89 64 80 50 65 69 78 28 55 22 39 41 36 72 71 37 84 11 52 86 90 93 96 3 53 76 49 61 31 35 47 81 63 10 8 77 33 0 62 29 70 32 75 67 2 100 12 94 68 19 38 24 54 25 79 7 99 1 97 14 42 21 74 40 66 23 34 18 46 48 30 26 51 57 92 
cpTO[7]=1830.521397 
cpTO[8]=2135.728586 
cpSO[8]=
20 21 53 52 88 84 37 38 55 39 94 5 4 16 7 44 100 76 31 29 17 82 56 95 86 14 35 79 74 58 93 41 85 91 42 12 26 18 47 59 98 1 36 90 30 63 61 67 34 23 72 57 54 64 0 65 6 51 69 10 89 75 49 96 43 48 62 2 78 8 77 33 68 9 46 83 97 66 3 27 19 70 87 81 11 25 73 40 22 71 24 28 80 32 50 60 15 92 45 99 13 
cpTO[8]=2135.728586 
cpTO[9]=1958.793205 
cpSO[9]=
98 81 17 63 59 58 61 48 62 89 47 45 85 74 22 21 73 57 52 87 10 80 70 64 65 32 49 2 78 76 26 94 82 36 90 96 88 69 9 51 40 100 95 41 71 11 29 35 18 24 79 67 53 68 6 31 27 75 28 34 19 23 38 39 56 25 72 14 1 12 93 99 84 13 42 55 66 8 4 50 33 77 3 20 54 0 46 16 92 91 15 43 97 5 30 86 60 7 44 83 37 
cpTO[9]=1958.793205 
ini=
 best=640.975523 position=0
96 86 1 56 14 42 41 13 43 37 85 15 60 92 84 90 99 97 36 91 58 98 95 5 88 51 17 82 59 4 83 16 44 7 45 46 35 48 63 62 89 31 9 61 10 18 47 81 6 87 30 69 29 19 65 64 70 34 8 50 32 80 33 77 78 2 76 75 49 0 68 26 100 52 27 25 11 79 67 28 23 53 3 54 24 38 66 22 55 74 40 21 73 71 72 20 39 57 12 93 94 
solution is:641.697256.       temperature is:1.281718
Tue Dec 10 15:18:39 2013
cpTO[0]=641.697256 
cpSO[0]=
75 76 2 78 77 33 80 32 50 8 34 70 64 65 19 29 69 30 87 6 81 47 18 10 61 9 31 89 62 63 48 35 46 45 7 44 16 83 4 59 82 17 51 88 5 95 98 58 91 97 36 99 90 84 92 60 15 85 37 43 13 41 42 14 56 1 86 96 94 93 12 57 39 20 72 71 73 21 40 74 55 22 66 38 3 24 54 53 23 28 67 79 11 25 27 52 100 26 68 0 49 
cpTO[0]=641.697256 
cpTO[1]=1895.625694 
cpSO[1]=
24 72 49 75 78 34 70 48 63 47 44 90 84 15 59 85 98 60 37 36 4 16 52 39 54 41 2 77 80 17 82 64 50 19 11 68 32 8 76 62 46 7 45 35 18 29 51 94 86 93 12 57 58 42 21 73 66 25 10 89 9 65 30 87 31 88 83 92 1 23 26 100 27 0 81 61 69 6 5 20 95 13 43 91 74 38 40 22 14 71 96 99 56 97 3 53 28 55 79 33 67 
cpTO[1]=1895.625694 
cpTO[2]=1790.533803 
cpSO[2]=
15 81 26 52 96 91 1 93 27 32 0 69 64 19 63 29 51 90 13 84 36 56 43 37 20 71 23 2 77 79 11 67 47 30 18 9 50 8 31 34 33 70 65 80 87 16 42 85 60 97 98 58 7 100 6 35 17 82 92 46 59 44 48 10 61 88 95 45 83 99 14 41 72 75 94 12 86 4 5 49 76 68 57 40 21 22 55 66 74 24 73 38 54 39 3 53 25 78 28 89 62 
cpTO[2]=1790.533803 
cpTO[3]=1912.577670 
cpSO[3]=
89 41 86 36 40 56 91 90 60 85 45 100 76 67 77 2 25 58 5 93 96 1 84 83 17 46 61 57 88 28 27 92 98 13 21 72 22 66 73 74 38 79 80 29 8 33 24 71 20 69 87 81 47 63 48 4 59 26 12 95 39 3 53 94 49 75 52 32 62 18 82 51 14 42 99 43 37 55 23 54 65 70 6 31 10 30 19 68 35 44 15 7 16 97 11 64 34 78 0 9 50 
cpTO[3]=1912.577670 
cpTO[4]=1888.594580 
cpSO[4]=
27 55 22 40 71 1 26 5 43 44 16 85 47 51 92 97 13 41 96 25 39 20 72 21 66 74 38 56 88 42 73 34 68 35 89 10 81 30 54 3 11 79 24 28 80 67 49 4 29 87 90 57 0 53 78 2 31 50 9 6 69 65 33 18 83 82 7 32 19 100 52 93 98 99 60 37 14 15 59 75 70 64 8 77 23 76 95 12 94 86 36 84 91 58 17 61 63 48 62 46 45 
cpTO[4]=1888.594580 
cpTO[5]=1731.404391 
cpSO[5]=
41 56 25 53 21 54 27 81 18 46 47 91 86 5 52 20 83 92 58 4 7 37 60 42 36 90 99 85 45 0 80 32 8 19 64 29 31 89 65 70 76 28 33 79 2 9 30 61 44 98 84 96 17 6 88 26 75 23 67 38 24 66 55 13 43 97 15 82 59 16 14 95 39 1 22 73 40 57 100 87 69 48 63 50 77 78 34 49 11 74 12 72 71 3 51 94 68 93 62 10 35 
cpTO[5]=1731.404391 
cpTO[6]=1756.491580 
cpSO[6]=
76 31 61 87 9 29 70 80 77 25 74 72 3 24 54 22 38 21 97 94 93 51 96 42 41 86 99 90 88 11 79 26 32 19 64 34 23 65 8 50 62 18 48 82 69 68 17 47 13 15 45 6 89 30 0 5 95 84 58 100 56 36 91 92 59 98 4 35 75 39 71 40 1 12 14 37 43 85 60 10 49 67 33 66 57 78 2 28 53 55 27 20 73 52 63 46 7 44 81 16 83 
cpTO[6]=1756.491580 
cpTO[7]=1719.689991 
cpSO[7]=
27 73 56 40 74 21 42 14 97 1 99 7 75 32 0 62 29 70 33 77 8 10 63 81 47 35 31 61 49 76 53 3 96 93 45 16 44 17 82 15 83 58 6 89 95 91 90 86 52 11 84 37 71 72 36 41 39 22 55 25 54 24 38 19 68 20 66 23 34 64 80 50 65 69 78 28 79 67 2 100 12 94 13 85 43 4 60 98 5 59 87 88 9 18 46 48 30 26 51 57 92 
cpTO[7]=1719.689991 
cpTO[8]=1996.478554 
cpSO[8]=
20 21 53 52 88 84 37 38 55 39 94 5 4 16 7 44 100 26 64 29 17 82 56 95 93 41 85 91 42 97 83 46 9 68 33 77 8 78 2 0 65 6 51 70 19 18 47 59 98 1 14 35 79 74 58 66 3 27 50 32 80 28 24 54 57 72 23 34 67 69 30 90 36 86 12 71 22 40 73 25 11 81 87 61 63 10 89 75 49 96 43 48 62 31 76 60 15 92 45 99 13 
cpTO[8]=1996.478554 
cpTO[9]=1822.473053 
cpSO[9]=
98 81 17 11 71 41 95 100 40 74 38 23 65 64 70 80 10 87 68 53 79 67 24 78 2 49 32 19 34 28 75 27 31 6 52 57 73 21 22 66 55 42 13 84 99 93 12 1 14 72 25 56 39 85 45 35 29 63 76 26 94 4 50 33 77 3 20 54 0 46 16 92 91 15 43 97 58 61 48 62 89 47 18 59 82 36 90 96 88 69 9 51 5 8 30 86 60 7 44 83 37 
cpTO[9]=1822.473053 
ini=
 best=641.697256 position=0
75 76 2 78 77 33 80 32 50 8 34 70 64 65 19 29 69 30 87 6 81 47 18 10 61 9 31 89 62 63 48 35 46 45 7 44 16 83 4 59 82 17 51 88 5 95 98 58 91 97 36 99 90 84 92 60 15 85 37 43 13 41 42 14 56 1 86 96 94 93 12 57 39 20 72 71 73 21 40 74 55 22 66 38 3 24 54 53 23 28 67 79 11 25 27 52 100 26 68 0 49 
solution is:642.355126.       temperature is:11.622750
Tue Dec 10 15:18:46 2013
cpTO[0]=642.355126 
cpSO[0]=
68 0 49 75 76 2 78 77 33 80 32 50 8 34 70 64 65 19 29 69 30 87 6 81 47 18 10 61 9 31 89 62 63 48 35 46 45 7 44 16 83 4 59 82 17 51 88 5 93 12 94 95 98 92 84 60 15 85 37 13 43 90 99 36 97 58 91 96 86 41 42 14 56 1 72 20 71 73 21 40 74 55 22 66 38 24 54 3 53 23 28 67 79 11 25 39 57 52 100 27 26 
cpTO[0]=642.355126 
cpTO[1]=1765.715932 
cpSO[1]=
24 72 75 49 78 34 70 48 63 47 44 90 84 15 59 98 85 60 37 36 4 16 83 92 1 79 23 55 28 53 3 97 41 57 5 6 69 61 81 82 17 80 77 2 58 42 21 73 66 25 62 76 8 32 68 11 19 30 87 31 88 52 39 54 56 20 95 43 13 91 74 38 40 22 14 71 96 99 12 93 86 94 51 29 18 35 45 7 46 10 89 9 65 50 64 0 27 100 26 33 67 
cpTO[1]=1765.715932 
cpTO[2]=1670.297695 
cpSO[2]=
15 81 26 75 72 16 44 59 88 82 17 35 6 100 76 49 52 94 12 86 4 5 96 91 1 93 27 32 0 69 64 19 63 29 51 90 13 84 36 56 43 37 60 85 42 41 14 99 83 45 95 92 46 61 10 48 87 68 80 65 70 33 34 31 8 50 9 18 30 47 67 11 79 77 2 23 71 20 97 98 58 7 57 40 21 22 55 66 74 73 24 38 3 39 54 53 25 78 28 89 62 
cpTO[2]=1670.297695 
cpTO[3]=1836.158752 
cpSO[3]=
89 23 54 65 70 6 31 10 30 19 68 35 44 15 90 60 85 45 100 76 67 77 33 24 71 20 69 87 81 47 63 48 4 59 94 57 25 2 8 29 80 79 75 49 88 28 27 92 98 95 39 3 53 26 12 13 43 37 55 41 86 36 58 78 34 64 11 21 72 22 66 73 74 38 52 32 62 18 82 51 14 42 99 97 16 7 91 56 40 5 93 96 1 84 83 17 46 61 0 9 50 
cpTO[3]=1836.158752 
cpTO[4]=1842.238649 
cpSO[4]=
27 55 22 40 71 88 5 43 44 16 85 47 89 10 81 30 54 79 11 3 24 28 80 67 49 4 29 87 90 91 98 95 12 26 42 94 86 36 84 99 60 37 14 15 59 35 68 34 76 93 52 100 19 32 7 82 83 18 33 65 69 6 9 50 31 2 78 73 56 1 38 74 66 21 72 20 39 25 96 41 13 97 92 51 75 70 64 8 77 23 53 0 57 58 17 61 63 48 62 46 45 
cpTO[4]=1842.238649 
cpTO[5]=1643.813980 
cpSO[5]=
41 56 1 39 100 87 69 48 63 50 77 78 34 9 30 61 37 60 42 84 98 27 54 21 55 13 43 97 15 82 59 16 14 95 57 40 73 22 25 11 49 2 79 33 28 76 70 65 89 31 29 64 19 8 32 80 0 45 44 81 18 46 47 68 94 51 3 71 72 12 74 53 66 38 24 67 23 75 26 88 6 17 96 36 90 99 85 7 4 58 92 83 20 52 5 86 91 93 62 10 35 
cpTO[5]=1643.813980 
cpTO[6]=1643.060919 
cpSO[6]=
76 31 61 87 69 68 17 47 13 15 45 6 18 48 9 29 70 8 50 19 32 26 79 11 51 93 94 97 21 38 22 74 72 3 24 54 25 77 80 65 23 34 64 62 89 30 0 75 82 35 4 98 59 92 88 96 42 41 86 99 90 91 36 56 40 71 39 52 12 1 78 2 28 53 55 27 20 73 5 95 84 58 100 57 66 14 37 43 85 60 10 49 67 33 63 46 7 44 81 16 83 
cpTO[6]=1643.060919 
cpTO[7]=1642.406488 
cpSO[7]=
27 73 56 40 74 21 42 14 97 1 86 52 11 98 5 6 89 95 91 90 93 45 16 44 17 82 15 83 58 59 87 88 9 18 46 81 47 35 31 61 51 96 99 7 36 41 39 22 55 25 54 24 38 70 33 77 8 10 63 48 30 26 49 76 67 2 100 12 94 13 85 43 4 60 84 37 71 72 75 32 0 62 29 65 50 80 64 34 23 66 20 68 19 69 78 28 79 53 3 57 92 
cpTO[7]=1642.406488 
cpTO[8]=1749.146234 
cpSO[8]=
20 21 53 52 88 84 37 38 55 39 51 5 94 14 1 74 72 57 54 24 28 67 69 30 90 45 92 15 60 96 43 48 62 31 76 49 75 89 10 63 61 87 81 6 47 59 98 58 4 16 7 44 100 26 64 29 17 82 56 95 93 41 85 91 42 97 83 46 9 68 33 77 8 78 2 0 65 11 25 27 50 32 80 34 23 79 35 18 19 70 66 3 73 40 22 71 12 86 36 99 13 
cpTO[8]=1749.146234 
cpTO[9]=1714.476406 
cpSO[9]=
98 81 17 93 99 84 13 42 41 95 100 40 74 38 23 19 32 49 2 78 24 67 79 53 68 87 61 58 97 43 15 91 92 16 46 0 54 8 70 64 65 34 28 75 27 31 6 5 20 3 77 33 50 4 94 12 1 14 72 25 56 73 21 22 66 55 71 11 26 76 63 29 35 45 85 39 57 52 69 9 51 88 96 90 36 82 59 18 47 89 62 48 10 80 30 86 60 7 44 83 37 
cpTO[9]=1714.476406 
ini=
 best=642.355126 position=0
68 0 49 75 76 2 78 77 33 80 32 50 8 34 70 64 65 19 29 69 30 87 6 81 47 18 10 61 9 31 89 62 63 48 35 46 45 7 44 16 83 4 59 82 17 51 88 5 93 12 94 95 98 92 84 60 15 85 37 13 43 90 99 36 97 58 91 96 86 41 42 14 56 1 72 20 71 73 21 40 74 55 22 66 38 24 54 3 53 23 28 67 79 11 25 39 57 52 100 27 26 
solution is:642.031335.       temperature is:2.094907
Tue Dec 10 15:18:53 2013
cpTO[0]=642.031335 
cpSO[0]=
10 18 47 81 6 87 30 69 29 19 65 64 70 34 8 50 32 80 33 77 78 2 76 75 49 0 68 26 27 100 52 57 39 25 11 79 67 28 23 53 3 54 24 38 66 22 55 74 40 21 73 71 20 72 1 56 14 42 41 13 43 37 85 15 60 84 90 99 36 97 92 98 95 58 91 94 96 86 12 93 5 88 51 17 82 59 4 83 16 44 7 45 46 35 48 63 62 89 31 9 61 
cpTO[0]=642.031335 
cpTO[1]=1615.105781 
cpSO[1]=
24 72 75 49 78 34 70 48 63 47 44 98 59 15 84 90 85 60 37 36 4 16 83 92 1 79 23 55 28 53 3 13 43 95 20 56 40 22 14 71 96 99 12 93 86 94 41 97 91 74 38 54 39 52 88 25 66 73 21 42 58 2 77 80 17 82 81 61 69 6 5 57 51 68 11 76 62 31 10 46 7 45 35 18 29 32 8 19 30 87 9 89 65 50 64 0 27 100 26 33 67 
cpTO[1]=1615.105781 
cpTO[2]=1617.899870 
cpSO[2]=
15 82 17 35 6 100 76 49 53 54 39 3 24 38 73 74 66 55 22 21 40 57 88 81 92 95 45 83 99 14 41 42 85 60 37 43 56 36 84 13 90 51 19 64 69 2 11 67 47 30 18 63 29 9 50 8 31 34 33 70 65 80 77 79 23 71 20 97 98 58 7 59 44 16 96 91 1 93 27 32 0 68 87 48 10 61 46 26 75 72 5 4 86 12 94 52 25 78 28 89 62 
cpTO[2]=1617.899870 
cpTO[3]=1713.976956 
cpSO[3]=
89 67 76 30 10 31 6 70 65 11 25 57 94 98 95 39 74 73 66 22 72 41 86 36 58 78 34 64 2 8 29 80 79 75 49 28 27 92 59 4 48 63 47 81 87 69 0 19 38 3 53 26 12 13 43 37 55 21 54 23 77 33 24 71 20 52 32 62 18 82 51 14 42 99 84 83 15 90 60 85 45 100 88 17 7 91 56 40 5 93 96 1 97 16 44 35 68 61 46 9 50 
cpTO[3]=1713.976956 
cpTO[4]=1754.307863 
cpSO[4]=
27 55 22 40 71 88 5 43 44 16 85 90 93 52 100 19 32 7 82 83 18 33 28 24 3 11 79 54 23 53 0 68 34 64 70 49 67 80 65 69 6 9 50 31 2 78 73 56 1 38 74 66 21 72 20 39 25 96 41 13 97 92 51 75 4 29 87 76 8 77 30 81 62 48 63 61 17 58 57 35 59 15 60 37 14 99 84 36 86 94 42 26 12 95 98 91 47 89 10 46 45 
cpTO[4]=1754.307863 
cpTO[5]=1586.088941 
cpSO[5]=
41 56 1 39 100 87 93 91 86 96 36 90 99 85 42 84 98 27 54 21 55 73 22 25 11 49 2 79 33 28 76 70 65 89 31 29 64 19 8 32 80 0 45 44 81 18 46 47 51 94 68 3 71 72 12 74 53 66 38 24 67 23 75 26 88 6 17 5 52 20 83 92 58 4 7 60 37 82 59 16 14 95 57 40 13 43 97 15 61 30 9 34 78 77 50 63 48 69 62 10 35 
cpTO[5]=1586.088941 
cpTO[6]=1558.357357 
cpSO[6]=
76 9 48 18 6 45 15 13 82 35 4 98 59 92 88 73 20 39 71 40 56 36 91 97 94 93 51 11 79 26 32 19 50 80 77 49 23 65 8 70 29 31 61 87 69 68 17 47 75 0 30 89 62 64 34 78 2 28 53 55 27 52 12 1 67 33 63 46 7 44 60 85 43 37 14 66 57 100 58 84 95 5 96 42 41 99 90 86 21 72 74 22 38 3 24 54 25 10 81 16 83 
cpTO[6]=1558.357357 
cpTO[7]=1549.811477 
cpSO[7]=
27 73 56 40 74 21 42 14 97 1 86 20 66 23 28 78 32 75 72 71 94 13 85 43 37 84 60 4 12 100 2 67 76 49 26 30 48 63 10 8 77 33 70 38 24 54 25 55 22 39 93 98 5 6 89 45 16 44 17 82 15 83 58 59 87 88 9 18 46 81 47 35 31 61 51 96 99 7 36 41 90 91 95 11 52 68 19 69 0 62 29 65 50 80 64 34 79 53 3 57 92 
cpTO[7]=1549.811477 
cpTO[8]=1612.930488 
cpSO[8]=
20 21 40 73 3 66 2 78 8 77 33 69 67 28 24 54 57 72 74 1 14 94 5 51 39 55 38 37 84 88 52 53 22 71 12 86 96 93 95 99 36 43 83 97 42 91 58 4 16 7 44 100 26 64 76 49 75 89 10 62 31 29 17 82 56 41 60 15 92 45 90 18 35 9 68 30 19 70 0 65 11 25 27 50 32 80 34 23 79 46 48 63 61 87 81 6 47 59 98 85 13 
cpTO[8]=1612.930488 
cpTO[9]=1634.985364 
cpSO[9]=
98 81 17 93 99 96 88 51 9 47 18 59 82 58 91 15 43 97 41 42 13 84 90 36 20 3 79 53 68 87 61 5 6 31 27 75 77 33 50 4 16 46 0 54 26 100 95 92 94 12 1 40 74 38 23 19 32 49 10 48 62 89 69 52 57 39 85 45 35 29 63 76 8 70 64 65 34 28 67 24 78 2 80 30 11 71 55 66 22 21 73 56 25 72 14 86 60 7 44 83 37 
cpTO[9]=1634.985364 
ini=
 best=642.031335 position=0
10 18 47 81 6 87 30 69 29 19 65 64 70 34 8 50 32 80 33 77 78 2 76 75 49 0 68 26 27 100 52 57 39 25 11 79 67 28 23 53 3 54 24 38 66 22 55 74 40 21 73 71 20 72 1 56 14 42 41 13 43 37 85 15 60 84 90 99 36 97 92 98 95 58 91 94 96 86 12 93 5 88 51 17 82 59 4 83 16 44 7 45 46 35 48 63 62 89 31 9 61 
solution is:640.925773.       temperature is:5.729430
Tue Dec 10 15:19:00 2013
cpTO[0]=640.925773 
cpSO[0]=
90 84 60 15 85 37 43 13 41 42 14 56 1 86 96 94 93 12 57 39 20 72 71 73 21 40 74 55 22 66 38 24 54 3 53 23 28 67 79 11 25 27 52 100 26 68 0 49 75 76 2 78 32 80 50 8 77 33 34 70 64 65 19 29 69 30 87 6 81 47 18 10 61 9 31 89 62 63 48 35 46 45 7 44 16 83 4 59 82 17 51 88 5 95 98 92 58 91 97 36 99 
cpTO[0]=640.925773 
cpTO[1]=1503.013735 
cpSO[1]=
24 72 75 49 78 34 70 48 63 47 44 98 59 85 90 84 15 60 37 36 4 16 83 92 1 79 23 55 73 21 3 53 28 66 25 88 52 39 54 38 74 91 97 41 94 86 93 12 99 96 58 42 13 43 95 20 56 40 22 14 71 76 11 68 51 57 5 6 69 61 81 82 17 0 89 9 87 30 19 8 64 65 50 32 29 18 46 35 45 7 10 31 62 2 77 80 27 100 26 33 67 
cpTO[1]=1503.013735 
cpTO[2]=1563.475747 
cpSO[2]=
15 82 17 35 6 100 26 46 61 30 18 63 29 9 50 8 51 90 13 84 36 56 72 75 76 49 53 54 39 3 24 38 73 74 66 55 22 21 40 57 88 81 92 95 45 83 99 14 20 71 23 79 77 80 65 70 33 34 31 19 64 32 0 68 69 2 11 67 47 10 48 87 27 93 1 91 96 97 98 58 7 59 44 16 41 42 85 60 37 43 5 4 86 12 94 52 25 78 28 89 62 
cpTO[2]=1563.475747 
cpTO[3]=1592.405400 
cpSO[3]=
89 46 61 62 18 47 63 48 82 81 87 69 0 19 76 30 10 31 6 70 65 35 44 16 97 91 93 96 1 56 40 5 7 17 88 100 45 85 60 90 15 83 84 99 42 41 86 36 58 24 71 20 28 49 75 79 80 29 8 2 64 34 78 33 77 23 54 21 55 51 4 59 92 27 52 32 68 11 25 57 94 98 95 39 74 73 66 22 72 14 37 43 13 12 26 53 3 38 67 9 50 
cpTO[3]=1592.405400 
cpTO[4]=1598.499030 
cpSO[4]=
27 55 22 40 71 88 5 43 44 16 85 90 36 84 99 14 37 42 26 12 95 98 91 47 89 62 81 30 51 92 97 13 41 96 58 57 35 59 15 60 4 29 87 76 67 49 50 31 65 80 8 77 75 94 86 93 52 100 6 9 70 64 34 68 0 53 23 54 79 11 3 24 28 33 32 7 82 83 18 19 69 2 78 73 56 1 38 74 66 21 72 20 39 25 17 61 63 48 10 46 45 
cpTO[4]=1598.499030 
cpTO[5]=1525.625095 
cpSO[5]=
41 56 1 39 72 71 3 20 83 92 58 4 7 60 37 82 59 16 14 95 57 40 13 43 97 15 94 68 52 5 17 6 88 26 75 23 67 24 38 66 53 74 12 100 87 93 91 86 96 36 90 99 85 42 84 98 27 54 21 55 73 22 25 11 49 2 79 33 28 76 70 65 89 31 29 64 19 8 77 78 34 9 30 61 51 47 46 18 81 44 45 0 80 32 50 63 48 69 62 10 35 
cpTO[5]=1525.625095 
cpTO[6]=1530.313167 
cpSO[6]=
76 9 48 18 6 45 15 90 99 41 42 96 5 95 84 58 100 57 66 14 37 43 85 60 44 7 46 63 33 67 49 77 80 50 19 32 26 79 11 51 93 94 97 91 36 56 40 71 39 20 73 88 92 59 98 4 35 82 13 86 21 72 74 22 38 3 24 54 55 27 52 12 1 23 65 8 70 34 64 62 89 30 0 75 47 17 68 69 87 61 31 29 78 2 28 53 25 10 81 16 83 
cpTO[6]=1530.313167 
cpTO[7]=1469.926567 
cpSO[7]=
27 73 1 86 20 66 3 2 67 76 75 100 12 4 60 84 37 43 85 13 42 14 97 56 40 74 21 94 71 72 25 55 22 95 5 6 89 45 16 44 17 82 7 99 96 51 61 31 48 63 10 8 70 33 77 38 24 54 53 79 34 64 80 50 65 29 62 0 69 19 68 52 11 39 93 98 91 90 41 36 15 83 58 59 87 88 9 18 46 81 47 35 30 26 49 32 78 28 23 57 92 
cpTO[7]=1469.926567 
cpTO[8]=1566.766969 
cpSO[8]=
20 21 40 73 3 66 52 88 84 91 58 4 16 7 44 100 26 64 76 49 75 89 10 62 31 29 17 82 12 71 22 53 2 78 8 77 33 69 67 28 24 54 57 72 74 1 14 94 5 51 39 55 38 37 42 90 45 92 15 60 41 56 86 96 93 95 99 36 43 83 97 18 35 9 68 30 19 0 70 65 11 25 27 50 32 80 34 23 79 46 48 63 61 87 81 6 47 59 98 85 13 
cpTO[8]=1566.766969 
cpTO[9]=1527.605229 
cpSO[9]=
98 81 17 61 87 68 53 79 3 20 36 90 84 13 42 41 97 43 15 91 58 82 59 18 47 9 0 27 31 63 76 8 70 64 65 34 28 67 24 78 2 80 30 11 71 55 66 22 21 73 56 1 40 74 38 23 19 33 77 75 54 52 57 39 25 12 94 92 95 93 86 14 72 85 45 35 29 6 5 100 26 69 89 62 48 10 49 32 50 88 51 46 16 4 96 99 60 7 44 83 37 
cpTO[9]=1527.605229 
ini=
 best=640.925773 position=0
90 84 60 15 85 37 43 13 41 42 14 56 1 86 96 94 93 12 57 39 20 72 71 73 21 40 74 55 22 66 38 24 54 3 53 23 28 67 79 11 25 27 52 100 26 68 0 49 75 76 2 78 32 80 50 8 77 33 34 70 64 65 19 29 69 30 87 6 81 47 18 10 61 9 31 89 62 63 48 35 46 45 7 44 16 83 4 59 82 17 51 88 5 95 98 92 58 91 97 36 99 
solution is:642.083425.       temperature is:6.923218
Tue Dec 10 15:19:07 2013
cpTO[0]=642.083425 
cpSO[0]=
21 40 74 55 22 66 38 24 54 3 53 23 28 67 79 11 25 39 57 52 100 27 26 68 0 49 75 76 2 78 77 33 80 32 50 8 34 70 64 65 19 29 69 30 87 6 81 47 18 10 61 9 31 89 62 63 48 35 46 45 7 44 16 83 4 59 82 17 51 88 5 93 12 94 95 98 58 92 84 60 15 85 37 13 43 90 99 36 97 91 96 86 41 42 14 56 1 72 20 71 73 
cpTO[0]=642.083425 
cpTO[1]=1432.213555 
cpSO[1]=
24 72 75 49 78 34 64 65 50 32 29 0 17 82 81 61 69 6 5 57 51 68 11 76 71 14 22 40 56 20 95 43 13 42 41 94 86 93 12 99 96 58 97 91 74 38 54 39 52 88 25 66 28 53 3 21 73 55 23 79 1 92 83 16 4 36 37 60 15 84 90 85 59 98 44 47 63 48 10 7 45 35 46 18 89 9 87 30 19 8 70 31 62 2 77 80 27 100 26 33 67 
cpTO[1]=1432.213555 
cpTO[2]=1528.093128 
cpSO[2]=
15 7 58 4 5 43 37 60 85 42 41 16 44 59 82 17 18 30 61 46 26 100 6 67 11 75 72 1 93 27 87 48 10 47 35 63 29 9 50 8 65 70 33 34 31 19 64 32 0 68 69 2 76 49 53 54 39 3 24 38 73 74 66 55 22 21 40 57 88 81 92 95 45 83 99 14 20 71 23 79 77 80 51 90 13 84 36 56 91 96 97 98 86 12 94 52 25 78 28 89 62 
cpTO[2]=1528.093128 
cpTO[3]=1572.913462 
cpSO[3]=
89 46 61 62 18 47 63 48 82 81 87 69 0 19 76 30 10 31 6 58 36 86 41 42 99 84 83 15 90 60 85 45 100 88 17 7 5 40 56 1 96 93 91 97 16 44 35 65 70 24 71 20 28 29 80 79 75 49 2 8 64 34 78 33 77 23 54 21 55 51 4 59 92 27 52 32 68 11 25 57 94 98 95 39 74 73 66 22 72 14 37 43 13 12 26 53 3 38 67 9 50 
cpTO[3]=1572.913462 
cpTO[4]=1559.164023 
cpSO[4]=
27 55 22 40 71 88 5 43 44 16 85 90 36 84 99 14 37 42 26 12 95 98 91 47 89 62 81 30 51 25 39 20 72 21 66 74 38 1 56 73 78 2 69 19 18 83 82 7 32 33 28 24 3 11 79 54 23 53 0 68 34 64 70 31 65 80 8 77 75 76 67 49 50 9 6 100 94 86 93 52 87 29 4 60 15 59 61 17 92 97 13 41 96 58 57 35 63 48 10 46 45 
cpTO[4]=1559.164023 
cpTO[5]=1467.588909 
cpSO[5]=
41 12 100 87 93 91 86 96 36 90 99 85 42 13 43 97 15 84 98 68 51 61 30 9 34 78 77 33 28 76 70 65 89 31 29 64 19 8 79 2 49 11 25 22 73 55 21 72 71 3 20 57 95 14 16 59 4 58 92 60 37 82 7 83 40 94 47 46 18 81 6 17 5 52 27 54 39 1 56 74 53 66 38 24 67 23 75 26 88 44 45 0 80 32 50 63 48 69 62 10 35 
cpTO[5]=1467.588909 
cpTO[6]=1477.048032 
cpSO[6]=
76 49 2 78 29 31 61 68 69 87 47 10 25 53 28 67 33 34 70 8 65 23 1 12 52 27 24 54 55 3 38 66 14 37 43 85 60 44 7 46 63 64 62 89 9 77 80 50 19 32 17 15 90 99 41 42 96 92 88 73 20 39 71 40 56 36 91 97 84 95 5 59 98 4 35 82 13 86 21 72 74 22 57 100 58 94 93 51 11 79 26 75 0 30 48 18 6 45 81 16 83 
cpTO[6]=1477.048032 
cpTO[7]=1446.383706 
cpSO[7]=
27 73 1 86 21 74 40 56 97 14 42 13 85 43 37 84 60 4 12 100 75 76 67 2 3 38 77 33 70 8 10 63 48 31 61 51 71 72 25 55 22 95 5 6 89 45 16 44 17 82 7 99 96 91 90 41 36 15 83 58 59 87 88 9 18 46 81 47 35 30 26 52 68 19 69 0 62 29 65 50 34 64 80 79 53 54 24 66 20 94 98 93 39 11 49 32 78 28 23 57 92 
cpTO[7]=1446.383706 
cpTO[8]=1505.634660 
cpSO[8]=
20 21 40 73 3 66 52 88 95 93 96 86 56 41 60 98 92 45 90 42 37 38 55 39 67 28 24 54 11 65 70 31 62 10 89 75 49 76 64 26 100 44 7 16 4 58 91 84 99 36 43 83 97 18 35 9 68 30 19 0 29 50 32 80 34 23 79 46 48 63 61 87 81 6 47 59 12 71 22 53 2 78 8 77 33 69 51 5 94 14 1 74 72 57 25 27 17 82 15 85 13 
cpTO[8]=1505.634660 
cpTO[9]=1452.869998 
cpSO[9]=
98 82 58 91 97 43 15 72 14 86 93 95 92 94 12 25 39 57 52 19 33 77 75 54 23 38 74 40 1 56 73 21 22 66 55 71 11 30 80 2 78 24 67 28 34 65 64 70 8 76 48 10 9 0 50 32 49 47 18 89 29 69 26 100 5 6 59 81 17 61 87 68 53 79 3 20 36 90 84 13 42 41 85 45 35 62 63 31 27 88 51 46 16 4 96 99 60 7 44 83 37 
cpTO[9]=1452.869998 
ini=
 best=642.083425 position=0
21 40 74 55 22 66 38 24 54 3 53 23 28 67 79 11 25 39 57 52 100 27 26 68 0 49 75 76 2 78 77 33 80 32 50 8 34 70 64 65 19 29 69 30 87 6 81 47 18 10 61 9 31 89 62 63 48 35 46 45 7 44 16 83 4 59 82 17 51 88 5 93 12 94 95 98 58 92 84 60 15 85 37 13 43 90 99 36 97 91 96 86 41 42 14 56 1 72 20 71 73 
solution is:642.208898.       temperature is:8.310387
Tue Dec 10 15:19:14 2013
cpTO[0]=642.208898 
cpSO[0]=
22 66 38 3 24 54 53 23 28 67 79 11 25 27 52 100 26 68 0 49 75 76 2 78 77 33 80 32 50 8 34 64 70 65 19 29 69 30 87 6 81 47 18 10 61 9 31 89 62 63 48 35 46 45 7 44 16 83 4 59 82 17 51 88 5 95 98 92 58 91 97 36 99 90 84 60 15 85 37 43 13 41 42 14 56 1 86 96 94 93 12 57 39 20 72 71 73 40 21 74 55 
cpTO[0]=642.208898 
cpTO[1]=1382.708164 
cpSO[1]=
24 72 1 14 22 40 56 92 83 16 98 59 36 37 60 15 84 90 85 4 44 47 63 48 10 7 45 35 46 18 89 9 87 30 19 8 70 64 34 78 49 75 20 95 43 13 42 41 94 86 91 97 58 96 99 12 93 74 38 54 39 52 88 25 66 23 55 73 21 3 53 28 79 71 76 11 68 51 57 5 6 69 61 81 82 17 0 29 32 80 77 2 62 31 65 50 27 100 26 33 67 
cpTO[1]=1382.708164 
cpTO[2]=1428.733821 
cpSO[2]=
15 41 42 85 60 37 43 5 4 58 7 46 61 30 18 17 82 59 92 86 12 94 52 6 100 26 16 44 81 88 57 40 21 22 55 66 74 73 38 24 3 39 54 53 23 79 69 68 0 32 64 19 31 34 33 70 65 8 50 9 29 63 35 47 10 48 87 27 93 1 72 67 11 75 25 78 28 80 77 2 76 49 71 20 14 99 90 13 84 36 56 91 96 97 98 95 45 83 51 89 62 
cpTO[2]=1428.733821 
cpTO[3]=1490.970956 
cpSO[3]=
89 46 18 62 61 47 63 48 82 81 35 44 16 97 91 98 94 96 93 95 39 74 73 66 22 72 14 37 43 13 12 4 59 92 27 52 32 0 19 76 30 31 10 6 58 36 5 7 17 88 100 45 85 60 90 15 83 84 99 42 41 86 40 56 1 57 25 11 68 69 87 65 70 80 29 28 20 71 24 77 33 78 34 64 8 2 49 75 79 23 54 21 55 51 26 53 3 38 67 9 50 
cpTO[3]=1490.970956 
cpTO[4]=1470.001919 
cpSO[4]=
27 55 22 40 71 88 5 26 42 37 14 99 84 36 90 85 16 44 43 47 89 62 18 19 69 2 78 1 56 73 38 74 66 21 72 20 39 25 51 30 81 83 82 7 75 76 67 49 50 9 59 15 60 4 58 96 41 13 97 92 17 6 61 100 94 86 12 91 98 95 93 52 29 34 64 70 31 65 80 8 77 32 33 28 24 3 11 79 54 23 53 0 68 87 57 35 63 48 10 46 45 
cpTO[4]=1470.001919 
cpTO[5]=1401.651982 
cpSO[5]=
41 12 98 84 15 97 43 83 7 82 47 46 18 81 6 17 5 52 27 57 95 60 92 58 4 59 16 14 37 94 40 13 42 85 99 90 36 96 86 91 93 87 100 68 51 88 26 75 23 67 24 38 66 53 21 72 71 3 20 54 39 1 56 74 55 73 22 25 11 49 2 79 8 50 32 80 0 45 44 61 30 9 34 78 77 33 28 76 70 65 89 31 29 64 19 63 48 69 62 10 35 
cpTO[5]=1401.651982 
cpTO[6]=1438.051011 
cpSO[6]=
76 49 2 78 29 31 61 68 69 87 47 10 52 11 79 26 75 0 30 64 62 89 9 77 80 50 19 32 17 15 82 35 4 98 59 5 95 84 97 91 36 56 40 71 39 20 73 94 58 100 57 22 74 72 21 86 13 90 99 41 42 96 92 88 93 51 12 1 23 65 70 8 34 33 67 28 53 25 27 24 54 55 3 38 66 14 37 43 85 60 44 7 46 63 48 18 6 45 81 16 83 
cpTO[6]=1438.051011 
cpTO[7]=1394.669279 
cpSO[7]=
27 78 32 49 11 39 93 98 94 20 66 24 54 53 79 80 64 34 50 65 29 62 0 69 19 68 52 26 30 35 47 81 46 18 9 88 87 12 100 75 76 67 2 3 38 73 1 57 23 28 77 33 70 8 10 63 48 31 61 51 71 72 22 55 25 95 5 6 89 45 16 44 17 82 7 99 96 91 90 41 36 15 83 58 59 4 60 84 37 43 85 13 42 14 97 56 40 74 21 86 92 
cpTO[7]=1394.669279 
cpTO[8]=1469.908222 
cpSO[8]=
20 21 40 73 3 66 52 88 95 93 96 86 56 41 60 98 92 45 90 85 15 82 17 27 25 57 72 74 1 14 94 5 51 46 48 63 61 87 81 6 47 59 12 71 22 53 2 78 8 77 33 69 79 23 34 80 32 50 26 100 44 7 16 4 58 91 84 99 36 43 83 97 18 35 9 68 30 19 75 49 76 64 29 0 89 10 62 31 70 65 11 54 24 28 67 39 55 38 37 42 13 
cpTO[8]=1469.908222 
cpTO[9]=1399.858110 
cpSO[9]=
98 82 95 93 86 14 72 15 43 97 91 58 92 94 12 25 39 57 52 19 33 77 75 34 65 64 70 8 76 48 35 45 85 41 42 13 84 90 36 20 74 40 1 56 73 21 22 66 55 71 11 30 32 49 47 18 89 29 69 26 27 59 17 81 61 87 68 53 38 3 79 23 54 28 67 24 78 2 80 50 0 9 10 62 63 31 6 5 100 88 51 46 16 4 96 99 60 7 44 83 37 
cpTO[9]=1399.858110 
ini=
 best=642.208898 position=0
22 66 38 3 24 54 53 23 28 67 79 11 25 27 52 100 26 68 0 49 75 76 2 78 77 33 80 32 50 8 34 64 70 65 19 29 69 30 87 6 81 47 18 10 61 9 31 89 62 63 48 35 46 45 7 44 16 83 4 59 82 17 51 88 5 95 98 92 58 91 97 36 99 90 84 60 15 85 37 43 13 41 42 14 56 1 86 96 94 93 12 57 39 20 72 71 73 40 21 74 55 
solution is:641.872726.       temperature is:11.057897
Tue Dec 10 15:19:21 2013
cpTO[0]=641.872726 
cpSO[0]=
36 99 90 84 60 15 85 37 43 13 41 42 14 56 1 86 96 91 94 93 12 57 39 20 72 71 73 21 40 74 55 22 66 38 3 24 54 53 23 28 67 79 11 25 27 52 100 26 68 0 49 75 76 2 78 77 33 80 32 50 8 34 70 64 65 19 29 69 30 87 6 81 47 18 10 61 9 31 89 62 63 48 35 46 45 7 44 16 83 4 59 82 17 51 88 5 95 98 58 92 97 
cpTO[0]=641.872726 
cpTO[1]=1316.234945 
cpSO[1]=
24 72 1 14 21 73 55 23 66 25 57 5 6 69 19 8 70 64 34 78 49 75 20 52 39 54 38 74 93 12 99 36 59 98 16 44 47 63 48 10 7 45 35 46 18 89 9 87 30 61 81 82 17 0 29 32 80 77 2 62 31 65 50 27 100 26 51 88 95 43 13 42 41 94 86 91 97 58 96 37 60 15 84 90 85 4 83 92 56 40 22 3 53 28 79 71 76 11 68 33 67 
cpTO[1]=1316.234945 
cpTO[2]=1401.127851 
cpSO[2]=
15 93 27 87 48 10 47 35 63 29 9 50 8 65 70 33 34 31 19 64 32 0 68 69 79 23 53 54 39 3 24 38 20 71 72 67 11 75 25 78 28 80 77 2 76 49 52 94 12 86 92 59 82 17 88 57 40 21 22 55 66 74 73 14 99 90 13 84 36 56 91 96 97 98 95 45 83 51 61 46 7 58 4 5 43 85 60 37 42 41 1 6 100 26 81 44 16 18 30 89 62 
cpTO[2]=1401.127851 
cpTO[3]=1426.897358 
cpSO[3]=
89 46 18 62 61 47 63 48 10 31 30 76 19 0 32 52 27 92 100 25 57 1 56 40 86 41 42 99 84 83 15 90 97 58 6 82 81 35 45 85 60 16 44 59 4 12 13 43 37 14 72 22 66 73 74 39 95 93 96 94 98 91 36 5 7 17 88 26 51 55 21 54 23 79 75 49 2 8 64 34 78 33 77 24 71 20 28 29 80 70 65 87 69 67 38 3 53 11 68 9 50 
cpTO[3]=1426.897358 
cpTO[4]=1375.031377 
cpSO[4]=
27 25 87 9 75 1 56 73 38 74 21 72 20 96 58 4 60 15 59 7 82 83 81 30 51 57 35 18 62 89 47 43 44 16 85 90 36 84 99 14 37 42 41 13 97 92 17 6 61 100 94 86 12 91 98 95 93 52 29 34 64 70 31 65 80 8 77 32 33 28 24 3 71 40 66 22 55 39 26 5 88 11 79 54 23 53 0 68 50 49 67 76 78 2 69 19 63 48 10 46 45 
cpTO[4]=1375.031377 
cpTO[5]=1377.576309 
cpSO[5]=
41 12 58 92 60 95 57 27 52 5 17 6 81 18 46 47 82 7 83 43 97 15 84 98 4 59 16 14 37 85 99 90 36 96 86 91 94 42 13 40 93 87 100 68 51 88 26 75 23 67 24 38 66 53 21 72 71 3 20 54 39 1 56 74 55 73 22 25 11 49 2 79 8 34 9 30 61 44 45 0 80 32 50 78 77 33 28 76 70 65 89 31 29 64 19 63 48 69 62 10 35 
cpTO[5]=1377.576309 
cpTO[6]=1363.831897 
cpSO[6]=
76 49 2 78 29 31 10 47 87 69 68 61 52 11 79 23 32 17 15 82 35 100 57 22 74 71 40 56 36 91 97 84 95 5 59 98 4 58 94 73 20 39 72 21 86 13 90 99 41 42 96 92 88 93 51 12 1 26 9 89 62 64 30 0 75 77 80 50 19 65 70 8 34 33 67 28 53 25 27 24 54 55 3 38 66 14 37 43 85 60 44 7 46 63 48 18 6 45 81 16 83 
cpTO[6]=1363.831897 
cpTO[7]=1282.984100 
cpSO[7]=
27 78 32 49 11 39 93 98 94 95 5 6 31 61 35 47 81 46 18 9 88 87 51 68 52 26 30 19 62 0 69 29 65 50 34 64 80 79 53 54 24 66 20 25 55 22 72 1 57 100 12 71 73 38 3 2 67 76 75 23 28 77 33 70 8 10 63 48 89 45 16 44 17 82 7 99 96 91 90 41 36 97 14 42 13 85 43 37 15 83 58 59 4 60 84 56 40 74 21 86 92 
cpTO[7]=1282.984100 
cpTO[8]=1451.222265 
cpSO[8]=
20 74 1 14 94 5 51 46 48 63 61 87 81 6 47 59 12 71 22 11 65 70 31 62 10 89 0 29 64 76 49 75 19 30 68 9 35 18 97 83 43 36 99 84 91 58 4 16 7 44 38 55 39 67 28 24 54 53 2 78 8 77 33 69 79 23 34 80 32 50 26 100 45 92 98 60 41 56 86 96 93 95 88 52 57 72 21 40 73 3 66 25 27 17 82 15 85 90 37 42 13 
cpTO[8]=1451.222265 
cpTO[9]=1346.846021 
cpSO[9]=
98 82 95 93 86 14 72 15 43 97 36 41 42 13 84 90 85 45 35 48 76 8 70 64 65 34 19 33 77 53 38 3 79 23 54 28 67 24 78 2 80 50 0 9 10 62 63 89 18 47 49 32 30 11 71 55 66 22 21 73 56 1 40 74 20 91 58 92 94 12 25 39 57 52 75 27 59 17 81 61 87 68 26 69 29 31 6 5 88 100 51 46 16 4 96 99 60 7 44 83 37 
cpTO[9]=1346.846021 
ini=
 best=641.872726 position=0
36 99 90 84 60 15 85 37 43 13 41 42 14 56 1 86 96 91 94 93 12 57 39 20 72 71 73 21 40 74 55 22 66 38 3 24 54 53 23 28 67 79 11 25 27 52 100 26 68 0 49 75 76 2 78 77 33 80 32 50 8 34 70 64 65 19 29 69 30 87 6 81 47 18 10 61 9 31 89 62 63 48 35 46 45 7 44 16 83 4 59 82 17 51 88 5 95 98 58 92 97 
solution is:641.185833.       temperature is:3.173224
Tue Dec 10 15:19:28 2013
cpTO[0]=641.185833 
cpSO[0]=
2 78 32 50 8 80 77 33 34 70 64 65 19 29 69 30 87 6 81 47 18 10 61 9 31 89 62 63 48 35 46 45 7 44 16 83 4 59 82 17 51 88 5 95 98 58 91 36 97 99 90 84 92 60 15 85 37 43 13 41 42 14 56 1 86 96 94 93 12 57 39 20 72 71 73 21 40 74 55 22 66 38 24 54 3 53 23 28 67 79 11 25 27 52 100 26 68 0 49 75 76 
cpTO[0]=641.185833 
cpTO[1]=1266.231632 
cpSO[1]=
24 72 1 14 21 73 55 3 53 20 52 39 54 38 74 93 12 99 36 97 91 86 94 41 42 13 43 59 98 16 44 47 63 48 10 7 45 35 46 18 89 9 87 30 61 81 82 17 0 29 32 80 77 2 62 31 65 50 27 100 26 51 88 95 58 96 37 60 15 84 90 85 4 83 92 56 40 22 66 23 25 57 5 6 69 19 8 70 64 34 78 49 75 28 79 71 76 11 68 33 67 
cpTO[1]=1266.231632 
cpTO[2]=1359.349626 
cpSO[2]=
15 58 98 4 92 59 82 17 88 57 40 21 22 55 66 74 73 14 99 90 13 84 36 56 91 96 97 86 12 94 52 49 76 2 77 80 28 78 25 75 11 67 72 71 20 38 24 3 39 54 53 23 79 69 68 0 32 64 19 31 34 33 70 65 8 50 9 29 63 35 47 10 48 87 27 93 5 95 45 44 81 26 100 43 85 60 37 42 41 1 6 7 46 61 51 83 16 18 30 89 62 
cpTO[2]=1359.349626 
cpTO[3]=1361.791043 
cpSO[3]=
89 46 18 62 61 47 63 48 10 31 30 76 80 70 65 9 29 28 20 51 26 88 17 58 97 90 15 83 84 99 42 41 86 40 56 1 57 25 100 94 98 91 36 5 7 6 82 81 35 45 85 60 16 44 59 4 12 13 43 37 14 72 22 66 73 74 39 95 93 96 92 27 52 32 0 19 64 34 78 33 77 24 53 67 69 87 68 11 38 3 71 55 21 54 23 79 75 49 2 8 50 
cpTO[3]=1361.791043 
cpTO[4]=1341.862093 
cpSO[4]=
27 25 87 9 75 20 72 21 74 38 40 66 22 55 39 26 5 88 11 79 54 23 53 0 68 29 52 93 95 98 91 12 86 94 100 61 6 17 92 97 13 41 42 37 14 99 43 44 16 85 90 36 84 47 89 62 18 35 57 51 30 81 83 82 7 59 15 60 4 58 96 1 56 73 71 3 24 28 33 32 77 8 80 65 31 70 64 34 50 49 67 76 78 2 69 19 63 48 10 46 45 
cpTO[4]=1341.862093 
cpTO[5]=1334.645537 
cpSO[5]=
41 12 58 92 60 95 57 27 52 5 17 6 81 18 46 47 82 7 83 43 97 15 84 98 4 59 16 14 37 85 99 90 36 96 86 91 94 42 13 40 93 51 26 88 87 100 68 75 67 23 24 38 66 53 54 39 1 56 74 55 21 20 3 71 72 73 22 25 11 49 2 79 8 34 9 30 61 44 45 0 80 32 50 78 77 33 28 76 70 65 89 31 29 64 19 63 48 69 62 10 35 
cpTO[5]=1334.645537 
cpTO[6]=1339.944730 
cpSO[6]=
76 49 2 23 79 11 52 61 68 69 87 47 10 31 29 78 32 6 18 48 63 46 7 44 60 85 43 37 14 66 38 3 55 54 24 27 25 53 28 67 33 34 8 70 65 19 50 80 77 75 0 30 64 62 89 9 26 1 12 93 51 88 92 96 42 41 99 90 13 86 21 72 39 20 73 94 58 4 98 59 17 15 5 95 84 97 91 36 56 40 71 74 22 57 100 35 82 45 81 16 83 
cpTO[6]=1339.944730 
cpTO[7]=1271.315078 
cpSO[7]=
27 78 32 49 11 39 93 98 94 95 5 6 29 69 30 19 62 0 26 52 68 51 87 88 9 18 46 81 47 35 61 31 65 50 34 64 80 79 53 54 24 66 25 20 55 22 72 1 57 100 12 71 73 38 3 2 67 76 75 23 28 77 33 70 8 10 63 48 89 45 16 44 17 82 7 99 36 41 42 14 97 96 91 90 13 85 43 37 15 83 58 59 4 60 84 56 40 74 21 86 92 
cpTO[7]=1271.315078 
cpTO[8]=1421.069955 
cpSO[8]=
20 74 1 14 94 5 51 17 27 79 23 34 33 77 8 78 2 53 54 24 28 67 57 52 88 4 16 7 44 38 55 39 72 21 40 73 3 66 25 97 83 43 36 99 84 91 58 95 93 96 86 56 41 60 98 92 45 100 26 50 32 80 69 18 35 87 81 6 47 59 12 71 22 11 65 70 31 62 10 89 0 29 64 76 49 75 19 30 68 9 61 63 48 46 82 15 85 90 37 42 13 
cpTO[8]=1421.069955 
cpTO[9]=1310.264342 
cpSO[9]=
98 82 95 93 86 14 72 15 43 97 36 41 42 13 90 84 99 96 4 16 7 27 75 52 57 39 25 12 94 92 58 91 20 71 55 66 22 21 73 56 1 40 74 11 30 32 49 47 18 89 76 8 70 64 65 34 19 33 77 53 38 3 79 23 54 28 67 24 78 2 80 50 0 9 10 62 63 48 35 45 85 60 59 17 81 61 87 68 26 69 29 31 6 5 88 100 51 46 44 83 37 
cpTO[9]=1310.264342 
ini=
 best=641.185833 position=0
2 78 32 50 8 80 77 33 34 70 64 65 19 29 69 30 87 6 81 47 18 10 61 9 31 89 62 63 48 35 46 45 7 44 16 83 4 59 82 17 51 88 5 95 98 58 91 36 97 99 90 84 92 60 15 85 37 43 13 41 42 14 56 1 86 96 94 93 12 57 39 20 72 71 73 21 40 74 55 22 66 38 24 54 3 53 23 28 67 79 11 25 27 52 100 26 68 0 49 75 76 
solution is:641.243558.       temperature is:6.204272
Tue Dec 10 15:19:34 2013
cpTO[0]=641.243558 
cpSO[0]=
73 71 72 20 39 57 12 93 94 96 86 1 56 14 42 41 13 43 37 85 15 60 84 90 99 36 97 91 58 92 98 95 5 88 51 17 82 59 4 83 16 44 7 45 46 35 48 63 62 89 31 9 61 10 18 47 81 6 87 30 69 29 19 65 64 70 34 33 77 80 8 50 32 78 2 76 75 49 0 68 26 27 100 52 25 11 79 67 28 23 53 3 54 24 38 66 22 55 74 40 21 
cpTO[0]=641.243558 
cpTO[1]=1251.665968 
cpSO[1]=
24 72 1 14 21 73 55 3 53 20 52 39 54 38 74 93 12 99 36 97 91 86 94 41 42 13 43 59 98 16 44 47 63 48 10 7 45 35 46 18 89 9 87 30 61 81 82 17 0 69 6 5 57 25 23 66 22 40 56 58 96 37 15 60 84 90 85 4 83 92 95 88 51 26 100 27 50 65 31 62 2 77 80 32 29 19 8 70 64 34 78 49 75 28 79 71 76 11 68 33 67 
cpTO[1]=1251.665968 
cpTO[2]=1304.721612 
cpSO[2]=
15 58 98 4 92 59 82 17 88 57 40 21 22 55 66 74 73 14 1 95 5 93 27 87 48 10 47 35 63 29 9 50 8 65 70 33 34 31 19 64 32 0 68 69 79 23 53 54 39 3 24 38 20 71 72 67 11 25 75 78 28 80 77 2 76 49 52 94 12 86 97 96 91 56 36 84 60 37 42 41 99 90 13 85 43 100 26 81 44 45 6 7 46 61 51 83 16 18 30 89 62 
cpTO[2]=1304.721612 
cpTO[3]=1338.367244 
cpSO[3]=
89 46 18 62 61 47 63 48 10 31 30 34 64 19 0 32 27 52 92 91 36 5 7 6 82 81 35 45 85 60 16 44 59 4 12 13 43 37 14 41 42 99 84 83 15 90 97 58 98 94 100 25 57 1 56 40 39 74 73 66 22 72 86 95 93 96 17 88 26 51 20 28 29 9 65 70 2 49 75 79 23 54 21 55 71 3 38 11 68 87 69 67 53 24 77 33 78 76 80 8 50 
cpTO[3]=1338.367244 
cpTO[4]=1324.956297 
cpSO[4]=
27 25 87 9 75 20 72 21 74 3 71 73 56 1 96 58 4 60 15 59 7 83 82 81 30 51 10 48 63 19 69 2 78 76 67 49 50 34 64 70 31 65 80 8 77 32 33 28 24 38 40 66 22 55 39 26 5 88 11 79 54 23 53 0 68 29 52 93 95 98 91 12 86 94 100 61 6 17 92 97 13 41 42 37 14 99 43 44 16 85 90 36 84 57 35 18 62 89 47 46 45 
cpTO[4]=1324.956297 
cpTO[5]=1292.421225 
cpSO[5]=
41 12 58 92 60 95 57 27 52 5 17 6 81 18 46 47 82 7 83 43 97 15 84 98 4 59 16 14 37 85 99 90 36 96 86 91 94 42 13 40 93 26 100 87 88 51 68 75 67 23 24 38 66 53 54 39 1 56 74 55 21 20 3 71 72 73 22 25 11 49 2 79 76 28 78 77 33 50 32 80 0 45 44 61 30 9 34 8 70 65 89 19 64 29 31 63 48 69 62 10 35 
cpTO[5]=1292.421225 
cpTO[6]=1315.856415 
cpSO[6]=
76 49 2 23 79 11 52 61 30 0 75 77 80 50 19 65 70 8 34 33 67 28 53 25 27 24 54 55 66 38 3 14 37 43 85 60 44 7 46 63 48 18 6 32 78 29 31 10 47 87 69 68 64 62 89 9 26 1 12 93 51 88 92 15 17 59 98 4 58 94 72 39 20 73 21 86 13 90 99 41 42 96 5 95 84 97 91 36 56 40 71 74 22 57 100 35 82 45 81 16 83 
cpTO[6]=1315.856415 
cpTO[7]=1239.542126 
cpSO[7]=
27 78 32 49 11 39 93 83 15 37 43 85 13 90 91 96 97 14 42 41 86 21 74 40 56 84 60 4 59 58 98 94 95 5 6 0 26 52 68 51 87 88 9 18 46 81 47 35 61 62 19 30 69 29 31 65 50 64 34 80 79 53 54 24 66 25 20 55 22 72 1 57 100 12 71 73 38 3 2 67 76 75 23 28 77 33 70 8 10 63 48 89 45 16 44 17 82 7 36 99 92 
cpTO[7]=1239.542126 
cpTO[8]=1418.343250 
cpSO[8]=
20 40 21 72 39 38 55 44 7 16 4 88 52 57 67 28 24 54 53 2 78 8 77 33 34 23 79 27 17 51 5 94 14 1 74 73 3 66 25 98 60 41 56 86 96 93 95 58 91 84 99 36 43 83 97 92 45 100 26 50 32 80 69 18 35 87 81 6 47 59 12 71 22 11 65 70 31 62 10 89 0 29 64 76 49 75 19 30 68 9 61 63 48 46 82 15 85 90 37 42 13 
cpTO[8]=1418.343250 
cpTO[9]=1267.662620 
cpSO[9]=
98 82 59 60 83 44 46 51 100 88 5 6 31 29 69 26 68 87 61 81 17 95 93 86 14 72 15 43 97 36 41 42 13 90 84 99 96 4 16 7 27 75 52 57 39 25 12 94 92 58 91 20 71 55 66 22 21 73 56 1 40 74 3 38 53 77 33 19 34 65 64 70 8 76 89 18 47 49 32 30 11 79 23 54 28 67 24 78 2 80 50 0 9 10 62 63 48 35 45 85 37 
cpTO[9]=1267.662620 
ini=
 best=641.243558 position=0
73 71 72 20 39 57 12 93 94 96 86 1 56 14 42 41 13 43 37 85 15 60 84 90 99 36 97 91 58 92 98 95 5 88 51 17 82 59 4 83 16 44 7 45 46 35 48 63 62 89 31 9 61 10 18 47 81 6 87 30 69 29 19 65 64 70 34 33 77 80 8 50 32 78 2 76 75 49 0 68 26 27 100 52 25 11 79 67 28 23 53 3 54 24 38 66 22 55 74 40 21 
solution is:640.211591.       temperature is:2.474915
Tue Dec 10 15:19:41 2013
cpTO[0]=640.211591 
cpSO[0]=
94 93 12 57 39 20 72 71 73 21 40 74 55 22 66 38 24 54 3 53 23 28 67 79 11 25 27 52 100 26 68 0 49 75 76 2 78 77 33 80 32 50 8 34 70 64 65 19 29 69 30 87 6 81 47 18 10 61 9 31 89 62 63 48 35 46 45 7 44 16 83 4 59 82 17 51 88 5 95 98 92 58 91 36 97 99 90 84 60 15 85 37 43 13 41 42 14 56 1 86 96 
cpTO[0]=640.211591 
cpTO[1]=1229.008856 
cpSO[1]=
24 72 1 14 21 73 55 39 52 20 53 3 54 38 74 93 12 99 36 97 91 86 94 41 42 13 43 37 96 58 56 40 22 66 23 25 57 5 6 69 0 17 82 81 87 30 61 9 89 18 46 35 47 63 48 10 7 45 44 16 98 59 15 60 84 90 85 4 83 92 95 88 51 26 100 27 50 65 31 62 2 77 80 32 29 19 8 70 64 34 78 49 75 28 79 71 76 11 68 33 67 
cpTO[1]=1229.008856 
cpTO[2]=1296.578901 
cpSO[2]=
15 58 98 4 92 59 82 17 88 57 40 21 22 55 66 74 73 14 1 95 5 93 27 87 48 10 47 35 63 29 9 50 8 65 70 33 34 31 19 64 32 0 49 76 2 77 80 28 78 75 25 11 67 72 71 20 38 24 3 39 54 53 23 79 69 68 52 94 12 86 97 96 91 56 36 84 60 37 42 41 99 90 13 85 43 100 26 81 44 45 18 16 83 51 61 46 7 6 30 89 62 
cpTO[2]=1296.578901 
cpTO[3]=1323.428216 
cpSO[3]=
89 46 18 62 61 81 82 6 7 5 95 86 96 98 58 97 90 15 60 16 44 59 4 12 13 43 37 14 41 42 99 84 83 85 45 35 47 63 48 10 31 30 34 64 19 0 32 27 52 92 91 36 93 94 100 25 20 51 26 88 17 57 1 56 40 39 74 73 66 22 72 28 29 9 65 70 2 49 75 79 23 54 21 55 71 3 38 11 68 87 69 67 53 24 77 33 78 76 80 8 50 
cpTO[3]=1323.428216 
cpTO[4]=1311.561442 
cpSO[4]=
27 25 87 9 75 20 72 21 74 3 71 73 56 1 96 58 4 60 15 59 7 83 82 81 30 51 61 100 94 86 12 91 98 95 93 52 29 68 0 53 23 54 79 11 88 5 26 39 55 22 66 40 38 24 28 33 77 32 8 80 65 31 70 64 34 50 49 67 76 78 2 69 19 63 48 10 6 17 92 97 84 36 90 85 16 44 43 99 14 37 42 41 13 57 35 18 62 89 47 46 45 
cpTO[4]=1311.561442 
cpTO[5]=1288.939141 
cpSO[5]=
41 12 58 92 60 95 57 27 52 5 17 6 81 18 46 47 82 7 83 43 97 15 84 98 4 59 16 14 37 85 99 90 36 96 86 91 94 42 13 40 39 54 53 66 38 24 23 67 75 68 51 88 87 100 26 93 1 56 74 55 21 20 3 71 72 73 22 25 11 49 2 79 76 28 78 77 33 50 32 80 0 45 44 61 30 9 34 8 70 65 89 19 64 29 31 63 48 69 62 10 35 
cpTO[5]=1288.939141 
cpTO[6]=1290.569314 
cpSO[6]=
76 49 68 69 87 47 10 31 29 78 32 6 18 48 63 46 7 44 60 85 43 37 90 99 41 42 96 5 95 84 97 91 36 56 40 71 74 22 53 28 67 33 34 8 70 65 19 50 2 23 24 54 55 66 38 3 14 13 86 1 12 93 51 88 92 15 17 59 98 4 58 94 72 39 20 73 21 26 9 89 62 64 80 77 75 0 30 61 52 11 79 27 25 57 100 35 82 45 81 16 83 
cpTO[6]=1290.569314 
cpTO[7]=1197.322958 
cpSO[7]=
27 78 32 49 11 39 72 22 55 20 25 66 24 54 53 79 80 34 64 50 65 31 29 69 30 19 62 89 63 48 10 8 70 33 77 28 23 75 76 67 2 3 38 73 71 1 57 100 12 93 83 15 37 43 85 13 90 91 98 58 59 4 60 84 99 36 7 82 17 44 16 45 61 35 47 81 46 18 9 88 87 51 68 52 26 0 6 5 95 94 96 97 14 42 41 86 21 74 40 56 92 
cpTO[7]=1197.322958 
cpTO[8]=1391.334920 
cpSO[8]=
20 40 21 72 39 38 55 59 47 6 81 87 35 18 69 80 32 50 26 100 25 66 3 73 74 1 14 94 5 51 17 27 79 23 34 33 77 8 78 2 53 54 24 28 67 57 52 88 4 83 97 92 45 98 60 41 56 86 96 93 95 58 91 84 99 36 43 16 7 44 12 71 22 11 65 70 31 62 10 89 0 29 64 76 49 75 19 30 68 9 61 63 48 46 82 15 85 90 37 42 13 
cpTO[8]=1391.334920 
cpTO[9]=1255.664534 
cpSO[9]=
98 82 59 60 83 44 46 51 100 88 5 6 31 29 69 26 68 87 61 81 17 95 93 86 14 72 15 43 99 84 90 13 42 41 36 97 96 4 16 7 27 75 52 57 39 25 12 94 92 58 91 20 71 55 66 22 21 73 56 1 40 74 38 3 53 77 33 19 34 65 64 70 8 76 89 18 47 49 32 30 11 79 23 54 28 67 24 78 2 80 50 0 9 10 62 63 48 35 45 85 37 
cpTO[9]=1255.664534 
ini=
 best=640.211591 position=0
94 93 12 57 39 20 72 71 73 21 40 74 55 22 66 38 24 54 3 53 23 28 67 79 11 25 27 52 100 26 68 0 49 75 76 2 78 77 33 80 32 50 8 34 70 64 65 19 29 69 30 87 6 81 47 18 10 61 9 31 89 62 63 48 35 46 45 7 44 16 83 4 59 82 17 51 88 5 95 98 92 58 91 36 97 99 90 84 60 15 85 37 43 13 41 42 14 56 1 86 96 
solution is:641.021116.       temperature is:1.947519
Tue Dec 10 15:19:48 2013
cpTO[0]=641.021116 
cpSO[0]=
16 44 7 45 46 35 48 63 62 89 31 9 61 10 18 47 81 6 87 30 69 29 19 65 64 70 34 8 50 32 80 33 77 78 2 76 75 49 0 68 26 100 52 27 25 11 79 67 28 23 53 3 54 24 38 66 22 55 74 40 21 73 71 72 20 39 57 12 86 1 56 14 42 41 13 43 37 85 15 60 84 90 99 36 97 92 98 95 58 91 96 94 93 5 88 51 17 82 59 4 83 
cpTO[0]=641.021116 
cpTO[1]=1202.860644 
cpSO[1]=
24 72 1 14 21 73 71 76 11 0 69 6 5 57 25 23 54 38 74 93 12 99 36 97 91 86 94 41 42 13 43 37 96 58 56 40 22 66 3 53 20 52 39 55 79 28 75 49 78 34 64 70 8 19 29 32 80 77 2 62 31 65 50 33 68 26 51 88 95 59 15 60 84 90 85 4 83 92 98 16 44 45 7 10 48 63 47 35 46 18 89 9 61 30 87 81 82 17 100 27 67 
cpTO[1]=1202.860644 
cpTO[2]=1268.940024 
cpSO[2]=
15 58 98 4 92 43 85 13 90 99 41 42 37 60 84 36 56 91 96 97 86 12 94 52 68 69 49 76 2 78 28 80 77 67 11 25 75 72 71 20 38 24 3 39 54 53 23 79 0 32 64 19 31 34 33 70 65 8 50 51 83 16 18 45 44 7 46 61 9 29 63 35 47 10 48 87 27 93 5 95 1 14 73 74 66 55 22 21 40 57 88 17 82 59 100 26 81 6 30 89 62 
cpTO[2]=1268.940024 
cpTO[3]=1273.226977 
cpSO[3]=
89 46 18 48 63 47 35 45 85 83 84 99 42 41 14 37 43 13 12 4 59 44 16 60 15 90 97 58 98 96 86 95 5 7 6 82 81 61 62 31 10 30 34 64 19 29 9 65 70 2 49 75 27 52 92 91 36 93 94 100 25 20 51 26 88 17 57 1 56 40 21 55 71 73 74 39 54 23 79 32 0 28 72 22 66 3 38 11 68 87 69 67 53 24 77 33 78 76 80 8 50 
cpTO[3]=1273.226977 
cpTO[4]=1268.451024 
cpSO[4]=
27 25 87 52 93 95 98 91 12 86 94 100 61 51 30 81 82 83 7 59 15 60 4 58 96 1 56 73 71 20 72 21 74 3 75 9 29 68 0 53 23 54 79 11 88 5 26 39 55 22 66 40 38 24 28 33 77 32 8 80 65 31 70 64 34 50 49 67 76 78 2 69 19 63 48 10 6 17 44 16 85 90 92 97 36 84 43 99 14 37 42 41 13 57 89 62 18 35 47 46 45 
cpTO[4]=1268.451024 
cpTO[5]=1253.596408 
cpSO[5]=
41 12 58 92 43 97 15 84 98 59 4 16 14 37 85 99 90 36 96 86 91 94 42 13 40 39 54 53 66 38 24 23 67 75 68 51 88 87 100 26 27 52 5 17 6 81 18 46 47 82 7 83 60 95 93 57 1 56 74 55 21 20 3 71 72 73 22 25 11 79 2 49 76 28 78 77 33 50 32 80 0 45 44 61 30 9 34 8 70 65 89 19 64 29 31 63 48 69 62 10 35 
cpTO[5]=1253.596408 
cpTO[6]=1263.111744 
cpSO[6]=
76 49 9 89 62 64 80 77 75 0 30 61 52 11 79 27 25 57 100 35 82 46 63 48 18 6 32 78 29 31 10 47 87 69 68 26 17 59 15 92 88 51 93 12 1 86 96 5 95 84 97 91 36 56 40 71 73 20 39 72 94 58 4 98 21 74 22 53 28 67 33 34 8 70 65 19 50 2 23 24 54 55 66 38 3 14 13 42 41 99 90 37 43 85 60 16 81 45 7 44 83 
cpTO[6]=1263.111744 
cpTO[7]=1177.924694 
cpSO[7]=
27 78 32 49 11 39 72 3 2 67 76 75 23 28 77 33 70 8 10 48 63 89 62 19 30 69 29 31 65 50 64 34 80 79 53 54 24 66 25 20 55 22 38 73 71 1 57 100 6 0 68 52 26 51 87 88 9 18 46 81 47 35 61 45 16 44 17 82 7 36 99 84 91 98 58 59 4 60 90 13 85 43 37 15 83 93 12 5 95 94 96 97 14 42 56 40 74 21 86 41 92 
cpTO[7]=1177.924694 
cpTO[8]=1326.347363 
cpSO[8]=
20 39 72 21 40 38 55 59 47 6 81 87 35 18 17 51 5 94 14 1 12 91 84 99 36 43 16 7 44 60 98 45 92 97 83 4 88 52 57 67 28 24 54 53 2 78 8 77 33 34 23 79 27 75 49 76 64 29 0 89 10 62 31 70 65 11 22 71 74 73 3 66 25 100 26 50 32 80 69 19 30 68 9 61 63 48 46 82 15 85 90 37 42 41 56 86 96 93 95 58 13 
cpTO[8]=1326.347363 
cpTO[9]=1235.036803 
cpSO[9]=
98 82 59 60 83 44 46 51 100 88 5 6 87 68 26 47 18 89 76 8 70 64 65 34 19 33 77 53 3 38 74 40 1 56 73 21 22 66 55 71 20 91 58 92 94 12 25 39 57 52 75 27 7 16 4 96 97 36 41 42 13 90 84 99 43 15 72 14 86 93 95 17 81 61 31 29 69 49 32 30 11 79 23 54 28 67 24 78 2 80 50 0 9 10 62 63 48 35 45 85 37 
cpTO[9]=1235.036803 
ini=
 best=641.021116 position=0
16 44 7 45 46 35 48 63 62 89 31 9 61 10 18 47 81 6 87 30 69 29 19 65 64 70 34 8 50 32 80 33 77 78 2 76 75 49 0 68 26 100 52 27 25 11 79 67 28 23 53 3 54 24 38 66 22 55 74 40 21 73 71 72 20 39 57 12 86 1 56 14 42 41 13 43 37 85 15 60 84 90 99 36 97 92 98 95 58 91 96 94 93 5 88 51 17 82 59 4 83 
solution is:640.806144.       temperature is:1.766116
Tue Dec 10 15:19:55 2013
cpTO[0]=640.806144 
cpSO[0]=
65 64 70 34 33 77 80 8 50 32 78 2 76 75 49 0 68 26 100 52 27 25 11 79 67 28 23 53 3 54 24 38 66 22 55 74 40 21 73 71 72 20 39 57 12 94 96 86 1 56 14 42 41 13 43 37 85 15 60 84 90 99 36 97 91 58 92 98 95 93 5 88 51 17 82 59 4 83 16 44 7 45 46 35 48 63 62 89 31 9 61 10 18 47 81 6 87 30 69 29 19 
cpTO[0]=640.806144 
cpTO[1]=1174.703584 
cpSO[1]=
24 72 1 14 21 73 71 76 11 0 69 6 5 57 25 23 54 38 74 93 12 99 36 97 91 58 96 37 43 13 42 41 94 86 56 40 22 66 3 53 20 52 39 55 79 28 75 49 27 100 17 82 81 87 30 61 9 89 18 46 35 10 48 63 47 7 45 44 16 98 92 83 4 85 90 84 60 15 59 95 88 51 26 68 33 50 65 31 62 2 34 64 70 8 19 29 32 80 77 78 67 
cpTO[1]=1174.703584 
cpTO[2]=1215.091747 
cpSO[2]=
15 58 98 92 43 13 85 90 99 36 84 60 37 42 41 56 91 96 97 86 12 94 52 68 69 30 6 81 47 35 63 29 9 61 46 7 44 45 18 16 83 51 31 34 33 70 65 8 50 19 64 77 67 11 25 75 72 71 3 24 38 20 39 54 53 23 79 0 32 80 28 78 2 76 49 26 100 4 59 82 17 88 57 40 21 22 55 66 74 73 14 1 95 5 93 27 87 48 10 89 62 
cpTO[2]=1215.091747 
cpTO[3]=1224.336065 
cpSO[3]=
89 46 18 48 63 10 31 62 61 81 82 6 7 5 100 25 20 51 26 88 17 57 1 56 72 28 75 49 2 80 76 78 33 77 24 53 67 69 87 68 11 38 3 66 22 40 21 55 74 73 71 39 54 23 79 32 0 27 52 93 94 95 86 36 91 92 96 98 58 97 90 15 60 16 44 59 4 12 13 43 37 14 41 42 99 84 83 85 45 35 47 30 34 64 19 29 9 65 70 8 50 
cpTO[3]=1224.336065 
cpTO[4]=1211.538279 
cpSO[4]=
27 87 89 62 18 35 10 48 63 19 69 2 78 67 76 49 50 34 64 70 31 65 80 8 32 77 33 28 24 38 40 66 22 55 39 26 5 88 11 79 54 23 53 0 68 29 9 75 3 74 21 72 20 71 73 56 1 96 58 4 60 15 59 44 16 85 90 43 84 36 97 92 99 14 37 42 41 13 57 25 52 93 95 98 91 12 86 94 100 61 51 30 81 82 83 7 17 6 47 46 45 
cpTO[4]=1211.538279 
cpTO[5]=1224.631775 
cpSO[5]=
41 12 58 92 43 97 15 84 98 59 4 16 14 37 85 99 90 36 96 86 91 94 42 13 40 39 54 53 66 38 24 23 67 75 68 51 88 87 100 26 27 52 5 17 6 81 18 46 47 82 7 83 60 95 93 57 1 56 72 71 3 20 21 55 74 73 22 25 11 79 2 49 76 28 78 77 33 50 32 80 0 45 44 61 30 9 48 63 89 19 64 34 31 29 8 70 65 69 62 10 35 
cpTO[5]=1224.631775 
cpTO[6]=1251.932079 
cpSO[6]=
76 49 9 89 62 64 80 77 2 50 19 65 70 8 34 33 67 28 53 22 74 21 5 95 91 97 84 36 56 40 71 73 20 39 72 94 58 4 98 96 86 1 12 93 51 88 92 15 59 17 26 68 69 87 47 10 31 29 75 0 30 61 52 11 79 27 25 57 100 35 82 46 63 48 18 6 32 78 23 24 54 55 66 38 3 14 13 90 99 41 42 37 43 85 60 16 81 45 7 44 83 
cpTO[6]=1251.932079 
cpTO[7]=1176.712009 
cpSO[7]=
27 78 32 49 11 39 72 73 38 22 55 20 25 66 24 54 53 79 80 34 64 50 65 31 29 69 30 19 62 89 63 48 10 8 70 33 77 28 23 75 76 67 2 3 71 1 57 100 6 0 68 52 26 51 87 88 9 18 46 81 47 35 61 45 16 44 17 82 7 36 99 84 91 98 58 59 4 60 90 13 85 43 37 15 83 93 12 5 95 94 96 97 41 86 21 74 40 56 42 14 92 
cpTO[7]=1176.712009 
cpTO[8]=1310.786174 
cpSO[8]=
20 39 72 21 40 22 11 65 64 29 0 89 10 62 31 70 76 49 75 27 79 23 34 33 77 8 78 2 53 54 24 28 67 57 52 88 4 83 97 99 36 43 16 7 44 60 98 45 92 84 91 12 1 14 94 5 51 47 6 81 87 35 18 17 59 55 38 71 74 73 3 66 25 100 26 50 32 80 69 19 30 68 9 61 63 48 46 82 15 85 90 37 42 41 56 86 96 93 95 58 13 
cpTO[8]=1310.786174 
cpTO[9]=1235.036803 
cpSO[9]=
98 82 59 60 83 44 46 51 100 88 5 6 87 68 26 47 18 89 76 8 70 64 65 34 19 33 77 53 3 38 74 40 1 56 73 21 22 66 55 71 20 91 58 92 94 12 25 39 57 52 75 27 7 16 4 96 97 36 41 42 13 90 84 99 43 15 72 14 86 93 95 17 81 61 31 29 69 49 32 30 11 79 23 54 28 67 24 78 2 80 50 0 9 10 62 63 48 35 45 85 37 
cpTO[9]=1235.036803 
ini=
 best=640.806144 position=0
65 64 70 34 33 77 80 8 50 32 78 2 76 75 49 0 68 26 100 52 27 25 11 79 67 28 23 53 3 54 24 38 66 22 55 74 40 21 73 71 72 20 39 57 12 94 96 86 1 56 14 42 41 13 43 37 85 15 60 84 90 99 36 97 91 58 92 98 95 93 5 88 51 17 82 59 4 83 16 44 7 45 46 35 48 63 62 89 31 9 61 10 18 47 81 6 87 30 69 29 19 
solution is:643.158890.       temperature is:2.505933
Tue Dec 10 15:20:02 2013
cpTO[0]=643.158890 
cpSO[0]=
30 69 29 19 50 32 80 8 70 65 64 34 33 77 78 2 76 75 49 0 68 26 100 52 27 25 11 79 67 28 23 53 54 24 3 38 66 22 55 74 40 21 73 71 72 20 39 57 12 93 94 96 86 1 56 14 42 41 13 43 37 85 15 60 84 90 99 36 97 91 58 92 98 95 5 88 51 17 82 59 4 83 16 44 7 45 46 35 48 63 62 89 31 9 61 10 18 47 81 6 87 
cpTO[0]=643.158890 
cpTO[1]=1148.587969 
cpSO[1]=
24 72 20 53 3 66 22 21 73 71 76 11 0 69 6 5 57 25 62 31 65 50 33 68 26 51 88 95 59 15 60 84 94 86 56 40 14 1 52 39 55 79 28 75 49 27 100 17 82 81 87 30 61 9 89 18 46 35 48 10 63 47 7 45 44 16 98 92 83 4 85 90 37 43 13 42 41 96 58 91 97 36 99 12 93 74 38 54 23 2 34 64 70 8 19 29 32 80 77 78 67 
cpTO[1]=1148.587969 
cpTO[2]=1203.187442 
cpSO[2]=
15 58 98 92 43 13 85 90 99 36 84 60 37 42 41 56 12 86 97 96 91 94 52 68 69 30 6 81 47 35 63 29 9 61 46 7 44 45 18 16 83 51 31 34 33 70 65 8 50 19 64 77 67 11 25 75 39 20 38 24 3 71 72 54 53 23 79 0 32 80 28 78 2 76 49 26 100 4 59 82 17 88 57 40 21 22 55 66 74 73 14 1 95 5 93 27 87 48 10 89 62 
cpTO[2]=1203.187442 
cpTO[3]=1189.351151 
cpSO[3]=
89 46 18 48 63 10 31 62 61 81 82 6 7 5 100 72 56 1 57 39 71 73 74 55 21 40 22 66 3 38 11 68 87 69 67 53 24 23 54 20 25 28 75 49 2 80 76 78 33 77 79 32 0 27 17 88 26 51 52 93 94 4 59 44 16 60 15 90 97 58 96 98 92 91 36 86 95 12 13 43 37 14 41 42 99 84 83 85 45 35 47 30 34 64 19 29 9 65 70 8 50 
cpTO[3]=1189.351151 
cpTO[4]=1192.611445 
cpSO[4]=
27 87 89 62 18 35 10 48 63 19 69 2 78 67 76 49 50 34 64 70 31 65 32 8 80 77 33 28 24 38 40 66 22 55 39 26 5 88 11 79 54 23 53 0 68 100 93 95 98 91 12 86 94 96 58 4 60 15 59 44 16 85 90 43 84 36 97 92 99 14 37 42 41 13 57 25 52 1 56 73 71 20 72 21 74 3 75 9 29 61 51 30 81 82 83 7 17 6 47 46 45 
cpTO[4]=1192.611445 
cpTO[5]=1175.080304 
cpSO[5]=
41 12 58 92 43 97 99 85 37 14 16 4 59 98 84 15 90 36 96 86 91 94 42 13 40 39 54 53 3 22 73 74 55 21 56 1 57 93 95 60 83 7 61 45 44 82 47 46 18 81 6 87 100 26 27 52 5 17 88 51 68 75 67 23 24 38 66 20 72 71 25 11 79 2 49 76 28 78 77 33 50 32 80 0 30 9 48 63 89 19 64 34 31 29 8 70 65 69 62 10 35 
cpTO[5]=1175.080304 
cpTO[6]=1232.810739 
cpSO[6]=
76 49 9 89 62 64 80 77 78 32 35 82 46 63 48 18 6 47 10 31 29 75 0 30 61 52 11 79 27 25 57 100 87 69 68 26 17 59 15 92 51 88 93 12 1 86 96 98 4 58 94 72 39 20 73 71 40 56 36 84 97 91 95 5 21 74 22 53 28 67 33 34 8 70 65 19 50 2 23 24 54 55 66 38 3 14 13 90 99 41 42 37 43 85 60 16 45 81 7 44 83 
cpTO[6]=1232.810739 
cpTO[7]=1139.751618 
cpSO[7]=
27 78 32 49 11 39 72 73 38 22 55 20 25 66 24 54 53 79 80 34 64 70 50 65 31 29 69 30 19 62 89 63 48 10 88 87 51 26 52 68 0 9 8 33 77 28 23 2 67 76 75 3 71 1 57 100 6 18 46 81 47 35 61 45 16 44 17 82 7 36 99 84 83 15 37 43 85 13 90 60 4 59 58 98 91 93 12 5 95 94 96 97 41 86 21 74 40 56 42 14 92 
cpTO[7]=1139.751618 
cpTO[8]=1279.981320 
cpSO[8]=
20 39 72 21 40 22 11 65 64 70 31 62 10 89 0 29 76 49 75 27 79 23 34 33 77 8 78 2 53 54 24 28 67 57 52 88 4 83 97 99 36 43 16 7 44 60 98 45 92 84 91 12 1 14 42 37 90 85 15 82 46 48 63 61 9 68 30 19 69 80 32 50 26 100 25 66 3 73 74 71 38 55 59 17 18 35 87 81 6 47 51 5 94 41 56 86 96 93 95 58 13 
cpTO[8]=1279.981320 
cpTO[9]=1218.080291 
cpSO[9]=
98 82 59 60 83 44 46 35 48 63 62 10 31 29 69 49 32 30 11 79 23 54 28 67 24 78 2 80 50 0 9 61 6 87 68 26 47 18 89 76 8 70 64 65 34 19 33 77 53 3 38 74 40 1 56 73 21 22 66 55 71 20 91 58 92 94 12 25 39 57 52 75 27 81 17 95 93 86 14 72 15 43 99 84 90 13 42 41 36 97 96 4 16 7 5 88 100 51 45 85 37 
cpTO[9]=1218.080291 
ini=
 best=643.158890 position=0
30 69 29 19 50 32 80 8 70 65 64 34 33 77 78 2 76 75 49 0 68 26 100 52 27 25 11 79 67 28 23 53 54 24 3 38 66 22 55 74 40 21 73 71 72 20 39 57 12 93 94 96 86 1 56 14 42 41 13 43 37 85 15 60 84 90 99 36 97 91 58 92 98 95 5 88 51 17 82 59 4 83 16 44 7 45 46 35 48 63 62 89 31 9 61 10 18 47 81 6 87 
solution is:641.377492.       temperature is:17.645066
Tue Dec 10 15:20:09 2013
cpTO[0]=641.377492 
cpSO[0]=
23 28 67 79 11 25 27 52 100 26 68 0 49 75 76 2 78 77 33 80 32 50 8 34 64 70 65 19 29 69 30 87 6 81 47 18 10 61 9 31 89 62 63 48 35 46 45 7 44 16 83 4 59 82 17 51 88 5 95 98 92 58 91 36 97 99 90 84 60 15 85 37 43 13 41 42 14 56 1 86 96 94 93 12 57 39 20 72 71 73 21 40 74 55 22 66 38 24 54 3 53 
cpTO[0]=641.377492 
cpTO[1]=1123.389341 
cpSO[1]=
24 72 20 53 3 39 52 1 14 40 56 86 94 98 16 44 45 7 47 63 10 48 35 46 18 89 9 61 30 87 81 82 17 100 25 57 5 6 69 0 11 76 71 73 21 22 66 55 79 28 75 49 27 62 31 65 50 33 68 26 51 88 95 59 60 15 84 92 83 4 90 85 37 43 13 42 41 96 58 91 97 36 99 12 93 74 38 54 23 2 34 64 70 8 19 29 32 80 77 78 67 
cpTO[1]=1123.389341 
cpTO[2]=1182.439539 
cpSO[2]=
15 58 98 92 43 13 85 90 99 36 84 60 37 42 41 14 1 95 5 93 27 87 51 83 16 18 45 44 7 46 61 9 29 63 35 47 81 6 30 69 68 52 94 91 96 97 86 12 56 73 74 66 55 22 21 40 57 88 17 82 59 4 100 26 49 76 2 78 28 80 32 34 33 70 65 8 50 19 64 77 67 11 25 75 39 20 38 24 3 71 72 54 53 23 79 0 31 48 10 89 62 
cpTO[2]=1182.439539 
cpTO[3]=1179.391033 
cpSO[3]=
89 46 18 48 63 10 31 62 61 47 35 45 85 83 84 99 13 43 37 14 41 42 12 95 86 36 91 92 98 96 58 97 90 15 60 16 44 59 4 94 93 52 51 26 88 17 27 0 32 79 28 75 49 2 80 76 78 33 77 25 20 54 23 24 53 67 69 87 68 11 38 3 66 22 40 21 55 74 73 71 39 57 1 56 72 100 5 7 6 82 81 30 34 64 19 29 9 65 70 8 50 
cpTO[3]=1179.391033 
cpTO[4]=1187.904703 
cpSO[4]=
27 87 89 62 18 35 10 48 63 19 69 2 78 33 77 80 8 32 65 31 70 64 34 50 49 76 67 28 24 38 40 66 22 55 39 26 5 88 11 79 54 23 53 0 68 100 93 95 98 91 12 86 94 96 58 4 60 15 59 44 16 85 13 41 42 37 14 99 92 97 36 84 43 90 57 3 74 21 72 20 71 73 56 1 52 25 75 9 29 61 51 30 81 82 83 7 17 6 47 46 45 
cpTO[4]=1187.904703 
cpTO[5]=1159.557074 
cpSO[5]=
41 12 58 92 43 97 99 85 37 14 42 13 40 39 54 53 3 22 73 74 55 21 56 1 94 91 86 96 36 90 15 84 98 59 4 16 57 93 95 60 83 7 61 45 44 82 47 46 18 81 6 87 27 26 100 52 5 17 88 51 68 75 67 23 24 38 66 20 72 71 25 11 79 2 49 76 28 78 77 33 50 32 80 0 30 9 48 63 89 19 64 34 31 29 8 70 65 69 62 10 35 
cpTO[5]=1159.557074 
cpTO[6]=1214.767992 
cpSO[6]=
76 49 9 89 62 19 50 2 23 24 54 55 66 38 3 14 13 90 99 41 42 37 43 85 60 16 45 81 32 78 77 80 64 65 70 8 34 33 67 28 53 22 74 21 5 95 91 97 84 36 56 40 71 73 20 39 72 94 58 4 98 96 86 1 12 93 88 51 46 63 48 18 6 47 10 31 29 75 0 30 61 52 11 79 27 25 57 100 87 69 68 26 17 59 15 92 82 35 7 44 83 
cpTO[6]=1214.767992 
cpTO[7]=1120.348355 
cpSO[7]=
27 78 32 49 11 39 72 73 38 22 55 20 25 66 24 54 53 79 80 34 64 70 50 65 31 29 69 30 19 62 89 63 48 10 61 35 47 81 46 18 6 100 57 1 71 3 75 76 67 2 23 28 77 33 8 9 0 68 52 26 51 87 88 45 16 44 17 82 7 36 99 84 83 15 37 43 85 13 90 60 4 59 58 98 91 93 12 5 95 94 96 97 41 86 21 74 40 56 42 14 92 
cpTO[7]=1120.348355 
cpTO[8]=1250.888389 
cpSO[8]=
20 39 72 21 40 22 11 65 64 70 31 62 10 89 0 29 76 49 75 27 79 23 34 33 77 8 78 2 53 54 24 28 67 57 52 88 4 15 85 90 37 42 14 1 12 91 84 92 7 44 60 98 17 18 35 87 81 6 47 51 5 94 58 95 59 45 16 43 36 99 97 83 82 46 48 63 61 9 68 30 19 69 80 32 50 26 100 25 66 3 73 74 71 55 38 93 96 86 56 41 13 
cpTO[8]=1250.888389 
cpTO[9]=1159.199103 
cpSO[9]=
98 82 59 60 83 44 46 35 48 63 62 89 30 11 79 23 54 67 28 24 78 2 80 50 32 49 69 29 31 10 18 47 26 68 87 6 61 9 0 76 8 70 64 65 34 19 33 77 53 3 38 74 40 1 56 73 21 22 66 55 71 20 91 58 92 94 12 25 39 57 52 75 27 81 17 95 93 72 14 86 90 84 99 43 15 13 42 41 36 97 96 4 45 51 100 88 5 7 16 85 37 
cpTO[9]=1159.199103 
ini=
 best=641.377492 position=0
23 28 67 79 11 25 27 52 100 26 68 0 49 75 76 2 78 77 33 80 32 50 8 34 64 70 65 19 29 69 30 87 6 81 47 18 10 61 9 31 89 62 63 48 35 46 45 7 44 16 83 4 59 82 17 51 88 5 95 98 92 58 91 36 97 99 90 84 60 15 85 37 43 13 41 42 14 56 1 86 96 94 93 12 57 39 20 72 71 73 21 40 74 55 22 66 38 24 54 3 53 
solution is:641.463156.       temperature is:3.163697
Tue Dec 10 15:20:16 2013
cpTO[0]=641.463156 
cpSO[0]=
95 93 5 88 51 17 82 59 4 83 16 44 7 45 46 35 48 63 62 89 31 9 61 10 18 47 81 6 87 30 69 29 19 65 64 70 34 33 77 80 8 50 32 78 2 76 75 49 0 68 26 100 52 27 25 11 79 67 28 23 53 3 54 24 38 66 22 55 74 21 40 73 71 72 20 39 57 12 94 96 86 1 56 14 42 41 13 37 43 85 15 60 84 90 99 36 97 91 58 92 98 
cpTO[0]=641.463156 
cpTO[1]=1108.456567 
cpSO[1]=
24 72 20 53 3 39 52 25 100 17 82 81 87 30 61 9 89 18 46 35 48 10 63 47 7 45 44 16 98 94 86 56 40 14 1 57 5 6 69 0 11 76 71 73 21 22 66 55 79 28 75 49 27 62 31 65 50 33 68 26 51 88 95 59 60 15 84 92 83 4 90 85 37 43 13 42 41 99 36 97 91 58 96 12 93 74 38 54 23 2 34 64 70 8 19 29 32 80 77 78 67 
cpTO[1]=1108.456567 
cpTO[2]=1158.863220 
cpSO[2]=
15 85 60 90 92 98 58 99 36 84 43 13 37 42 41 14 1 95 5 93 27 87 51 83 16 48 31 0 79 23 53 54 72 71 3 24 38 20 39 75 25 11 67 77 64 19 50 8 65 70 33 34 32 80 28 78 2 76 49 26 100 4 59 82 17 88 57 40 21 22 55 66 74 73 56 12 86 97 96 91 94 52 68 69 30 6 81 47 35 63 29 9 61 45 44 7 46 18 10 89 62 
cpTO[2]=1158.863220 
cpTO[3]=1147.144732 
cpSO[3]=
89 46 18 48 63 10 31 62 61 47 35 45 85 83 84 99 13 43 37 14 41 42 12 95 86 36 91 92 98 96 58 97 90 15 60 16 44 59 4 94 93 52 51 26 17 88 27 0 32 79 28 75 67 53 23 24 54 20 25 77 33 78 76 80 2 49 69 87 68 11 38 3 66 22 40 21 55 74 73 71 39 57 1 56 72 100 5 82 6 7 81 30 34 64 19 29 9 65 70 8 50 
cpTO[3]=1147.144732 
cpTO[4]=1173.765636 
cpSO[4]=
27 87 89 62 18 35 10 48 63 19 69 2 78 33 77 80 8 32 65 31 70 64 34 50 49 76 67 28 24 38 40 66 22 55 39 26 5 88 25 52 1 56 73 71 20 72 21 74 3 54 23 53 0 68 100 93 95 98 91 12 86 94 96 58 4 60 15 59 44 16 85 13 41 42 37 14 99 92 97 36 84 43 90 57 79 11 75 9 29 61 51 30 81 82 83 7 17 6 47 46 45 
cpTO[4]=1173.765636 
cpTO[5]=1144.040915 
cpSO[5]=
41 12 58 92 43 15 90 36 96 86 91 16 4 59 98 84 97 99 85 37 14 42 13 40 39 54 53 3 22 73 74 55 21 56 1 94 57 93 95 60 83 7 61 45 44 82 47 46 18 81 6 87 27 26 100 52 5 17 88 51 68 75 67 23 24 38 66 20 72 71 25 11 79 76 49 2 28 78 77 33 50 32 80 0 30 9 48 63 89 19 64 34 31 29 8 70 65 69 62 10 35 
cpTO[5]=1144.040915 
cpTO[6]=1212.371814 
cpSO[6]=
76 49 9 89 62 19 50 2 23 24 54 55 66 38 3 14 13 90 99 41 42 37 43 85 60 16 45 81 32 78 77 80 64 65 70 8 34 33 67 28 53 22 74 21 5 95 91 97 84 36 56 40 71 73 20 39 72 57 25 27 79 11 52 61 30 0 75 29 31 10 47 6 18 48 63 46 51 88 93 12 1 86 96 98 4 58 94 100 87 69 68 26 17 59 15 92 82 35 7 44 83 
cpTO[6]=1212.371814 
cpTO[7]=1081.670850 
cpSO[7]=
27 78 32 49 11 26 51 87 6 18 46 81 47 35 61 10 48 63 89 62 19 30 69 29 31 9 0 68 52 39 72 73 38 22 55 20 25 66 24 54 53 79 80 34 64 70 50 65 8 33 77 28 23 2 67 76 75 3 71 1 57 100 88 45 16 44 17 82 7 36 99 84 83 15 37 43 85 13 90 60 4 59 58 98 91 93 12 5 95 94 96 97 41 86 21 74 40 56 42 14 92 
cpTO[7]=1081.670850 
cpTO[8]=1237.509603 
cpSO[8]=
20 39 72 21 40 22 11 65 64 70 31 62 10 89 0 29 76 49 75 27 79 23 34 33 77 8 78 2 53 54 24 28 67 57 52 88 95 58 94 5 51 47 6 81 87 35 18 17 98 60 44 7 92 84 91 12 1 14 42 37 90 85 15 4 59 45 16 43 36 99 97 83 82 46 48 63 61 9 30 68 19 69 80 32 50 26 100 25 66 3 73 74 71 55 38 93 96 86 56 41 13 
cpTO[8]=1237.509603 
cpTO[9]=1138.054677 
cpSO[9]=
98 82 59 60 83 44 46 35 48 63 62 89 30 11 79 23 54 67 28 24 78 2 53 3 38 74 40 1 56 73 21 22 66 55 71 20 91 58 92 94 12 25 39 57 52 75 27 81 17 95 93 72 14 86 36 41 42 13 15 43 99 84 90 97 96 4 45 61 9 0 76 8 70 64 65 34 19 50 80 77 33 32 49 69 29 31 10 18 47 26 68 87 6 51 100 88 5 7 16 85 37 
cpTO[9]=1138.054677 
ini=
 best=641.463156 position=0
95 93 5 88 51 17 82 59 4 83 16 44 7 45 46 35 48 63 62 89 31 9 61 10 18 47 81 6 87 30 69 29 19 65 64 70 34 33 77 80 8 50 32 78 2 76 75 49 0 68 26 100 52 27 25 11 79 67 28 23 53 3 54 24 38 66 22 55 74 21 40 73 71 72 20 39 57 12 94 96 86 1 56 14 42 41 13 37 43 85 15 60 84 90 99 36 97 91 58 92 98 
solution is:642.427757.       temperature is:6.907228
Tue Dec 10 15:20:23 2013
cpTO[0]=642.427757 
cpSO[0]=
85 15 60 84 90 99 97 36 91 58 92 98 95 93 5 88 51 17 82 59 4 83 16 44 7 45 35 48 63 62 89 31 9 61 10 18 46 47 81 6 87 30 69 29 19 65 64 70 34 33 77 8 50 80 32 78 2 76 75 49 0 68 26 100 52 27 25 11 79 67 28 23 53 3 54 24 38 66 22 55 74 21 40 73 71 72 20 39 57 12 94 96 86 1 56 14 42 41 13 43 37 
cpTO[0]=642.427757 
cpTO[1]=1094.127413 
cpSO[1]=
24 72 20 3 53 39 52 25 100 17 82 81 87 30 61 9 89 18 46 35 48 10 63 47 7 45 44 16 15 60 59 95 88 51 26 68 33 50 65 31 62 27 49 75 78 77 80 32 29 19 8 70 64 34 2 23 54 38 74 93 12 96 58 91 97 36 99 41 42 13 43 37 85 90 4 83 92 84 98 94 86 56 40 14 1 57 5 6 69 0 11 76 28 79 55 66 22 21 73 71 67 
cpTO[1]=1094.127413 
cpTO[2]=1131.099335 
cpSO[2]=
15 85 60 90 92 98 58 99 36 84 43 13 37 42 41 14 1 94 91 96 97 86 12 56 73 74 66 55 22 21 40 57 88 17 82 59 4 100 26 49 76 2 78 28 80 32 34 33 70 65 8 50 19 64 77 67 11 25 79 23 53 54 72 71 3 24 38 20 39 75 0 31 48 16 83 51 87 27 93 5 95 52 68 69 30 6 81 47 35 63 10 18 46 7 44 45 61 9 29 89 62 
cpTO[2]=1131.099335 
cpTO[3]=1124.606707 
cpSO[3]=
89 46 18 48 63 10 31 62 61 47 35 45 85 83 44 16 60 15 90 97 58 96 98 92 91 36 86 95 12 42 41 14 37 43 13 99 84 59 4 94 93 52 51 26 5 100 72 56 1 57 39 71 73 74 55 21 40 22 66 3 38 11 68 87 69 49 2 76 75 67 53 23 24 54 20 25 77 33 78 80 28 79 32 0 27 88 17 82 6 7 81 30 34 64 8 70 65 9 29 19 50 
cpTO[3]=1124.606707 
cpTO[4]=1155.737831 
cpSO[4]=
27 87 75 11 79 57 90 43 15 59 44 16 85 13 41 42 37 14 99 92 97 36 84 60 4 58 96 94 86 12 91 98 95 93 100 68 0 53 23 54 3 74 21 72 39 26 5 88 25 52 1 56 73 71 20 55 66 22 40 38 24 28 67 76 49 50 34 64 70 31 65 32 8 80 77 33 78 2 69 19 63 48 10 35 18 62 89 9 29 61 51 30 81 82 83 7 17 6 47 46 45 
cpTO[4]=1155.737831 
cpTO[5]=1097.766884 
cpSO[5]=
41 12 58 92 43 15 90 36 96 86 91 16 4 59 98 84 97 99 85 37 14 42 13 40 39 54 53 3 74 73 22 55 21 56 1 94 5 17 88 51 68 75 67 23 24 38 66 20 72 71 25 11 79 76 49 2 28 78 77 33 80 32 50 0 30 9 61 7 83 60 95 93 57 52 100 26 27 87 6 81 18 46 47 82 44 45 48 63 62 69 65 70 8 29 31 34 64 19 89 10 35 
cpTO[5]=1097.766884 
cpTO[6]=1202.337712 
cpSO[6]=
76 49 9 89 62 19 50 2 23 24 54 55 66 38 3 14 13 90 99 41 42 37 43 85 60 16 45 81 32 78 77 80 64 65 70 8 34 33 28 67 53 22 74 21 5 95 91 97 84 36 56 40 71 73 20 39 72 57 25 27 79 11 52 61 30 0 75 29 31 10 47 6 18 48 63 46 51 88 93 12 1 86 96 98 4 58 94 100 87 69 68 26 17 59 15 92 82 35 7 44 83 
cpTO[6]=1202.337712 
cpTO[7]=1077.486120 
cpSO[7]=
27 78 32 49 11 26 51 87 6 18 46 81 47 35 61 10 48 63 89 62 19 30 69 29 31 9 0 68 52 39 72 73 55 22 38 20 25 66 24 54 53 79 80 34 64 70 50 65 8 33 77 28 23 2 67 76 75 3 71 1 57 100 88 45 16 44 17 82 7 36 99 84 83 15 37 43 85 13 90 60 4 59 5 12 93 91 98 58 95 94 96 97 41 86 21 74 40 56 42 14 92 
cpTO[7]=1077.486120 
cpTO[8]=1229.827163 
cpSO[8]=
20 39 72 21 40 22 11 49 76 29 0 89 10 62 31 70 64 65 75 27 79 23 34 33 77 8 78 2 53 54 24 28 67 57 52 88 95 58 94 5 51 47 81 6 87 35 18 17 98 60 44 7 92 84 91 12 1 14 42 37 90 85 15 4 59 45 16 43 36 99 97 83 82 46 48 63 61 9 30 68 19 69 80 32 50 26 100 25 66 3 73 74 71 55 38 93 96 86 56 41 13 
cpTO[8]=1229.827163 
cpTO[9]=1131.166152 
cpSO[9]=
98 59 82 60 83 44 46 35 48 63 62 89 68 26 47 18 10 31 29 69 49 32 33 77 80 8 70 64 65 34 19 50 76 0 9 61 45 4 96 97 90 84 99 43 15 13 42 41 36 86 14 72 91 58 92 94 12 25 39 57 52 75 27 81 17 95 93 20 71 55 66 22 21 73 56 1 40 74 38 3 53 2 78 24 28 67 54 23 79 11 30 87 6 51 100 88 5 7 16 85 37 
cpTO[9]=1131.166152 
ini=
 best=642.427757 position=0
85 15 60 84 90 99 97 36 91 58 92 98 95 93 5 88 51 17 82 59 4 83 16 44 7 45 35 48 63 62 89 31 9 61 10 18 46 47 81 6 87 30 69 29 19 65 64 70 34 33 77 8 50 80 32 78 2 76 75 49 0 68 26 100 52 27 25 11 79 67 28 23 53 3 54 24 38 66 22 55 74 21 40 73 71 72 20 39 57 12 94 96 86 1 56 14 42 41 13 43 37 
solution is:642.444310.       temperature is:1.001924
Tue Dec 10 15:20:30 2013
The average run time for the algorithm is : 6.971650
The average solution for the algorithm is : 641.635648
The maxx solution for the algorithm is : 643.158890
 The minn solution for the algorithm is : 640.211591 
The average error for the algorithm is : 0.020088
