var1=:0.999995205
var2=:0.999990409
a=0.004489
times: 0
cpTO[0]=38176.468805 
cpSO[0]=
83 6 57 168 33 56 93 130 156 179 34 171 60 175 8 24 45 26 70 106 160 11 173 0 94 97 31 166 174 58 135 75 28 98 96 7 27 128 90 157 2 10 92 121 84 72 141 122 9 67 110 48 85 137 165 151 145 89 20 107 37 19 180 133 79 29 74 68 149 25 193 189 116 188 52 169 197 69 148 38 39 66 196 4 131 61 99 55 100 112 178 80 78 187 126 123 64 183 36 71 114 140 46 172 138 87 190 53 162 153 176 115 51 42 195 185 59 164 73 177 198 144 65 132 167 113 86 82 3 5 14 32 181 13 63 146 127 111 50 120 81 109 47 155 194 30 62 125 186 1 41 108 119 124 15 102 139 182 105 117 88 184 158 49 163 142 21 22 170 103 54 143 192 159 152 23 76 104 17 136 95 161 134 18 150 91 199 129 43 147 101 118 35 40 191 44 16 77 12 154 
cpTO[0]=38176.468805 
cpTO[1]=39584.115493 
cpSO[1]=
114 168 6 57 83 185 195 115 162 53 190 153 176 51 59 164 73 177 130 198 144 65 156 171 34 60 175 179 93 56 33 26 70 24 145 45 8 160 173 11 106 174 166 31 97 28 135 58 75 7 98 96 90 128 27 157 10 2 94 0 89 20 141 92 121 84 72 52 169 148 69 38 197 66 196 4 131 193 116 189 39 188 110 67 9 122 107 165 48 85 137 79 74 29 180 133 19 37 151 36 71 140 64 123 126 187 149 68 61 25 55 99 100 78 112 80 178 46 172 183 138 87 170 22 21 142 54 192 103 143 159 161 134 136 150 18 129 43 147 40 101 199 91 118 95 35 44 16 191 77 186 125 62 30 47 155 50 127 146 111 14 32 5 181 82 3 132 167 113 86 88 42 117 13 63 81 119 124 184 163 49 158 139 105 182 102 15 76 152 23 104 17 154 12 1 108 41 109 120 194 
cpTO[1]=39584.115493 
cpTO[2]=36578.357167 
cpSO[2]=
94 97 7 96 98 28 135 58 31 166 174 106 11 173 160 26 175 33 56 179 93 177 198 144 65 132 73 164 59 185 195 6 83 57 168 145 45 24 8 70 60 34 171 156 130 167 113 86 3 5 32 146 14 111 127 50 155 194 47 30 62 125 186 12 154 77 191 16 44 118 95 136 161 17 35 40 147 101 91 150 18 199 43 129 134 159 143 152 23 104 76 182 139 105 184 42 88 117 13 181 82 63 124 119 41 120 81 109 108 1 15 102 158 49 54 103 192 21 22 87 170 142 176 163 115 51 162 53 190 153 114 71 138 172 140 36 183 64 46 178 80 25 99 55 112 78 187 123 126 100 149 68 61 193 131 4 196 66 197 69 148 38 169 52 188 39 116 189 110 67 9 122 137 85 48 133 180 29 74 79 19 37 165 151 107 20 89 0 141 72 84 121 92 10 2 157 27 128 90 75 
cpTO[2]=36578.357167 
cpTO[3]=38481.722044 
cpSO[3]=
39 38 197 69 148 169 188 52 72 84 121 92 10 2 157 27 128 90 96 75 98 7 28 135 58 174 166 31 106 11 160 173 97 94 0 89 20 122 141 9 67 110 189 116 193 66 196 4 131 25 61 55 99 100 149 180 133 48 68 29 74 126 112 80 178 78 187 123 64 46 140 172 138 183 36 114 71 79 19 37 151 137 85 165 107 145 45 168 83 57 6 42 184 117 124 119 63 13 41 1 108 109 81 146 111 127 50 194 155 120 47 30 62 125 186 12 77 154 191 40 101 147 43 129 199 118 136 95 134 18 150 91 35 16 44 17 161 159 192 22 21 87 170 142 54 103 143 152 23 76 104 15 105 139 182 102 49 158 163 176 190 153 162 53 115 51 195 185 56 164 59 86 88 181 32 14 5 3 82 73 113 167 132 65 144 198 177 130 156 171 34 70 8 24 26 60 175 179 93 33 
cpTO[3]=38481.722044 
cpTO[4]=39628.246632 
cpSO[4]=
133 79 19 37 45 71 114 168 83 51 115 57 6 56 33 8 24 145 151 67 9 122 141 2 90 27 128 157 10 92 121 72 84 188 189 116 39 197 148 69 52 169 38 66 196 4 131 193 110 25 99 61 55 80 178 112 78 46 36 183 140 64 187 123 126 100 149 68 74 29 180 48 85 137 165 107 20 89 94 0 97 106 174 58 75 96 28 98 7 135 166 31 173 11 70 160 26 175 179 93 60 34 171 156 130 177 198 144 65 132 167 113 73 164 59 185 195 42 184 88 158 49 163 142 176 162 53 190 153 172 138 87 170 21 22 192 159 143 103 54 152 23 17 95 118 35 44 16 77 186 125 62 30 47 194 50 155 120 127 111 146 32 14 5 3 86 181 82 63 81 109 41 119 13 124 117 105 139 182 102 76 104 15 108 1 12 154 191 40 147 101 91 150 18 134 161 136 199 129 43 
cpTO[4]=39628.246632 
cpTO[5]=37266.127390 
cpSO[5]=
11 173 160 89 20 107 122 67 9 141 188 110 85 48 133 180 79 19 37 137 165 151 0 97 94 31 135 166 174 58 75 96 98 7 28 2 90 128 27 157 92 10 121 84 72 52 169 148 69 197 38 39 189 116 66 196 4 131 193 61 68 100 55 99 25 149 74 29 126 123 187 64 78 112 80 178 46 114 53 162 115 190 138 172 140 183 36 71 83 6 168 57 51 153 176 142 170 87 22 21 103 192 159 143 54 76 15 102 182 139 105 158 49 163 184 42 88 117 13 124 119 63 41 109 108 1 12 154 77 44 35 16 191 147 40 101 199 43 129 134 18 150 91 118 95 136 161 17 152 23 104 186 125 62 30 47 194 155 50 120 81 32 146 127 111 14 5 3 82 181 86 113 167 185 195 59 164 73 65 132 144 177 198 130 156 171 34 60 106 70 26 8 24 45 145 33 56 175 179 93 
cpTO[5]=37266.127390 
cpTO[6]=39473.876633 
cpSO[6]=
160 11 173 107 165 85 48 137 151 37 19 79 126 140 64 123 187 78 178 46 80 112 100 149 74 29 180 133 68 25 99 55 61 4 131 193 116 39 196 66 197 69 38 148 52 72 141 10 2 98 96 90 128 27 157 92 121 84 169 189 188 110 67 9 122 20 89 0 94 31 166 174 58 75 7 28 135 97 106 70 26 8 24 45 145 168 36 183 71 114 172 138 53 162 51 57 83 6 33 56 93 179 175 60 34 171 156 130 177 198 144 73 164 86 132 65 167 113 59 185 195 115 142 176 153 190 87 170 21 22 192 159 143 103 54 49 158 184 163 42 88 3 5 82 181 13 117 41 119 124 63 32 14 111 127 146 120 81 109 108 1 154 12 62 194 155 50 47 30 125 186 16 191 40 147 101 43 129 134 161 95 136 150 18 199 91 118 35 17 44 77 15 182 139 105 102 76 104 23 152 
cpTO[6]=39473.876633 
cpTO[7]=37579.891353 
cpSO[7]=
182 15 1 108 109 62 30 125 186 12 154 77 16 191 40 147 101 199 43 129 18 136 95 44 35 118 91 150 134 161 17 104 76 102 158 105 139 49 54 159 23 152 143 192 22 21 170 103 142 176 153 190 87 138 172 114 36 183 140 64 46 80 178 112 78 187 123 126 79 37 19 133 48 180 29 74 100 149 68 25 55 99 61 131 4 193 110 116 189 38 66 196 39 197 69 148 169 52 188 72 84 121 92 10 2 157 90 128 27 96 98 75 7 28 135 166 174 58 31 97 94 0 106 160 45 24 8 33 56 73 164 167 113 59 6 83 57 168 71 145 151 107 165 137 85 67 9 141 122 20 89 173 11 70 26 60 34 171 175 179 93 177 198 130 156 144 65 132 3 5 82 181 86 185 195 88 42 51 115 162 53 163 184 117 124 119 41 13 63 81 47 194 155 50 127 120 146 32 14 111 
cpTO[7]=37579.891353 
cpTO[8]=38585.708388 
cpSO[8]=
31 174 166 135 58 75 28 7 98 96 90 128 27 157 2 10 92 121 84 72 141 9 122 20 0 94 97 106 173 11 160 70 60 34 171 156 177 93 179 175 26 8 24 45 145 33 168 71 36 46 80 112 178 78 187 126 79 19 37 151 165 107 89 67 110 188 52 169 38 148 69 197 189 116 39 66 196 4 131 193 61 99 55 100 25 68 149 74 133 137 85 48 180 29 123 64 140 183 114 172 138 87 142 170 21 22 192 143 103 54 159 152 76 104 23 17 161 134 18 150 101 199 129 43 147 40 191 16 125 186 12 154 1 108 41 119 124 13 63 81 109 62 30 47 194 50 155 120 32 82 14 111 127 146 5 3 86 181 117 158 184 88 59 164 73 167 113 132 144 65 198 130 56 6 83 57 185 195 42 51 115 162 53 153 190 176 163 49 105 139 182 102 15 77 44 35 118 95 136 91 
cpTO[8]=38585.708388 
cpTO[9]=39404.517560 
cpSO[9]=
22 87 172 138 190 170 21 192 159 134 95 18 150 136 161 17 104 76 23 152 143 103 54 142 176 162 53 153 115 51 195 6 83 57 168 114 71 183 140 36 64 123 187 46 178 80 112 78 126 100 55 99 61 131 4 196 66 193 25 149 68 29 19 79 74 133 180 37 151 107 145 89 20 165 137 85 48 110 39 116 189 38 169 52 148 69 197 188 67 9 122 0 94 2 141 84 72 121 92 10 157 27 128 90 96 7 98 28 135 75 58 31 166 174 97 173 11 160 106 70 45 24 8 33 56 156 171 34 60 26 175 179 93 177 198 130 132 65 144 164 73 59 86 185 88 42 163 184 49 158 102 182 139 119 105 117 124 13 63 41 109 108 12 1 15 154 77 44 35 118 91 199 129 43 147 101 40 191 16 186 125 62 30 47 194 155 50 127 111 146 120 81 32 14 5 3 82 181 167 113 
cpTO[9]=39404.517560 
ini=
 best=36578.357167 position=2
94 97 7 96 98 28 135 58 31 166 174 106 11 173 160 26 175 33 56 179 93 177 198 144 65 132 73 164 59 185 195 6 83 57 168 145 45 24 8 70 60 34 171 156 130 167 113 86 3 5 32 146 14 111 127 50 155 194 47 30 62 125 186 12 154 77 191 16 44 118 95 136 161 17 35 40 147 101 91 150 18 199 43 129 134 159 143 152 23 104 76 182 139 105 184 42 88 117 13 181 82 63 124 119 41 120 81 109 108 1 15 102 158 49 54 103 192 21 22 87 170 142 176 163 115 51 162 53 190 153 114 71 138 172 140 36 183 64 46 178 80 25 99 55 112 78 187 123 126 100 149 68 61 193 131 4 196 66 197 69 148 38 169 52 188 39 116 189 110 67 9 122 137 85 48 133 180 29 74 79 19 37 165 151 107 20 89 0 141 72 84 121 92 10 2 157 27 128 90 75 
solution is:29923.215103.       temperature is:8.689010
Mon Dec 09 19:49:55 2013
times: 1
cpTO[0]=35151.046118 
cpSO[0]=
83 6 57 168 33 56 93 73 164 59 185 195 42 51 115 162 53 153 190 176 142 163 49 158 184 88 117 105 139 182 102 15 124 119 41 108 1 186 125 62 30 194 155 47 109 81 120 50 127 111 146 63 13 181 32 14 5 3 82 86 113 167 132 65 144 198 177 130 156 171 34 60 179 175 26 24 45 8 70 160 106 11 173 0 94 97 31 166 174 58 75 135 28 7 98 96 90 128 27 157 2 10 92 121 84 72 141 122 9 67 110 48 85 137 165 151 107 20 89 145 37 19 79 180 133 29 74 68 149 25 193 189 116 188 52 169 148 69 197 38 39 66 196 4 131 61 99 55 100 112 80 178 78 187 126 123 64 183 36 71 114 140 46 172 138 87 22 21 170 103 54 143 192 159 152 23 76 104 17 161 95 136 134 18 150 91 199 129 43 147 101 118 35 44 191 40 16 77 12 154 
cpTO[0]=35151.046118 
cpTO[1]=34941.219820 
cpSO[1]=
114 36 71 168 6 57 83 51 115 162 53 153 190 176 163 42 195 185 88 184 49 158 105 139 182 102 152 23 17 104 76 15 1 108 41 119 124 117 13 63 81 120 109 47 30 62 125 186 12 154 77 191 16 44 35 95 118 91 199 101 40 147 43 129 18 150 136 134 161 159 143 192 103 54 142 170 21 22 87 138 172 183 140 64 187 126 123 46 178 80 112 78 100 55 99 25 61 68 149 74 29 133 180 19 79 37 151 107 165 137 48 85 122 20 89 0 94 2 141 9 67 110 188 189 39 116 193 131 4 196 66 38 197 69 148 169 52 72 84 121 92 10 157 27 128 90 96 98 7 75 58 135 28 97 31 166 174 106 173 11 160 145 45 8 24 70 26 33 56 93 179 175 60 34 171 156 130 177 198 144 65 132 167 113 73 164 59 86 181 82 3 5 32 14 111 146 127 50 155 194 
cpTO[1]=34941.219820 
cpTO[2]=29923.215103 
cpSO[2]=
97 106 31 166 174 58 135 28 7 98 75 96 90 128 27 157 2 10 92 121 84 72 141 122 9 67 110 188 189 116 39 38 169 52 148 69 197 66 196 4 131 193 61 25 99 55 100 149 68 74 29 79 19 37 180 133 48 85 137 165 107 151 145 45 24 8 33 168 114 71 36 183 140 64 123 126 187 78 112 80 178 46 172 138 87 170 21 22 192 103 54 143 159 152 23 17 44 35 118 95 136 161 134 18 150 91 199 129 43 101 147 40 191 16 77 154 12 186 125 62 30 47 194 155 50 127 111 14 32 146 120 81 63 13 124 119 41 109 108 1 15 104 76 102 182 139 105 158 49 163 142 176 190 153 53 162 115 51 57 83 6 56 179 93 177 73 164 59 185 195 88 42 184 117 181 82 5 3 86 113 167 132 65 144 198 130 156 171 34 60 175 26 70 160 11 173 89 20 0 94 
cpTO[2]=29923.215103 
cpTO[3]=35041.718899 
cpSO[3]=
39 38 197 69 148 169 52 188 72 84 121 92 10 2 157 27 128 90 96 75 98 7 28 135 58 174 166 31 106 70 26 24 8 160 11 173 97 94 0 89 20 122 141 9 67 110 189 116 193 66 196 4 131 61 25 55 99 100 149 68 48 133 180 29 74 126 123 64 187 78 112 80 178 46 140 183 36 172 138 114 71 79 19 37 151 137 85 165 107 145 45 168 83 6 57 51 115 162 53 153 190 176 163 49 158 105 139 182 102 15 76 104 23 152 143 103 54 142 170 87 22 21 192 159 161 17 44 16 35 118 95 136 134 18 150 91 199 129 43 101 147 40 191 154 77 12 186 125 62 30 47 120 155 194 50 127 111 14 32 146 81 109 108 1 41 119 124 63 13 117 184 42 195 185 56 73 164 59 86 88 181 82 5 3 113 167 132 65 144 198 177 130 156 171 34 60 175 179 93 33 
cpTO[3]=35041.718899 
cpTO[4]=36493.270365 
cpSO[4]=
133 180 29 74 68 149 100 126 123 187 64 36 183 140 46 78 112 178 80 55 99 25 61 110 193 131 4 196 66 197 69 148 52 169 38 39 116 189 188 72 84 121 92 10 157 27 128 90 2 141 122 9 67 48 85 107 165 137 151 37 19 79 71 168 114 53 162 176 142 163 49 158 105 139 182 102 76 104 15 108 1 12 154 77 16 44 35 118 91 95 136 150 18 199 101 147 40 191 186 125 62 30 47 194 50 155 120 127 111 146 32 14 5 3 86 82 181 63 81 109 41 119 124 13 117 184 42 88 195 185 59 164 73 113 167 132 65 144 198 177 130 156 171 34 60 93 179 175 26 70 160 11 106 174 58 75 96 98 7 28 135 166 31 97 173 94 0 89 20 145 45 24 8 33 56 6 83 57 51 115 153 190 138 172 87 170 21 22 192 54 103 143 159 152 23 17 161 134 129 43 
cpTO[4]=36493.270365 
cpTO[5]=33438.270245 
cpSO[5]=
11 173 160 151 165 137 37 19 79 180 133 48 85 110 188 67 9 141 122 107 20 89 0 94 97 31 166 174 58 135 28 7 98 75 96 90 128 27 157 2 10 92 121 84 72 52 169 148 69 197 38 39 189 116 66 196 4 131 193 61 68 149 25 99 55 100 74 29 126 123 187 78 112 80 178 46 64 140 183 36 71 145 45 24 8 26 70 106 60 34 171 156 130 177 198 144 65 132 167 113 73 164 59 185 195 86 181 82 3 5 14 111 127 146 32 81 120 155 50 194 47 30 62 125 186 12 154 1 108 109 41 119 124 13 63 117 88 42 184 163 49 158 105 139 182 102 15 77 44 35 16 191 40 147 101 199 43 129 134 18 150 91 118 95 136 161 17 104 76 152 23 54 143 159 192 103 21 22 87 170 142 176 153 190 138 172 114 53 162 115 51 57 83 6 168 33 56 175 179 93 
cpTO[5]=33438.270245 
cpTO[6]=36877.210966 
cpSO[6]=
160 11 173 0 89 20 122 107 165 85 48 137 151 37 19 79 126 123 64 140 187 78 178 46 80 112 100 149 74 29 180 133 68 25 99 55 61 131 4 193 116 39 196 66 197 69 148 169 38 189 188 110 67 9 141 52 72 84 121 92 10 2 157 27 128 90 96 75 58 174 166 31 135 28 98 7 94 97 106 70 26 8 24 45 145 168 36 183 71 114 172 138 153 190 53 162 51 57 83 6 33 56 93 179 175 60 34 171 156 130 177 198 144 65 167 113 132 73 164 59 185 195 115 176 142 170 87 22 21 192 159 143 103 54 49 158 184 163 42 88 86 3 5 82 181 117 13 41 119 124 63 32 14 111 127 146 120 81 109 108 1 154 12 62 47 155 50 194 30 125 186 16 191 40 147 101 43 129 134 161 95 136 150 18 199 91 118 35 17 44 77 15 182 105 139 102 76 104 23 152 
cpTO[6]=36877.210966 
cpTO[7]=34350.008473 
cpSO[7]=
182 102 139 105 158 49 142 54 192 159 23 152 143 103 170 22 21 87 138 172 114 168 57 83 6 59 164 73 56 33 8 24 45 160 106 97 31 166 174 58 135 28 7 98 75 96 90 128 27 157 2 10 92 121 84 72 188 110 116 189 39 38 52 169 148 69 197 66 196 4 131 193 61 55 99 25 68 149 100 74 29 180 133 48 37 19 79 126 123 187 78 112 80 178 46 64 140 183 36 71 145 151 107 165 137 85 67 9 141 122 20 89 0 94 173 11 70 26 60 34 171 156 175 179 93 177 130 198 144 65 132 167 113 3 5 82 181 86 185 195 88 42 51 115 53 162 190 153 176 163 184 117 124 119 41 13 63 81 109 108 1 15 76 104 17 161 134 18 150 136 95 44 35 118 91 199 101 129 43 147 40 191 16 77 154 12 186 125 62 30 47 194 155 50 127 120 146 32 14 111 
cpTO[7]=34350.008473 
cpTO[8]=36018.386787 
cpSO[8]=
31 166 174 58 75 135 28 7 98 96 90 128 27 157 2 10 92 121 84 72 141 122 9 67 110 188 52 169 197 69 148 38 189 116 39 66 196 4 131 193 61 99 55 100 25 68 149 74 29 133 48 85 137 180 126 187 78 112 178 80 46 140 64 123 79 19 37 151 107 165 20 89 0 94 97 106 173 11 160 70 60 34 171 156 130 93 179 175 26 8 24 45 145 33 168 71 36 183 114 172 138 142 87 170 21 22 192 103 54 143 159 152 23 104 76 17 161 134 136 95 118 35 44 77 15 102 182 139 105 158 49 163 176 190 153 53 162 115 51 42 184 117 181 88 195 185 57 83 6 56 177 198 144 65 132 113 167 73 164 59 86 82 3 5 14 111 127 32 146 120 155 50 194 47 30 62 109 81 63 13 124 119 41 108 1 154 12 125 186 16 191 40 147 43 129 101 199 18 150 91 
cpTO[8]=36018.386787 
cpTO[9]=35155.373238 
cpSO[9]=
22 87 170 21 192 159 76 104 17 23 152 143 103 54 142 138 172 190 153 176 53 162 115 51 195 6 83 57 168 114 71 183 36 140 64 46 178 80 112 78 187 123 126 79 19 180 37 151 107 145 89 20 165 137 85 48 133 29 74 100 55 99 25 149 68 61 131 4 196 66 193 39 197 69 148 38 169 52 188 116 189 110 67 9 122 0 94 2 141 72 84 121 92 10 157 27 128 90 96 98 7 28 135 75 58 174 166 31 106 97 173 11 160 70 45 24 8 33 56 93 179 175 26 60 34 171 156 130 198 177 73 164 86 181 82 3 5 14 32 81 120 146 111 127 50 155 194 47 30 62 125 186 16 191 40 147 101 43 129 199 91 150 18 134 161 95 136 118 35 44 77 154 12 1 108 109 41 63 13 119 124 117 182 139 105 15 102 158 49 163 184 42 88 185 59 144 65 132 167 113 
cpTO[9]=35155.373238 
ini=
 best=29923.215103 position=2
97 106 31 166 174 58 135 28 7 98 75 96 90 128 27 157 2 10 92 121 84 72 141 122 9 67 110 188 189 116 39 38 169 52 148 69 197 66 196 4 131 193 61 25 99 55 100 149 68 74 29 79 19 37 180 133 48 85 137 165 107 151 145 45 24 8 33 168 114 71 36 183 140 64 123 126 187 78 112 80 178 46 172 138 87 170 21 22 192 103 54 143 159 152 23 17 44 35 118 95 136 161 134 18 150 91 199 129 43 101 147 40 191 16 77 154 12 186 125 62 30 47 194 155 50 127 111 14 32 146 120 81 63 13 124 119 41 109 108 1 15 104 76 102 182 139 105 158 49 163 142 176 190 153 53 162 115 51 57 83 6 56 179 93 177 73 164 59 185 195 88 42 184 117 181 82 5 3 86 113 167 132 65 144 198 130 156 171 34 60 175 26 70 160 11 173 89 20 0 94 
solution is:29457.956660.       temperature is:0.289980
Mon Dec 09 19:50:22 2013
times: 2
cpTO[0]=34525.868988 
cpSO[0]=
83 6 57 168 33 56 179 93 73 164 59 185 195 42 51 115 162 53 153 190 176 142 163 49 158 184 117 105 139 182 102 15 124 119 41 108 1 77 16 191 40 44 35 118 101 147 43 129 199 91 150 18 134 136 95 161 17 104 76 23 152 159 192 143 54 103 170 21 22 87 138 172 46 140 114 71 36 183 64 123 126 187 78 178 80 112 100 55 99 25 61 131 4 196 66 39 38 197 69 148 169 52 188 116 189 193 68 149 74 29 133 180 79 19 37 145 89 20 107 151 165 137 85 48 110 67 9 122 141 72 84 121 92 10 2 157 27 128 90 96 98 7 28 135 75 58 174 166 31 97 94 0 173 11 106 70 160 45 8 24 26 175 60 34 171 156 130 177 198 144 65 132 167 113 86 88 82 3 5 14 32 181 13 63 146 111 127 50 120 81 109 47 155 194 30 62 125 186 12 154 
cpTO[0]=34525.868988 
cpTO[1]=34467.920837 
cpSO[1]=
114 36 71 168 6 83 57 51 115 162 53 153 190 176 163 42 195 185 88 184 49 158 105 139 182 102 152 23 17 104 76 15 1 108 41 119 124 117 13 63 81 120 109 47 30 62 125 186 12 154 77 191 16 44 35 95 118 91 199 101 40 147 43 129 18 150 136 134 161 159 143 192 103 54 142 170 21 22 87 138 172 183 140 64 123 126 187 46 178 80 112 78 100 55 99 25 61 68 149 74 29 133 180 79 19 37 151 107 165 137 48 85 122 20 89 0 94 2 141 9 67 110 188 189 39 116 193 131 4 196 66 38 197 69 148 169 52 72 84 121 92 10 157 27 128 90 96 98 7 75 58 135 28 97 31 166 174 106 173 11 160 70 26 8 24 45 145 33 56 93 179 175 60 34 171 156 130 177 198 144 65 132 167 113 73 164 59 86 181 82 3 5 32 14 111 146 127 50 155 194 
cpTO[1]=34467.920837 
cpTO[2]=29457.956660 
cpSO[2]=
96 75 98 7 28 135 58 174 166 31 106 70 160 11 173 97 94 0 89 20 145 45 24 8 33 56 93 179 175 26 60 34 171 156 130 177 198 144 65 132 167 113 86 164 73 59 185 195 88 42 163 49 158 184 117 105 139 182 102 76 104 15 1 108 109 41 119 124 13 63 81 120 146 32 181 82 3 5 14 111 127 50 155 194 47 30 62 125 186 12 154 77 16 191 40 147 101 43 129 199 91 150 18 134 161 136 95 118 35 44 17 23 152 159 143 54 103 192 22 21 87 170 142 176 153 190 138 172 114 53 162 115 51 57 83 6 168 71 36 183 140 46 178 80 112 78 187 64 123 126 79 19 37 151 107 165 137 85 48 133 180 29 74 68 149 100 55 99 25 61 131 4 196 66 193 116 189 39 38 197 69 148 169 52 188 110 67 9 122 141 72 84 121 92 10 2 157 27 128 90 
cpTO[2]=29457.956660 
cpTO[3]=33894.799709 
cpSO[3]=
39 38 197 69 148 169 52 188 72 84 121 92 10 2 157 27 128 90 96 75 98 7 28 135 58 174 166 31 106 11 173 97 94 0 89 20 122 141 9 67 110 189 116 193 66 196 4 131 61 25 99 55 100 149 68 48 133 180 29 74 126 123 64 187 78 112 80 178 46 140 183 36 172 138 114 71 79 19 37 151 137 85 165 107 145 45 24 8 160 70 26 175 179 93 60 34 171 156 130 177 198 144 65 132 167 113 3 5 82 181 88 86 59 164 73 56 185 195 42 184 117 13 63 124 119 41 1 108 109 81 146 32 14 111 127 50 194 155 120 47 30 62 125 186 12 154 77 16 191 40 147 101 43 129 199 91 150 18 134 136 95 118 35 44 17 161 159 192 21 22 87 170 142 54 103 143 152 23 104 76 15 102 182 139 105 158 49 163 176 190 153 53 162 115 51 57 83 6 168 33 
cpTO[3]=33894.799709 
cpTO[4]=35887.239971 
cpSO[4]=
133 180 29 74 68 149 100 126 123 187 64 36 183 140 46 78 112 178 80 55 99 25 61 116 193 131 4 196 66 39 189 110 188 148 69 197 38 169 52 72 84 121 92 10 157 27 128 90 2 141 122 9 67 48 85 137 165 107 151 37 19 79 71 168 114 153 190 138 172 87 170 21 22 192 103 54 143 159 152 23 17 161 134 18 150 91 118 136 95 35 44 16 77 154 12 108 1 15 104 76 102 182 139 105 158 49 163 142 176 162 53 115 51 57 83 6 56 33 8 24 45 145 20 89 0 94 173 97 31 166 135 28 7 98 96 75 58 174 106 11 160 70 26 175 179 93 60 34 171 156 130 177 198 144 65 132 167 113 73 164 59 185 195 88 42 184 117 13 124 119 41 109 81 63 181 82 86 3 5 14 32 146 111 127 120 155 50 194 47 30 62 125 186 191 40 147 101 199 129 43 
cpTO[4]=35887.239971 
cpTO[5]=32650.439359 
cpSO[5]=
11 160 173 89 20 107 151 165 137 37 19 79 180 133 48 85 110 188 67 9 141 122 0 94 97 31 166 174 58 135 28 7 98 75 96 90 128 27 157 2 10 92 121 84 72 52 169 148 69 197 38 39 189 116 66 196 4 131 193 61 68 149 25 99 55 100 74 29 126 123 187 78 112 80 178 46 64 140 183 36 71 168 6 83 57 51 115 162 53 114 172 138 190 153 176 142 170 87 22 21 192 103 54 143 159 152 23 76 104 17 161 136 95 118 91 150 18 134 129 43 199 101 147 40 191 16 35 44 77 15 102 182 139 105 158 49 163 184 42 88 117 13 63 124 119 41 109 108 1 154 12 186 125 62 30 47 194 50 155 120 81 32 146 127 111 14 5 3 82 181 86 195 185 59 164 73 113 167 132 65 144 198 177 130 156 171 34 60 106 70 26 8 24 45 145 33 56 175 179 93 
cpTO[5]=32650.439359 
cpTO[6]=36042.196465 
cpSO[6]=
160 11 173 0 89 20 122 85 48 137 165 107 151 37 19 79 126 123 64 140 46 187 78 178 80 112 100 149 74 29 180 133 68 25 99 55 61 131 4 193 116 39 196 66 197 69 148 169 38 189 188 110 67 9 141 52 72 84 121 92 10 2 157 27 128 90 96 75 58 174 166 31 135 98 7 28 94 97 106 70 26 8 24 45 145 168 71 183 36 114 172 138 190 153 53 162 51 57 83 6 33 56 93 179 175 60 34 171 156 130 177 198 144 65 132 113 167 73 164 59 185 195 115 176 142 170 87 22 21 192 159 143 103 54 49 158 184 163 42 88 86 3 5 82 181 117 13 124 119 41 63 32 14 111 127 146 120 81 109 108 1 154 12 62 47 155 50 194 30 125 186 16 191 40 147 101 43 129 134 161 95 136 150 18 199 91 118 35 44 17 77 15 182 105 139 102 76 104 23 152 
cpTO[6]=36042.196465 
cpTO[7]=32990.088545 
cpSO[7]=
182 102 139 105 158 49 54 143 152 23 159 192 103 170 21 22 87 138 172 114 71 36 183 140 64 46 178 80 112 78 187 123 126 79 19 37 48 133 180 29 74 100 149 68 25 99 55 61 193 131 4 196 66 197 69 148 169 52 38 39 116 189 110 188 72 84 121 92 10 2 157 27 128 90 96 75 98 7 28 135 58 174 166 31 97 106 70 160 11 173 94 0 89 20 122 141 9 67 85 137 165 107 151 145 45 24 8 26 60 34 171 156 175 179 93 177 130 198 144 65 132 167 113 3 5 82 181 86 59 164 73 56 33 168 57 83 6 185 195 88 42 51 115 162 53 190 153 176 142 163 184 117 124 119 41 13 63 81 109 108 1 15 76 104 17 161 134 18 150 136 95 44 35 118 91 101 199 129 43 147 40 191 16 77 154 12 186 125 62 30 47 194 155 50 127 120 146 32 14 111 
cpTO[7]=32990.088545 
cpTO[8]=35511.406603 
cpSO[8]=
31 166 174 58 75 135 28 7 98 96 90 128 27 157 2 10 92 121 84 72 141 122 9 67 110 188 52 169 148 69 197 38 189 116 39 66 196 4 131 193 61 99 55 100 25 68 149 74 29 133 48 85 137 180 126 187 78 112 178 80 46 140 64 123 79 19 37 151 165 107 20 89 0 94 97 106 173 11 160 70 60 34 171 156 130 93 179 175 26 8 24 45 145 33 168 71 36 183 114 172 138 142 170 87 22 21 192 103 54 143 159 152 23 76 104 17 161 134 136 95 118 35 44 77 15 102 182 139 105 158 49 163 176 190 153 53 162 115 51 42 184 117 88 195 185 57 83 6 56 177 198 144 65 132 113 167 73 164 59 86 181 82 3 5 14 111 127 32 146 120 155 50 194 47 30 62 109 81 63 13 124 119 41 108 1 154 12 125 186 16 191 40 147 43 129 101 199 18 150 91 
cpTO[8]=35511.406603 
cpTO[9]=33893.934886 
cpSO[9]=
22 87 170 21 192 159 23 17 104 76 152 143 103 54 142 176 153 190 172 138 53 162 115 51 195 6 83 57 168 114 71 36 183 140 64 46 178 80 112 78 187 123 126 79 19 37 145 107 151 165 137 85 48 180 133 29 74 100 55 99 25 149 68 61 131 4 196 66 193 39 38 197 69 148 169 52 188 189 116 110 67 9 122 20 89 0 94 2 141 72 84 121 92 10 157 27 128 90 96 98 7 28 135 75 58 174 166 31 106 97 173 11 160 70 45 24 8 33 56 93 179 175 26 60 34 171 156 130 198 177 73 164 59 185 88 42 184 163 49 158 102 15 182 139 105 117 119 124 13 63 41 109 108 1 12 154 77 44 35 118 95 136 161 134 18 150 91 199 129 43 101 147 40 191 16 186 125 62 30 47 194 155 50 127 111 146 120 81 32 14 5 3 82 181 86 132 65 144 167 113 
cpTO[9]=33893.934886 
ini=
 best=29457.956660 position=2
96 75 98 7 28 135 58 174 166 31 106 70 160 11 173 97 94 0 89 20 145 45 24 8 33 56 93 179 175 26 60 34 171 156 130 177 198 144 65 132 167 113 86 164 73 59 185 195 88 42 163 49 158 184 117 105 139 182 102 76 104 15 1 108 109 41 119 124 13 63 81 120 146 32 181 82 3 5 14 111 127 50 155 194 47 30 62 125 186 12 154 77 16 191 40 147 101 43 129 199 91 150 18 134 161 136 95 118 35 44 17 23 152 159 143 54 103 192 22 21 87 170 142 176 153 190 138 172 114 53 162 115 51 57 83 6 168 71 36 183 140 46 178 80 112 78 187 64 123 126 79 19 37 151 107 165 137 85 48 133 180 29 74 68 149 100 55 99 25 61 131 4 196 66 193 116 189 39 38 197 69 148 169 52 188 110 67 9 122 141 72 84 121 92 10 2 157 27 128 90 
solution is:29475.808676.       temperature is:1.043519
Mon Dec 09 19:50:49 2013
times: 3
cpTO[0]=33960.360748 
cpSO[0]=
83 6 57 168 33 56 179 93 73 164 59 86 113 167 132 65 144 198 177 130 156 171 34 60 175 26 8 24 45 160 70 106 11 173 0 94 97 31 166 174 58 75 135 28 7 98 96 90 128 27 157 2 10 92 121 84 72 141 122 9 67 110 48 85 137 165 151 107 20 89 145 37 19 79 180 133 29 74 149 68 193 116 189 188 52 169 148 69 197 38 39 66 196 4 131 61 25 99 55 100 112 80 178 78 187 126 123 64 46 140 183 36 71 114 172 138 87 22 21 170 103 54 143 192 159 152 23 76 104 17 161 95 136 134 18 150 91 199 129 43 147 101 118 35 44 40 191 16 77 1 108 41 119 124 15 102 182 139 105 117 184 158 49 163 142 176 190 153 53 162 115 51 42 195 185 88 82 3 5 14 32 181 13 63 146 111 127 50 120 81 109 47 155 194 30 62 125 186 12 154 
cpTO[0]=33960.360748 
cpTO[1]=33981.898145 
cpSO[1]=
114 172 138 87 22 21 170 142 54 103 192 143 159 161 134 136 150 18 129 43 147 40 101 199 91 118 95 35 44 16 191 77 154 12 186 125 62 30 47 109 120 81 63 13 117 124 119 41 108 1 15 76 104 17 23 152 102 182 139 105 158 49 184 88 185 195 42 163 176 190 153 53 162 115 51 57 83 6 168 71 36 183 140 64 123 126 187 46 178 80 112 78 100 55 99 25 61 68 149 74 29 133 180 79 19 37 151 107 165 137 48 85 122 20 89 0 94 2 141 9 67 110 188 189 116 39 193 131 4 196 66 38 197 69 148 169 52 72 84 121 92 10 157 27 128 90 96 98 7 28 135 58 75 174 166 31 97 106 173 11 160 70 26 8 24 45 145 33 56 93 179 175 60 34 171 156 130 177 198 144 65 132 167 113 73 164 59 86 181 82 3 5 32 14 111 146 127 50 155 194 
cpTO[1]=33981.898145 
cpTO[2]=29475.808676 
cpSO[2]=
64 187 78 112 80 178 46 140 183 36 71 168 6 83 57 51 115 162 53 114 172 138 190 153 176 142 170 87 22 21 192 103 54 143 159 152 23 76 104 17 44 35 118 95 136 161 134 18 150 91 101 199 129 43 147 40 191 16 77 154 12 186 125 62 30 47 194 50 155 120 81 146 127 111 14 32 5 3 82 181 63 13 124 119 41 109 108 1 15 102 182 139 105 117 184 158 49 163 42 88 195 185 59 73 164 86 113 167 132 65 144 198 177 130 156 171 34 60 26 175 179 93 56 33 8 24 45 145 151 107 165 137 85 48 67 9 141 122 20 89 0 94 97 173 11 160 70 106 31 166 174 58 135 28 7 98 75 96 90 128 27 157 2 10 92 121 84 72 52 169 188 110 189 116 39 38 148 69 197 66 196 4 131 193 61 25 99 55 100 149 68 74 29 133 180 37 19 79 126 123 
cpTO[2]=29475.808676 
cpTO[3]=33894.799709 
cpSO[3]=
39 38 197 69 148 169 52 188 72 84 121 92 10 2 157 27 128 90 96 75 98 7 28 135 58 174 166 31 106 11 173 97 94 0 89 20 122 141 9 67 110 189 116 193 66 196 4 131 61 25 99 55 100 149 68 48 133 180 29 74 126 123 64 187 78 112 80 178 46 140 183 36 172 138 114 71 79 19 37 151 137 85 165 107 145 45 24 8 160 70 26 175 179 93 60 34 171 156 130 177 198 144 65 132 167 113 3 5 82 181 88 86 59 164 73 56 185 195 42 184 117 13 63 124 119 41 1 108 109 81 146 32 14 111 127 50 194 155 120 47 30 62 125 186 12 154 77 16 191 40 147 101 43 129 199 91 150 18 134 136 95 118 35 44 17 161 159 192 21 22 87 170 142 54 103 143 152 23 104 76 15 102 182 139 105 158 49 163 176 190 153 53 162 115 51 57 83 6 168 33 
cpTO[3]=33894.799709 
cpTO[4]=34775.973461 
cpSO[4]=
133 180 29 74 68 149 100 55 99 25 61 131 4 196 66 193 116 39 189 110 188 38 197 69 148 169 52 72 84 121 92 10 157 27 128 90 2 141 122 9 67 48 85 137 165 107 151 37 19 79 126 123 187 78 112 80 178 64 46 140 183 36 71 168 114 153 190 138 172 87 170 21 22 192 103 54 143 159 152 23 17 161 134 18 150 91 118 136 95 35 44 16 77 154 12 108 1 15 104 76 102 182 139 105 158 49 163 142 176 162 53 115 51 57 83 6 56 33 8 24 45 145 20 89 0 94 173 97 31 166 135 28 7 98 96 75 58 174 106 11 160 70 26 175 179 93 60 34 171 156 130 177 198 144 65 132 167 113 73 164 59 185 195 88 42 184 117 13 124 119 41 109 81 63 181 82 86 3 5 14 32 146 111 127 120 155 50 194 47 30 62 125 186 191 40 147 101 199 129 43 
cpTO[4]=34775.973461 
cpTO[5]=32320.771577 
cpSO[5]=
11 160 70 106 173 89 20 107 151 165 137 37 19 79 180 133 48 85 110 188 67 9 141 122 0 94 97 31 166 174 58 135 28 7 98 75 96 90 128 27 157 2 10 92 121 84 72 52 169 148 69 197 38 39 189 116 66 196 4 131 193 61 68 149 25 99 55 100 74 29 126 123 187 78 112 80 178 46 64 140 183 36 71 168 6 83 57 51 115 162 53 114 172 138 190 153 176 142 170 87 22 21 192 103 54 143 159 152 23 76 104 17 161 136 95 118 91 150 18 134 129 43 199 101 147 40 191 16 35 44 77 15 102 182 139 105 158 49 163 184 42 88 117 13 63 124 119 41 109 108 1 154 12 186 125 62 30 47 194 50 155 120 81 32 146 127 111 14 5 3 82 181 86 195 185 59 164 73 113 167 132 65 144 198 177 130 156 171 34 60 26 8 24 45 145 33 56 175 179 93 
cpTO[5]=32320.771577 
cpTO[6]=36042.196465 
cpSO[6]=
160 11 173 0 89 20 122 85 48 137 165 107 151 37 19 79 126 123 64 140 46 187 78 178 80 112 100 149 74 29 180 133 68 25 99 55 61 131 4 193 116 39 196 66 197 69 148 169 38 189 188 110 67 9 141 52 72 84 121 92 10 2 157 27 128 90 96 75 58 174 166 31 135 98 7 28 94 97 106 70 26 8 24 45 145 168 71 183 36 114 172 138 190 153 53 162 51 57 83 6 33 56 93 179 175 60 34 171 156 130 177 198 144 65 132 113 167 73 164 59 185 195 115 176 142 170 87 22 21 192 159 143 103 54 49 158 184 163 42 88 86 3 5 82 181 117 13 124 119 41 63 32 14 111 127 146 120 81 109 108 1 154 12 62 47 155 50 194 30 125 186 16 191 40 147 101 43 129 134 161 95 136 150 18 199 91 118 35 44 17 77 15 182 105 139 102 76 104 23 152 
cpTO[6]=36042.196465 
cpTO[7]=32963.867537 
cpSO[7]=
182 102 139 105 158 49 54 143 152 23 159 192 103 170 21 22 87 138 172 114 71 36 183 140 64 46 178 80 112 78 187 123 126 79 19 37 48 133 180 29 74 100 149 68 25 99 55 61 193 131 4 196 66 197 69 148 52 169 38 39 116 189 110 188 72 84 121 92 10 2 157 27 128 90 96 75 98 7 28 135 58 174 166 31 97 106 70 160 11 173 94 0 89 20 122 141 9 67 85 137 165 107 151 145 45 24 8 26 60 34 171 156 175 179 93 177 130 198 144 65 132 167 113 3 5 82 181 86 59 164 73 56 33 168 57 83 6 185 195 88 42 51 115 162 53 153 190 176 142 163 184 117 124 119 41 13 63 81 109 108 1 15 76 104 17 161 134 18 150 136 95 44 35 118 91 101 199 129 43 147 40 191 16 77 154 12 186 125 62 30 47 194 155 50 127 120 146 32 14 111 
cpTO[7]=32963.867537 
cpTO[8]=35485.348325 
cpSO[8]=
31 166 174 58 75 135 28 7 98 96 90 128 27 157 2 10 92 121 84 72 141 122 9 67 110 188 52 169 148 69 197 38 189 116 39 66 196 4 131 193 61 99 55 100 25 68 149 74 29 133 48 85 137 180 126 187 78 112 178 80 46 140 64 123 79 19 37 151 165 107 20 89 0 94 97 106 173 11 160 70 60 34 171 156 130 93 179 175 26 8 24 45 145 33 168 71 36 183 114 172 138 142 170 87 22 21 192 103 54 143 159 152 23 76 104 17 161 134 136 95 118 35 44 77 15 102 182 139 105 158 49 163 176 190 153 53 162 115 51 42 184 117 88 195 185 57 83 6 56 177 198 144 65 132 167 113 73 164 59 86 181 82 3 5 14 111 127 32 146 120 155 50 194 47 30 62 109 81 63 13 124 119 41 108 1 154 12 125 186 16 191 40 147 43 129 101 199 18 150 91 
cpTO[8]=35485.348325 
cpTO[9]=33712.320263 
cpSO[9]=
22 87 170 21 192 159 23 17 104 76 152 143 103 54 142 176 153 190 138 172 53 162 115 51 195 6 83 57 168 114 71 36 183 140 64 46 178 80 112 78 187 123 126 79 19 37 145 151 107 165 137 85 48 133 180 29 74 100 55 99 25 149 68 61 131 4 196 66 193 39 38 197 69 148 169 52 188 189 116 110 67 9 122 20 89 0 94 2 141 72 84 121 92 10 157 27 128 90 96 98 7 28 135 75 58 174 166 31 106 97 173 11 160 70 45 24 8 33 56 93 179 175 26 60 34 171 156 130 198 177 73 164 59 185 88 42 184 163 49 158 102 15 182 139 105 117 13 63 124 119 41 109 108 1 12 154 77 44 35 118 95 136 161 134 18 150 91 199 129 43 101 147 40 191 16 186 125 62 30 47 194 155 50 127 111 146 120 81 32 14 5 3 82 181 86 132 65 144 167 113 
cpTO[9]=33712.320263 
ini=
 best=29475.808676 position=2
64 187 78 112 80 178 46 140 183 36 71 168 6 83 57 51 115 162 53 114 172 138 190 153 176 142 170 87 22 21 192 103 54 143 159 152 23 76 104 17 44 35 118 95 136 161 134 18 150 91 101 199 129 43 147 40 191 16 77 154 12 186 125 62 30 47 194 50 155 120 81 146 127 111 14 32 5 3 82 181 63 13 124 119 41 109 108 1 15 102 182 139 105 117 184 158 49 163 42 88 195 185 59 73 164 86 113 167 132 65 144 198 177 130 156 171 34 60 26 175 179 93 56 33 8 24 45 145 151 107 165 137 85 48 67 9 141 122 20 89 0 94 97 173 11 160 70 106 31 166 174 58 135 28 7 98 75 96 90 128 27 157 2 10 92 121 84 72 52 169 188 110 189 116 39 38 148 69 197 66 196 4 131 193 61 25 99 55 100 149 68 74 29 133 180 37 19 79 126 123 
solution is:29458.363929.       temperature is:0.007139
Mon Dec 09 19:51:15 2013
times: 4
cpTO[0]=33884.403748 
cpSO[0]=
83 6 57 168 33 56 179 93 73 164 59 86 113 167 132 65 144 198 177 130 156 171 34 60 175 26 8 24 45 160 70 106 11 173 0 94 97 31 166 174 58 75 135 28 7 98 96 90 128 27 157 2 10 92 121 84 72 141 122 9 67 110 48 85 137 165 151 107 20 89 145 37 19 79 180 133 29 74 149 68 193 116 189 188 52 169 148 69 197 38 39 66 196 4 131 61 25 99 55 100 112 80 178 78 187 126 123 64 46 140 183 36 71 114 172 138 87 22 21 170 103 54 143 192 159 152 23 76 104 17 161 95 136 134 18 150 91 199 129 43 147 101 118 35 44 40 191 16 77 1 108 41 119 124 15 102 182 139 105 117 184 158 49 163 142 176 190 153 53 162 115 51 185 195 42 88 82 3 5 14 32 181 13 63 146 111 127 50 120 81 109 47 155 194 30 62 125 186 12 154 
cpTO[0]=33884.403748 
cpTO[1]=33850.498515 
cpSO[1]=
114 172 138 87 22 21 170 142 54 103 192 143 159 161 134 136 150 18 129 43 147 40 101 199 91 118 95 35 44 16 191 77 154 12 186 125 62 30 47 109 120 81 63 13 117 124 119 41 108 1 15 76 104 17 23 152 102 182 139 105 158 49 184 88 185 195 42 163 176 190 153 53 162 115 51 57 83 6 168 71 36 183 140 64 123 126 187 46 178 80 112 78 100 55 99 25 61 68 149 74 29 133 180 79 19 37 151 107 165 137 48 85 122 20 89 0 94 2 141 9 67 110 188 189 116 39 193 131 4 196 66 38 197 69 148 169 52 72 84 121 92 10 157 27 128 90 96 98 7 28 135 75 58 174 166 31 106 97 173 11 160 70 26 8 24 45 145 33 56 93 179 175 60 34 171 156 130 177 198 144 65 132 167 113 73 164 59 86 181 82 3 5 32 14 111 146 127 50 155 194 
cpTO[1]=33850.498515 
cpTO[2]=29451.469180 
cpSO[2]=
142 170 87 22 21 192 103 54 143 159 152 23 17 44 35 118 95 136 161 134 18 150 91 199 129 43 101 147 40 191 16 77 154 12 186 125 62 30 47 194 50 155 120 81 146 127 111 14 32 5 3 82 181 63 13 124 119 41 109 108 1 15 104 76 102 182 139 105 117 184 158 49 163 42 88 195 185 59 73 164 86 113 167 132 65 144 198 177 130 156 171 34 60 26 175 179 93 56 33 8 24 45 145 20 89 0 94 97 173 11 160 70 106 31 166 174 58 135 28 7 98 75 96 90 128 27 157 2 10 92 121 84 72 141 122 9 67 110 188 52 169 148 69 197 38 39 189 116 193 66 196 4 131 61 25 99 55 100 149 68 74 29 180 133 48 85 137 165 107 151 37 19 79 126 123 64 187 78 112 80 178 46 140 183 36 71 168 6 83 57 51 115 162 53 114 172 138 190 153 176 
cpTO[2]=29451.469180 
cpTO[3]=33894.799709 
cpSO[3]=
39 38 197 69 148 169 52 188 72 84 121 92 10 2 157 27 128 90 96 75 98 7 28 135 58 174 166 31 106 11 173 97 94 0 89 20 122 141 9 67 110 189 116 193 66 196 4 131 61 25 99 55 100 149 68 48 133 180 29 74 126 123 64 187 78 112 80 178 46 140 183 36 172 138 114 71 79 19 37 151 137 85 165 107 145 45 24 8 160 70 26 175 179 93 60 34 171 156 130 177 198 144 65 132 167 113 3 5 82 181 88 86 59 164 73 56 185 195 42 184 117 13 63 124 119 41 1 108 109 81 146 32 14 111 127 50 194 155 120 47 30 62 125 186 12 154 77 16 191 40 147 101 43 129 199 91 150 18 134 136 95 118 35 44 17 161 159 192 21 22 87 170 142 54 103 143 152 23 104 76 15 102 182 139 105 158 49 163 176 190 153 53 162 115 51 57 83 6 168 33 
cpTO[3]=33894.799709 
cpTO[4]=34630.574614 
cpSO[4]=
133 180 29 74 68 149 100 55 99 25 61 131 4 196 66 193 39 116 189 110 188 38 197 69 148 169 52 72 84 121 92 10 157 27 128 90 2 141 122 9 67 48 85 137 165 107 151 37 19 79 126 123 187 78 112 80 178 46 64 140 183 36 71 168 114 153 190 138 172 87 170 21 22 192 103 54 143 159 152 23 17 161 134 18 150 91 118 136 95 35 44 16 77 154 12 108 1 15 104 76 102 182 139 105 158 49 163 142 176 162 53 115 51 57 83 6 56 33 8 24 45 145 20 89 0 94 173 97 31 166 135 28 7 98 96 75 58 174 106 11 160 70 26 175 179 93 60 34 171 156 130 177 198 144 65 132 167 113 73 164 59 185 195 88 42 184 117 13 124 119 41 109 81 63 181 82 86 3 5 14 32 146 111 127 120 155 50 194 47 30 62 125 186 191 40 147 101 199 129 43 
cpTO[4]=34630.574614 
cpTO[5]=32320.771577 
cpSO[5]=
11 160 70 106 173 89 20 107 151 165 137 37 19 79 180 133 48 85 110 188 67 9 141 122 0 94 97 31 166 174 58 135 28 7 98 75 96 90 128 27 157 2 10 92 121 84 72 52 169 148 69 197 38 39 189 116 66 196 4 131 193 61 68 149 25 99 55 100 74 29 126 123 187 78 112 80 178 46 64 140 183 36 71 168 6 83 57 51 115 162 53 114 172 138 190 153 176 142 170 87 22 21 192 103 54 143 159 152 23 76 104 17 161 136 95 118 91 150 18 134 129 43 199 101 147 40 191 16 35 44 77 15 102 182 139 105 158 49 163 184 42 88 117 13 63 124 119 41 109 108 1 154 12 186 125 62 30 47 194 50 155 120 81 32 146 127 111 14 5 3 82 181 86 195 185 59 164 73 113 167 132 65 144 198 177 130 156 171 34 60 26 8 24 45 145 33 56 175 179 93 
cpTO[5]=32320.771577 
cpTO[6]=35972.976455 
cpSO[6]=
160 11 173 0 89 20 122 85 48 137 165 107 151 37 19 79 126 123 64 140 46 187 78 178 80 112 100 149 74 29 180 133 68 25 99 55 61 131 4 193 116 39 196 66 197 69 148 169 38 189 188 110 67 9 141 52 72 84 121 92 10 2 157 27 128 90 96 75 58 174 166 31 135 98 7 28 94 97 106 70 26 8 24 45 145 168 71 36 183 114 172 138 190 153 53 162 51 57 83 6 33 56 93 179 175 60 34 171 156 130 177 198 144 65 132 167 113 73 164 59 185 195 115 176 142 170 87 22 21 192 159 143 103 54 49 158 184 163 42 88 86 3 5 82 181 117 13 124 119 41 63 32 14 111 127 146 120 81 109 108 1 154 12 62 47 155 50 194 30 125 186 16 191 40 147 101 43 129 134 161 95 136 150 18 199 91 118 35 44 17 77 15 182 105 139 102 76 104 23 152 
cpTO[6]=35972.976455 
cpTO[7]=32775.175138 
cpSO[7]=
182 102 139 105 158 49 54 143 152 23 159 192 103 170 21 22 87 138 172 114 71 36 183 140 64 46 178 80 112 78 187 123 126 79 19 37 48 133 180 29 74 100 149 68 25 99 55 61 193 131 4 196 66 197 69 148 38 39 116 189 110 188 169 52 72 84 121 92 10 2 157 27 128 90 96 75 98 7 28 135 58 174 166 31 97 106 70 160 11 173 94 0 89 20 122 141 9 67 85 137 165 107 151 145 45 24 8 26 60 34 171 156 175 179 93 177 130 198 144 65 132 167 113 3 5 82 181 86 59 164 73 56 33 168 57 83 6 185 195 88 42 51 115 162 53 153 190 176 142 163 184 117 124 119 41 13 63 81 109 108 1 15 76 104 17 161 134 18 150 136 95 44 35 118 91 101 199 129 43 147 40 191 16 77 154 12 186 125 62 30 47 194 155 50 127 120 146 32 14 111 
cpTO[7]=32775.175138 
cpTO[8]=35450.885953 
cpSO[8]=
31 166 174 58 75 135 28 7 98 96 90 128 27 157 2 10 92 121 84 72 141 122 9 67 110 188 52 169 148 69 197 38 189 116 39 66 196 4 131 193 61 99 55 100 25 68 149 74 29 133 48 85 137 180 126 187 78 112 80 178 46 140 64 123 79 19 37 151 165 107 20 89 0 94 97 106 173 11 160 70 60 34 171 156 130 93 179 175 26 8 24 45 145 33 168 71 36 183 114 172 138 142 170 87 22 21 192 103 54 143 159 152 23 76 104 17 161 134 136 95 118 35 44 77 15 102 182 139 105 158 49 163 176 190 153 53 162 115 51 42 184 117 88 195 185 57 83 6 56 177 198 144 65 132 167 113 73 164 59 86 181 82 3 5 14 111 127 32 146 120 155 50 194 47 30 62 109 81 63 13 124 119 41 108 1 154 12 125 186 16 191 40 147 43 129 101 199 18 150 91 
cpTO[8]=35450.885953 
cpTO[9]=33712.320263 
cpSO[9]=
22 87 170 21 192 159 23 17 104 76 152 143 103 54 142 176 153 190 138 172 53 162 115 51 195 6 83 57 168 114 71 36 183 140 64 46 178 80 112 78 187 123 126 79 19 37 145 151 107 165 137 85 48 133 180 29 74 100 55 99 25 149 68 61 131 4 196 66 193 39 38 197 69 148 169 52 188 189 116 110 67 9 122 20 89 0 94 2 141 72 84 121 92 10 157 27 128 90 96 98 7 28 135 75 58 174 166 31 106 97 173 11 160 70 45 24 8 33 56 93 179 175 26 60 34 171 156 130 198 177 73 164 59 185 88 42 184 163 49 158 102 15 182 139 105 117 13 63 124 119 41 109 108 1 12 154 77 44 35 118 95 136 161 134 18 150 91 199 129 43 101 147 40 191 16 186 125 62 30 47 194 155 50 127 111 146 120 81 32 14 5 3 82 181 86 132 65 144 167 113 
cpTO[9]=33712.320263 
ini=
 best=29451.469180 position=2
142 170 87 22 21 192 103 54 143 159 152 23 17 44 35 118 95 136 161 134 18 150 91 199 129 43 101 147 40 191 16 77 154 12 186 125 62 30 47 194 50 155 120 81 146 127 111 14 32 5 3 82 181 63 13 124 119 41 109 108 1 15 104 76 102 182 139 105 117 184 158 49 163 42 88 195 185 59 73 164 86 113 167 132 65 144 198 177 130 156 171 34 60 26 175 179 93 56 33 8 24 45 145 20 89 0 94 97 173 11 160 70 106 31 166 174 58 135 28 7 98 75 96 90 128 27 157 2 10 92 121 84 72 141 122 9 67 110 188 52 169 148 69 197 38 39 189 116 193 66 196 4 131 61 25 99 55 100 149 68 74 29 180 133 48 85 137 165 107 151 37 19 79 126 123 64 187 78 112 80 178 46 140 183 36 71 168 6 83 57 51 115 162 53 114 172 138 190 153 176 
solution is:29496.844056.       temperature is:0.009194
Mon Dec 09 19:51:42 2013
The average run time for the algorithm is : 27.546600
The average solution for the algorithm is : 29562.437685
The maxx solution for the algorithm is : 29923.215103
 The minn solution for the algorithm is : 29457.956660 
The average error for the algorithm is : 0.004261
