var1=:0.999994865
var2=:0.999989731
a=0.050000
cpTO[0]=1258.039166 
cpSO[0]=
30 21 9 31 28 37 35 18 32 42 25 47 26 7 23 5 22 20 1 48 49 34 19 15 8 33 45 4 29 0 2 11 39 40 41 46 50 3 36 10 24 13 12 44 14 6 27 38 17 43 16 
cpTO[0]=1258.039166 
cpTO[1]=1297.870375 
cpSO[1]=
50 19 48 29 38 32 5 9 36 20 10 15 35 45 14 33 8 42 27 39 12 3 17 43 41 18 4 37 11 26 23 13 0 7 47 2 31 1 25 22 28 21 6 30 49 40 44 16 34 46 24 
cpTO[1]=1297.870375 
cpTO[2]=1205.889935 
cpSO[2]=
46 47 24 13 4 10 0 40 12 41 43 16 37 3 14 11 44 32 36 5 39 42 22 23 31 1 45 17 34 20 49 26 6 38 33 29 48 8 50 28 7 27 19 18 9 30 2 21 25 35 15 
cpTO[2]=1205.889935 
cpTO[3]=1288.089311 
cpSO[3]=
19 30 17 29 35 42 6 25 31 13 46 18 41 40 21 34 37 15 0 43 4 44 9 49 27 10 32 50 45 23 26 2 20 33 28 11 22 47 7 16 3 38 36 1 48 8 14 24 5 39 12 
cpTO[3]=1288.089311 
cpTO[4]=1384.940255 
cpSO[4]=
31 15 45 4 2 5 23 25 27 38 50 43 14 16 37 11 8 48 47 36 46 44 40 41 17 13 24 32 3 39 22 6 19 21 49 26 18 10 12 33 0 42 28 9 1 30 34 7 29 20 35 
cpTO[4]=1384.940255 
cpTO[5]=1328.174362 
cpSO[5]=
18 42 15 30 27 28 50 7 8 47 4 35 38 19 20 22 34 31 21 2 14 1 49 33 0 3 16 9 29 41 40 39 37 25 24 6 23 45 48 44 43 32 11 46 5 13 36 10 26 17 12 
cpTO[5]=1328.174362 
cpTO[6]=1434.348471 
cpSO[6]=
45 16 39 37 48 38 46 11 8 10 36 27 29 34 28 1 44 21 15 47 40 14 43 32 18 3 41 49 20 12 5 35 24 23 31 7 4 2 25 42 13 22 50 6 19 9 30 0 17 33 26 
cpTO[6]=1434.348471 
cpTO[7]=1313.667364 
cpSO[7]=
43 38 16 48 14 49 4 33 36 39 32 11 17 22 12 0 46 27 2 25 31 37 1 30 8 29 20 23 40 42 47 7 15 34 35 28 9 45 44 19 21 24 3 26 13 18 41 10 50 5 6 
cpTO[7]=1313.667364 
cpTO[8]=1253.524083 
cpSO[8]=
33 36 11 41 44 32 38 9 35 14 29 48 8 17 25 47 42 13 43 15 2 46 45 3 26 18 39 12 7 34 30 27 50 40 19 1 28 20 16 23 22 21 37 49 6 10 4 0 5 24 31 
cpTO[8]=1253.524083 
cpTO[9]=1244.489642 
cpSO[9]=
20 29 28 35 0 24 32 38 46 18 49 45 16 17 6 25 27 34 19 23 50 39 48 1 15 31 47 3 26 21 9 36 37 2 13 7 42 22 30 33 8 10 5 11 12 40 4 43 44 14 41 
cpTO[9]=1244.489642 
ini=
 best=1205.889935 position=2
46 47 24 13 4 10 0 40 12 41 43 16 37 3 14 11 44 32 36 5 39 42 22 23 31 1 45 17 34 20 49 26 6 38 33 29 48 8 50 28 7 27 19 18 9 30 2 21 25 35 15 
solution is:428.871756.       temperature is:1.221415
Tue Dec 10 15:15:53 2013
cpTO[0]=1123.254380 
cpSO[0]=
30 21 24 13 50 46 17 11 2 27 38 39 40 41 18 6 0 29 4 45 32 9 10 36 3 12 44 14 48 1 33 42 25 47 26 7 22 5 23 20 35 49 34 19 15 8 37 28 31 43 16 
cpTO[0]=1123.254380 
cpTO[1]=1151.880453 
cpSO[1]=
50 21 45 14 1 31 6 30 25 22 28 35 15 9 36 49 33 8 44 16 37 4 18 41 43 34 11 26 23 13 0 7 47 2 19 48 29 38 32 27 42 40 20 10 5 3 46 17 39 12 24 
cpTO[1]=1151.880453 
cpTO[2]=428.871756 
cpSO[2]=
36 16 3 17 46 11 45 50 26 5 47 22 6 42 23 13 24 12 40 39 18 41 43 14 44 32 38 9 48 8 29 33 20 49 15 1 28 19 34 35 2 27 30 25 7 21 0 31 10 37 4 
cpTO[2]=428.871756 
cpTO[3]=1110.415142 
cpSO[3]=
19 30 17 29 35 42 6 25 7 47 22 11 33 20 48 9 44 43 4 45 50 23 26 2 1 36 10 27 21 34 37 15 28 0 32 38 3 14 8 49 5 24 16 31 13 46 18 41 40 39 12 
cpTO[3]=1110.415142 
cpTO[4]=1286.873093 
cpSO[4]=
31 28 42 2 4 45 10 50 38 15 18 47 5 23 6 22 39 3 32 24 13 17 41 40 44 8 48 0 33 20 29 7 34 30 1 9 27 25 19 21 49 26 36 12 43 14 16 37 11 46 35 
cpTO[4]=1286.873093 
cpTO[5]=1121.461070 
cpSO[5]=
18 31 15 10 26 6 23 45 19 20 35 4 28 34 29 1 49 33 30 27 47 8 2 21 0 36 13 5 46 11 32 43 44 48 37 25 24 42 7 50 22 38 39 40 41 14 9 16 3 17 12 
cpTO[5]=1121.461070 
cpTO[6]=1228.436616 
cpSO[6]=
45 21 15 28 1 40 47 8 29 36 0 10 34 19 50 31 22 6 7 4 2 25 42 13 23 24 33 38 46 11 9 30 27 17 48 37 39 16 44 14 43 41 3 18 32 49 20 12 5 35 26 
cpTO[6]=1228.436616 
cpTO[7]=1230.637074 
cpSO[7]=
43 38 14 48 16 33 28 35 34 15 7 47 42 40 23 20 29 8 2 25 31 37 1 30 27 17 22 24 21 19 44 45 9 4 49 36 39 18 41 10 50 26 12 3 0 46 11 32 13 5 6 
cpTO[7]=1230.637074 
cpTO[8]=1126.361356 
cpSO[8]=
33 40 46 2 15 43 36 11 41 44 32 38 14 20 28 1 19 7 35 16 23 22 21 37 49 6 10 4 0 25 47 42 13 12 39 18 26 5 17 8 48 29 9 34 30 27 50 45 3 24 31 
cpTO[8]=1126.361356 
cpTO[9]=1116.568571 
cpSO[9]=
20 29 28 35 0 24 32 38 49 45 21 47 31 1 15 48 9 16 17 26 13 3 2 37 36 39 50 23 5 11 12 10 8 33 30 22 42 7 6 25 27 34 19 46 18 40 4 43 44 14 41 
cpTO[9]=1116.568571 
ini=
 best=428.871756 position=2
36 16 3 17 46 11 45 50 26 5 47 22 6 42 23 13 24 12 40 39 18 41 43 14 44 32 38 9 48 8 29 33 20 49 15 1 28 19 34 35 2 27 30 25 7 21 0 31 10 37 4 
solution is:428.871756.       temperature is:8.811680
Tue Dec 10 15:15:57 2013
cpTO[0]=1021.946638 
cpSO[0]=
30 42 25 47 26 7 22 5 23 13 24 21 20 35 49 34 19 15 8 37 9 32 45 4 29 0 6 18 41 40 39 3 12 50 46 17 11 2 27 38 43 31 28 10 33 1 48 14 44 36 16 
cpTO[0]=1021.946638 
cpTO[1]=1015.180945 
cpSO[1]=
50 10 14 44 8 33 49 36 9 15 35 28 1 31 6 30 25 22 16 37 4 18 41 43 40 20 34 42 27 26 23 13 0 7 47 2 19 48 29 38 32 11 45 21 5 3 46 17 39 12 24 
cpTO[1]=1015.180945 
cpTO[2]=428.871756 
cpSO[2]=
49 20 33 29 8 48 9 38 32 44 14 43 41 18 39 40 12 24 13 23 42 6 22 47 5 26 50 45 11 46 17 3 16 36 4 37 10 31 0 21 7 25 30 27 2 35 34 19 28 1 15 
cpTO[2]=428.871756 
cpTO[3]=1060.278661 
cpSO[3]=
19 30 17 22 47 7 25 6 42 35 33 20 48 9 44 43 4 11 29 45 50 23 16 24 5 37 15 28 0 32 38 3 14 8 49 34 21 27 10 36 1 2 26 31 13 46 18 41 40 39 12 
cpTO[3]=1060.278661 
cpTO[4]=1074.787255 
cpSO[4]=
31 28 30 34 7 8 24 13 17 41 43 32 44 36 38 15 0 33 20 29 48 39 40 12 23 5 47 6 22 26 10 50 18 3 14 16 45 4 2 42 21 49 37 11 46 1 9 27 25 19 35 
cpTO[4]=1074.787255 
cpTO[5]=981.659401 
cpSO[5]=
18 40 39 38 20 35 21 2 15 10 41 44 43 14 48 37 50 4 28 34 29 1 49 33 30 27 47 8 31 26 6 22 23 45 19 25 24 42 7 0 11 46 5 13 36 32 9 16 3 17 12 
cpTO[5]=981.659401 
cpTO[6]=1048.236618 
cpSO[6]=
45 17 12 20 49 32 41 3 40 8 48 37 38 33 29 36 0 10 19 34 50 4 5 35 25 42 13 23 24 47 2 31 22 6 7 27 30 18 43 14 44 16 39 46 11 9 1 28 15 21 26 
cpTO[6]=1048.236618 
cpTO[7]=1040.247806 
cpSO[7]=
43 41 18 39 36 10 50 26 13 24 21 19 35 34 33 16 11 31 25 2 8 29 20 48 32 14 38 49 4 9 45 44 46 0 3 12 5 17 22 42 40 23 47 7 15 28 37 1 30 27 6 
cpTO[7]=1040.247806 
cpTO[8]=1005.665690 
cpSO[8]=
33 4 48 29 35 7 19 34 30 27 50 45 6 42 47 25 0 40 46 2 28 20 14 38 32 44 41 3 43 36 11 49 37 21 22 23 16 9 1 15 8 10 13 12 39 18 26 5 17 24 31 
cpTO[8]=1005.665690 
cpTO[9]=977.458305 
cpSO[9]=
20 29 28 35 0 24 50 23 5 11 12 10 8 33 30 2 37 36 40 18 39 32 38 49 19 34 27 25 6 7 42 22 17 26 13 3 16 9 48 15 1 31 47 21 45 46 4 43 44 14 41 
cpTO[9]=977.458305 
ini=
 best=428.871756 position=2
49 20 33 29 8 48 9 38 32 44 14 43 41 18 39 40 12 24 13 23 42 6 22 47 5 26 50 45 11 46 17 3 16 36 4 37 10 31 0 21 7 25 30 27 2 35 34 19 28 1 15 
solution is:428.871756.       temperature is:11.620726
Tue Dec 10 15:16:00 2013
cpTO[0]=1002.541573 
cpSO[0]=
30 42 25 47 26 7 22 5 24 13 23 21 20 35 49 34 19 28 31 43 38 0 6 18 41 40 39 3 12 50 46 17 11 37 9 32 45 4 29 27 2 8 15 10 33 1 48 14 44 36 16 
cpTO[0]=1002.541573 
cpTO[1]=873.521623 
cpSO[1]=
50 10 14 44 18 41 43 40 11 32 38 29 48 20 34 31 1 28 49 33 8 4 37 15 35 19 2 47 7 0 13 23 42 27 26 25 30 6 22 16 9 36 45 21 5 3 46 17 39 12 24 
cpTO[1]=873.521623 
cpTO[2]=428.871756 
cpSO[2]=
0 31 10 37 4 36 16 3 17 46 11 45 50 26 5 47 22 6 42 23 13 24 12 40 39 18 41 43 14 44 32 38 9 48 8 29 33 20 49 15 1 28 19 34 35 2 27 30 25 7 21 
cpTO[2]=428.871756 
cpTO[3]=934.256545 
cpSO[3]=
19 2 1 28 49 8 14 3 45 50 23 24 16 5 42 6 25 7 47 22 17 30 34 21 27 15 36 10 37 35 33 20 48 9 44 43 4 11 29 38 32 0 26 31 13 46 18 41 40 39 12 
cpTO[3]=934.256545 
cpTO[4]=984.133332 
cpSO[4]=
31 15 49 21 42 2 10 50 46 39 40 12 23 5 47 6 22 26 4 9 28 0 33 20 38 36 11 37 29 48 1 45 16 14 3 18 44 32 43 41 17 13 24 8 7 34 30 27 25 19 35 
cpTO[4]=984.133332 
cpTO[5]=863.346520 
cpSO[5]=
18 40 39 13 24 42 7 0 11 46 5 25 19 45 23 22 6 26 31 8 47 27 30 33 49 1 29 4 50 10 15 2 21 34 28 35 20 38 9 32 44 43 14 48 37 41 36 16 3 17 12 
cpTO[5]=863.346520 
cpTO[6]=989.233455 
cpSO[6]=
45 17 12 20 49 9 8 48 37 38 33 29 36 0 10 19 25 42 22 6 24 23 13 31 34 35 5 4 50 2 47 7 30 27 18 43 14 41 3 40 11 46 39 16 44 32 1 28 15 21 26 
cpTO[6]=989.233455 
cpTO[7]=925.996271 
cpSO[7]=
43 41 18 39 36 38 14 32 48 20 29 49 10 50 26 13 24 17 5 12 3 31 8 33 16 11 46 44 45 9 4 1 19 35 34 28 37 15 7 47 40 23 42 22 0 25 2 21 30 27 6 
cpTO[7]=925.996271 
cpTO[8]=875.544501 
cpSO[8]=
33 20 28 49 9 16 12 3 43 36 11 29 48 4 14 38 32 44 41 0 25 21 37 1 15 8 10 13 23 22 47 42 6 40 39 18 46 2 7 35 19 34 30 27 50 45 26 5 17 24 31 
cpTO[8]=875.544501 
cpTO[9]=931.024115 
cpSO[9]=
20 29 48 9 16 32 38 49 19 34 27 25 6 7 42 22 17 5 23 50 24 0 35 28 15 1 31 21 47 45 26 13 40 18 39 3 36 37 10 8 33 30 2 12 11 46 4 43 44 14 41 
cpTO[9]=931.024115 
ini=
 best=428.871756 position=2
0 31 10 37 4 36 16 3 17 46 11 45 50 26 5 47 22 6 42 23 13 24 12 40 39 18 41 43 14 44 32 38 9 48 8 29 33 20 49 15 1 28 19 34 35 2 27 30 25 7 21 
solution is:428.871756.       temperature is:3.505817
Tue Dec 10 15:16:04 2013
cpTO[0]=852.629258 
cpSO[0]=
30 42 25 47 26 7 22 5 24 13 23 31 3 12 43 18 41 40 39 6 0 37 11 17 46 50 1 2 27 21 28 19 34 49 33 8 15 10 35 20 29 38 9 32 45 4 48 14 44 36 16 
cpTO[0]=852.629258 
cpTO[1]=823.038994 
cpSO[1]=
50 45 36 9 16 22 6 30 27 26 25 42 23 13 0 21 10 14 44 18 41 43 40 11 32 38 29 48 20 19 34 15 37 4 8 33 49 28 1 31 35 2 47 7 5 3 46 17 39 12 24 
cpTO[1]=823.038994 
cpTO[2]=428.871756 
cpSO[2]=
31 0 21 7 25 30 27 2 35 34 19 28 1 15 49 20 33 29 8 48 9 38 32 44 14 43 41 18 39 40 12 24 13 23 42 6 22 47 5 26 50 45 11 46 17 3 16 36 4 37 10 
cpTO[2]=428.871756 
cpTO[3]=895.231824 
cpSO[3]=
19 2 1 28 49 8 11 4 5 42 6 25 7 47 22 17 45 50 23 24 30 34 21 27 15 36 10 37 35 33 20 48 9 44 43 16 3 14 29 38 32 0 26 31 13 46 41 18 40 39 12 
cpTO[3]=895.231824 
cpTO[4]=949.780520 
cpSO[4]=
31 15 49 1 45 46 50 10 2 42 21 48 29 37 33 20 38 36 11 0 28 9 32 44 18 3 14 16 39 40 12 23 5 47 6 22 26 4 43 41 24 13 17 8 27 30 34 7 25 19 35 
cpTO[4]=949.780520 
cpTO[5]=809.597081 
cpSO[5]=
18 40 39 13 24 42 7 30 27 47 8 19 45 23 22 6 26 31 25 5 46 11 0 1 49 33 29 4 50 10 15 2 21 35 28 34 20 38 9 32 44 43 14 48 37 41 36 16 3 17 12 
cpTO[5]=809.597081 
cpTO[6]=941.421156 
cpSO[6]=
45 11 40 3 41 14 43 18 27 30 7 47 2 29 33 38 9 48 37 8 49 20 17 12 46 39 16 44 32 1 28 15 19 25 42 22 6 24 23 13 31 34 35 5 4 50 36 0 10 21 26 
cpTO[6]=941.421156 
cpTO[7]=913.769200 
cpSO[7]=
43 41 18 39 36 38 14 32 48 20 31 47 7 15 37 28 34 35 19 1 4 9 45 44 46 11 16 33 8 29 49 10 26 13 24 17 5 12 3 50 40 23 42 22 0 25 2 21 30 27 6 
cpTO[7]=913.769200 
cpTO[8]=772.342052 
cpSO[8]=
33 20 28 49 9 29 48 4 14 38 32 44 41 18 39 40 6 42 47 22 23 13 10 8 15 1 37 21 25 0 11 36 43 3 12 16 46 24 17 5 26 45 50 27 30 34 19 35 7 2 31 
cpTO[8]=772.342052 
cpTO[9]=866.274129 
cpSO[9]=
20 29 48 9 16 32 38 49 28 34 27 25 6 7 42 22 17 5 23 24 50 0 35 19 15 33 8 10 37 36 3 39 18 40 13 26 45 47 21 31 1 30 2 4 46 11 12 43 44 14 41 
cpTO[9]=866.274129 
ini=
 best=428.871756 position=2
31 0 21 7 25 30 27 2 35 34 19 28 1 15 49 20 33 29 8 48 9 38 32 44 14 43 41 18 39 40 12 24 13 23 42 6 22 47 5 26 50 45 11 46 17 3 16 36 4 37 10 
solution is:428.871756.       temperature is:21.904754
Tue Dec 10 15:16:08 2013
cpTO[0]=823.312319 
cpSO[0]=
30 42 25 7 26 47 22 5 24 6 0 37 11 17 46 23 13 39 40 41 18 43 32 9 38 29 20 35 10 15 8 33 49 34 19 28 21 27 2 1 50 31 3 12 45 4 48 14 44 36 16 
cpTO[0]=823.312319 
cpTO[1]=815.937986 
cpSO[1]=
50 45 36 9 16 22 6 30 27 13 23 42 25 26 0 21 10 4 8 33 48 29 38 32 11 40 43 41 18 44 14 37 15 34 19 20 49 28 1 31 35 2 47 7 5 3 46 17 39 12 24 
cpTO[1]=815.937986 
cpTO[2]=428.871756 
cpSO[2]=
28 19 34 35 2 27 30 25 7 21 0 31 10 37 4 36 16 3 17 46 11 45 50 26 5 47 22 6 42 23 13 24 12 40 39 18 41 43 14 44 32 38 9 48 8 29 33 20 49 15 1 
cpTO[2]=428.871756 
cpTO[3]=843.642613 
cpSO[3]=
19 2 1 28 15 27 21 34 30 24 23 50 5 42 6 25 7 47 22 17 45 4 11 36 44 43 16 3 14 29 49 8 10 37 35 33 20 48 9 38 32 26 0 31 13 46 41 18 40 39 12 
cpTO[3]=843.642613 
cpTO[4]=928.022964 
cpSO[4]=
31 37 48 29 21 5 23 12 40 39 3 14 16 18 44 32 38 36 11 0 28 9 17 13 24 41 43 4 26 22 6 47 42 2 10 50 46 45 1 49 15 33 20 8 27 30 34 7 25 19 35 
cpTO[4]=928.022964 
cpTO[5]=741.534311 
cpSO[5]=
18 40 39 24 13 42 23 22 45 8 15 10 50 47 27 30 31 26 6 7 25 5 46 11 0 1 49 38 29 33 20 34 28 35 21 2 19 4 9 32 44 43 14 48 37 41 36 16 3 17 12 
cpTO[5]=741.534311 
cpTO[6]=862.990187 
cpSO[6]=
45 20 49 8 37 48 9 38 33 29 2 25 42 6 22 5 27 30 7 47 19 28 15 1 32 44 16 39 46 12 17 11 40 3 41 14 43 18 24 23 13 31 34 35 50 4 36 0 10 21 26 
cpTO[6]=862.990187 
cpTO[7]=864.793228 
cpSO[7]=
43 41 18 39 36 44 3 16 8 33 29 49 10 26 13 24 17 5 12 40 50 11 46 38 14 32 48 20 31 47 7 19 35 34 28 37 15 1 4 9 45 23 42 22 0 25 2 21 30 27 6 
cpTO[7]=864.793228 
cpTO[8]=733.377344 
cpSO[8]=
33 20 28 0 25 21 37 1 15 8 49 9 29 48 4 14 38 32 44 41 18 39 40 6 42 47 22 23 13 10 11 36 43 3 12 16 46 24 17 5 26 45 50 27 30 19 34 35 2 7 31 
cpTO[8]=733.377344 
cpTO[9]=840.401166 
cpSO[9]=
20 29 8 33 15 19 35 0 50 24 23 5 17 22 42 7 6 25 27 34 28 49 38 32 44 43 12 3 39 18 40 13 26 45 47 21 31 1 30 2 4 46 11 36 37 10 48 9 16 14 41 
cpTO[9]=840.401166 
ini=
 best=428.871756 position=2
28 19 34 35 2 27 30 25 7 21 0 31 10 37 4 36 16 3 17 46 11 45 50 26 5 47 22 6 42 23 13 24 12 40 39 18 41 43 14 44 32 38 9 48 8 29 33 20 49 15 1 
solution is:428.871756.       temperature is:1.272095
Tue Dec 10 15:16:11 2013
cpTO[0]=818.314137 
cpSO[0]=
30 42 25 7 26 47 22 5 11 37 0 6 24 17 46 23 13 39 40 41 18 43 32 9 38 29 20 35 10 15 8 33 49 34 19 28 21 27 2 1 50 31 3 12 45 4 48 44 14 36 16 
cpTO[0]=818.314137 
cpTO[1]=762.662772 
cpSO[1]=
50 45 36 9 16 46 3 13 23 42 25 5 7 47 10 4 8 33 48 29 38 32 11 40 43 41 18 44 14 37 15 49 20 19 34 28 1 31 35 2 21 0 26 27 30 6 22 17 39 12 24 
cpTO[1]=762.662772 
cpTO[2]=428.871756 
cpSO[2]=
22 47 5 26 50 45 11 46 17 3 16 36 4 37 10 31 0 21 7 25 30 27 2 35 34 19 28 1 15 49 20 33 29 8 48 9 38 32 44 14 43 41 18 39 40 12 24 13 23 42 6 
cpTO[2]=428.871756 
cpTO[3]=780.991154 
cpSO[3]=
19 49 29 14 3 16 43 44 36 11 4 32 38 9 48 20 33 8 10 37 35 2 1 15 28 27 21 34 30 47 7 25 6 42 5 45 17 22 31 0 26 50 23 24 13 46 41 18 40 39 12 
cpTO[3]=780.991154 
cpTO[4]=879.985034 
cpSO[4]=
31 37 48 29 9 17 13 24 41 43 4 26 21 28 0 11 36 38 32 44 18 16 14 3 39 40 12 23 5 22 6 47 42 2 10 50 46 45 1 49 15 33 20 8 27 30 34 7 25 19 35 
cpTO[4]=879.985034 
cpTO[5]=736.778421 
cpSO[5]=
18 40 39 41 37 48 14 43 44 32 9 4 19 2 21 35 28 34 20 33 29 38 49 1 0 27 30 31 26 6 7 25 5 46 11 47 50 10 15 8 45 22 23 42 13 24 36 16 3 17 12 
cpTO[5]=736.778421 
cpTO[6]=837.329155 
cpSO[6]=
45 20 49 8 37 48 9 38 33 29 2 5 22 6 42 25 27 30 7 47 32 44 16 39 46 12 17 11 18 43 14 41 3 40 24 23 13 31 35 34 15 28 19 1 10 0 36 4 50 21 26 
cpTO[6]=837.329155 
cpTO[7]=786.104370 
cpSO[7]=
43 41 18 39 36 4 31 47 22 42 23 45 10 26 13 24 17 5 12 40 50 11 46 38 14 32 48 20 1 15 37 16 3 44 9 49 29 33 8 28 34 35 19 27 30 21 2 0 25 7 6 
cpTO[7]=786.104370 
cpTO[8]=701.946749 
cpSO[8]=
33 9 29 48 4 14 38 32 44 41 18 39 40 6 42 13 23 22 47 21 25 0 28 20 49 8 15 1 37 10 11 36 43 3 12 16 46 24 17 5 26 45 50 27 30 2 35 34 19 7 31 
cpTO[8]=701.946749 
cpTO[9]=794.824405 
cpSO[9]=
20 33 8 29 15 19 35 1 21 31 2 30 47 45 26 13 24 17 23 5 22 42 7 6 25 27 34 28 49 38 32 9 48 10 37 36 11 46 4 0 50 40 18 39 3 12 43 44 16 14 41 
cpTO[9]=794.824405 
ini=
 best=428.871756 position=2
22 47 5 26 50 45 11 46 17 3 16 36 4 37 10 31 0 21 7 25 30 27 2 35 34 19 28 1 15 49 20 33 29 8 48 9 38 32 44 14 43 41 18 39 40 12 24 13 23 42 6 
solution is:428.871756.       temperature is:1.415939
Tue Dec 10 15:16:15 2013
cpTO[0]=808.704260 
cpSO[0]=
30 42 25 7 26 47 22 5 11 37 0 6 24 17 46 23 13 39 40 41 18 43 32 9 38 29 20 35 10 15 8 33 49 34 2 27 21 28 19 1 50 31 45 12 3 4 48 44 14 36 16 
cpTO[0]=808.704260 
cpTO[1]=740.246861 
cpSO[1]=
50 45 36 9 38 29 33 48 8 4 10 7 47 5 25 42 22 6 30 27 26 0 31 35 2 21 1 28 34 19 20 49 15 37 14 44 18 41 43 40 11 32 16 46 3 13 23 17 39 12 24 
cpTO[1]=740.246861 
cpTO[2]=428.871756 
cpSO[2]=
46 17 3 16 36 4 37 10 31 0 21 7 25 30 27 2 35 34 19 28 1 15 49 20 33 29 8 48 9 38 32 44 14 43 41 18 39 40 12 24 13 23 42 6 22 47 5 26 50 45 11 
cpTO[2]=428.871756 
cpTO[3]=746.173454 
cpSO[3]=
19 37 10 8 33 20 48 9 38 32 4 11 36 44 43 16 3 14 29 49 35 2 1 15 28 34 21 27 30 47 7 25 6 42 5 45 17 22 26 0 31 50 23 24 13 46 41 18 40 39 12 
cpTO[3]=746.173454 
cpTO[4]=859.661492 
cpSO[4]=
31 37 48 29 9 17 13 24 18 44 32 38 36 11 0 28 21 34 30 27 33 20 8 15 49 1 45 46 50 10 2 42 47 6 22 5 23 12 40 39 3 14 16 41 43 4 26 7 25 19 35 
cpTO[4]=859.661492 
cpTO[5]=731.804829 
cpSO[5]=
18 40 39 41 37 48 14 43 44 32 9 4 19 2 21 35 28 34 20 33 29 38 49 1 0 27 30 31 26 25 7 6 5 46 11 47 50 10 15 8 45 22 23 42 13 24 36 16 3 17 12 
cpTO[5]=731.804829 
cpTO[6]=787.842301 
cpSO[6]=
45 20 49 8 37 48 9 38 29 33 2 19 28 15 34 35 31 25 27 30 7 47 14 43 18 11 17 12 46 39 16 36 4 50 44 32 41 3 40 24 23 13 42 6 22 5 1 10 0 21 26 
cpTO[6]=787.842301 
cpTO[7]=742.148096 
cpSO[7]=
43 41 18 39 36 4 31 47 22 42 23 17 24 13 26 10 45 5 12 40 50 11 46 9 44 32 48 8 20 33 29 49 38 14 3 16 37 15 1 28 34 35 19 27 30 21 2 0 25 7 6 
cpTO[7]=742.148096 
cpTO[8]=674.121429 
cpSO[8]=
33 9 29 48 4 14 38 32 44 41 18 39 40 45 50 27 30 2 35 34 19 7 25 21 47 22 23 13 42 6 26 5 17 24 46 16 12 3 43 36 11 10 37 1 15 8 49 20 28 0 31 
cpTO[8]=674.121429 
cpTO[9]=767.464680 
cpSO[9]=
20 33 8 29 49 28 34 27 25 6 7 47 23 17 24 13 26 45 5 22 42 30 2 35 1 21 31 19 15 38 32 9 48 10 37 36 14 50 0 4 11 46 16 44 43 12 3 39 40 18 41 
cpTO[9]=767.464680 
ini=
 best=428.871756 position=2
46 17 3 16 36 4 37 10 31 0 21 7 25 30 27 2 35 34 19 28 1 15 49 20 33 29 8 48 9 38 32 44 14 43 41 18 39 40 12 24 13 23 42 6 22 47 5 26 50 45 11 
solution is:428.981647.       temperature is:5.241587
Tue Dec 10 15:16:18 2013
cpTO[0]=783.293716 
cpSO[0]=
30 42 25 7 26 47 22 5 11 37 28 19 1 50 31 45 12 3 17 24 6 0 21 27 2 34 49 33 8 15 10 35 20 29 38 9 32 43 18 41 39 40 23 13 46 4 48 44 14 36 16 
cpTO[0]=783.293716 
cpTO[1]=731.916192 
cpSO[1]=
50 45 36 9 38 29 33 48 8 4 10 7 47 5 25 42 22 6 30 27 26 0 31 35 2 21 1 28 34 19 20 49 15 37 14 44 18 41 43 32 11 40 16 46 3 13 23 17 39 12 24 
cpTO[1]=731.916192 
cpTO[2]=428.981647 
cpSO[2]=
37 4 48 9 38 32 44 14 36 16 43 41 18 39 40 12 24 13 17 3 46 11 45 50 26 5 47 22 23 42 6 25 7 30 27 2 35 34 19 28 20 33 29 8 49 15 1 21 0 31 10 
cpTO[2]=428.981647 
cpTO[3]=701.797062 
cpSO[3]=
19 37 10 8 33 20 48 9 38 32 44 43 16 3 4 11 36 14 29 49 35 2 34 28 15 1 21 27 30 47 7 25 6 42 5 22 17 45 26 0 31 50 23 24 13 46 41 18 40 39 12 
cpTO[3]=701.797062 
cpTO[4]=853.455436 
cpSO[4]=
31 37 48 29 9 17 13 24 18 44 32 38 36 11 0 28 21 34 10 50 46 45 1 49 15 8 20 33 27 30 2 25 7 26 4 43 41 16 14 3 39 40 12 23 5 22 6 47 42 19 35 
cpTO[4]=853.455436 
cpTO[5]=698.342906 
cpSO[5]=
18 40 39 41 36 24 13 42 23 22 45 8 15 10 50 5 46 11 47 6 7 25 26 31 30 27 0 1 49 38 29 33 20 34 28 35 19 2 21 4 37 48 14 43 44 32 9 16 3 17 12 
cpTO[5]=698.342906 
cpTO[6]=762.910733 
cpSO[6]=
45 20 49 8 37 48 9 38 29 33 10 1 5 22 6 42 13 23 24 40 3 41 39 46 12 17 11 18 43 14 36 4 50 44 32 16 47 7 30 27 21 0 2 19 28 15 34 35 31 25 26 
cpTO[6]=762.910733 
cpTO[7]=734.584829 
cpSO[7]=
43 41 18 39 36 14 38 49 29 33 20 8 48 32 44 16 3 4 31 47 22 42 23 17 24 13 26 10 45 5 12 40 50 11 46 9 37 15 1 28 34 35 19 27 30 21 2 0 25 7 6 
cpTO[7]=734.584829 
cpTO[8]=674.121429 
cpSO[8]=
33 9 29 48 4 14 38 32 44 41 18 39 40 45 50 27 30 2 35 34 19 7 25 21 47 22 23 13 42 6 26 5 17 24 46 16 12 3 43 36 11 10 37 1 15 8 49 20 28 0 31 
cpTO[8]=674.121429 
cpTO[9]=767.464680 
cpSO[9]=
20 33 8 29 49 28 34 27 25 6 7 47 23 17 24 13 26 45 5 22 42 30 2 35 1 21 31 19 15 38 32 9 48 10 37 36 14 50 0 4 11 46 16 44 43 12 3 39 40 18 41 
cpTO[9]=767.464680 
ini=
 best=428.981647 position=2
37 4 48 9 38 32 44 14 36 16 43 41 18 39 40 12 24 13 17 3 46 11 45 50 26 5 47 22 23 42 6 25 7 30 27 2 35 34 19 28 20 33 29 8 49 15 1 21 0 31 10 
solution is:428.871756.       temperature is:3.952777
Tue Dec 10 15:16:22 2013
cpTO[0]=774.812450 
cpSO[0]=
30 42 25 7 26 47 22 5 11 37 28 19 1 50 31 45 12 3 17 24 6 0 21 27 2 34 49 33 8 15 10 35 20 29 38 9 32 48 4 46 13 23 40 39 41 18 43 44 14 36 16 
cpTO[0]=774.812450 
cpTO[1]=707.841950 
cpSO[1]=
50 45 36 9 38 29 33 20 19 34 28 1 21 2 35 31 0 26 27 30 25 42 22 6 5 47 7 10 4 8 48 49 15 37 14 44 18 40 11 32 43 41 16 46 3 13 23 17 39 12 24 
cpTO[1]=707.841950 
cpTO[2]=428.871756 
cpSO[2]=
4 37 10 31 0 21 7 25 30 27 2 35 34 19 28 1 15 49 20 33 29 8 48 9 38 32 44 14 43 41 18 39 40 12 24 13 23 42 6 22 47 5 26 50 45 11 46 17 3 16 36 
cpTO[2]=428.871756 
cpTO[3]=657.298991 
cpSO[3]=
19 2 34 35 49 29 14 36 4 11 3 16 43 44 32 38 9 48 20 33 8 10 37 28 15 1 21 27 30 25 7 47 6 42 23 50 31 0 26 45 17 22 5 24 13 46 41 18 40 39 12 
cpTO[3]=657.298991 
cpTO[4]=787.693663 
cpSO[4]=
31 37 48 29 9 38 32 44 18 24 13 17 36 11 1 49 15 8 20 33 27 30 2 25 7 26 4 43 41 16 14 3 39 40 12 23 5 22 6 47 42 21 28 0 45 46 50 10 34 19 35 
cpTO[4]=787.693663 
cpTO[5]=660.314758 
cpSO[5]=
18 40 39 41 36 24 13 42 23 22 6 47 11 46 5 50 10 15 8 1 49 38 29 33 20 34 28 35 19 2 21 7 25 26 31 30 27 0 45 4 37 48 14 43 44 32 9 16 3 17 12 
cpTO[5]=660.314758 
cpTO[6]=739.277072 
cpSO[6]=
45 20 10 1 5 22 6 42 13 23 24 40 3 41 39 17 12 46 11 18 43 14 36 4 50 37 8 49 33 29 38 9 48 32 44 16 47 7 30 27 21 0 2 19 28 15 34 35 31 25 26 
cpTO[6]=739.277072 
cpTO[7]=729.912678 
cpSO[7]=
43 41 18 39 36 14 3 16 44 32 48 8 20 33 29 49 38 4 31 47 22 42 23 17 24 13 26 10 45 5 12 40 50 11 46 9 37 15 1 28 34 35 19 21 30 27 2 0 25 7 6 
cpTO[7]=729.912678 
cpTO[8]=648.509804 
cpSO[8]=
33 9 29 48 4 14 38 32 44 41 18 39 40 45 50 27 30 25 7 19 34 35 2 21 47 22 13 23 42 6 26 5 24 17 46 16 12 3 43 36 11 10 37 1 15 8 49 20 28 0 31 
cpTO[8]=648.509804 
cpTO[9]=753.413568 
cpSO[9]=
20 33 29 8 49 28 34 27 25 6 7 47 23 17 24 13 26 45 5 22 42 30 2 35 1 31 21 19 15 38 32 9 48 10 37 16 46 11 4 0 50 14 36 44 43 12 3 39 40 18 41 
cpTO[9]=753.413568 
ini=
 best=428.871756 position=2
4 37 10 31 0 21 7 25 30 27 2 35 34 19 28 1 15 49 20 33 29 8 48 9 38 32 44 14 43 41 18 39 40 12 24 13 23 42 6 22 47 5 26 50 45 11 46 17 3 16 36 
solution is:428.871756.       temperature is:3.505385
Tue Dec 10 15:16:25 2013
cpTO[0]=755.734035 
cpSO[0]=
30 47 26 7 25 42 22 5 31 50 1 19 28 37 11 45 12 3 17 24 6 0 10 15 8 33 49 34 2 27 21 35 20 29 38 9 32 48 4 46 13 23 40 39 41 18 43 44 14 36 16 
cpTO[0]=755.734035 
cpTO[1]=664.660755 
cpSO[1]=
50 45 37 15 49 8 48 4 10 7 47 5 17 11 40 18 44 14 36 9 38 29 33 20 19 34 28 1 21 2 35 31 0 26 27 30 25 42 6 22 23 13 3 46 16 41 43 32 39 12 24 
cpTO[1]=664.660755 
cpTO[2]=428.871756 
cpSO[2]=
19 28 1 15 49 20 33 29 8 48 9 38 32 44 14 43 41 18 39 40 12 24 13 23 42 6 22 47 5 26 50 45 11 46 17 3 16 36 4 37 10 31 0 21 7 25 30 27 2 35 34 
cpTO[2]=428.871756 
cpTO[3]=622.320533 
cpSO[3]=
19 2 34 35 1 28 15 49 20 48 9 38 32 44 43 16 3 11 4 36 14 29 33 8 10 37 21 27 30 25 7 47 6 42 23 13 24 5 22 17 45 26 0 31 50 46 41 18 40 39 12 
cpTO[3]=622.320533 
cpTO[4]=787.693663 
cpSO[4]=
31 37 48 29 9 38 32 44 18 24 13 17 36 11 1 49 15 8 20 33 27 30 2 25 7 26 4 43 41 16 14 3 39 40 12 23 5 22 6 47 42 21 28 0 45 46 50 10 34 19 35 
cpTO[4]=787.693663 
cpTO[5]=650.576222 
cpSO[5]=
18 40 39 41 36 9 32 44 43 14 48 37 4 45 0 27 30 31 26 25 7 21 2 19 35 28 34 20 33 29 38 49 1 8 15 10 50 5 46 11 47 6 22 23 42 13 24 16 3 17 12 
cpTO[5]=650.576222 
cpTO[6]=715.467306 
cpSO[6]=
45 20 10 1 5 22 6 42 13 23 24 40 3 11 4 36 14 43 18 41 39 17 12 46 50 37 8 49 33 29 38 9 48 32 44 16 47 7 25 0 2 19 28 15 34 35 31 21 27 30 26 
cpTO[6]=715.467306 
cpTO[7]=714.440165 
cpSO[7]=
43 41 18 39 36 14 3 16 44 32 48 38 49 29 33 20 8 4 26 13 24 17 23 42 22 47 31 10 45 5 12 40 46 50 11 9 37 15 1 28 34 35 19 21 30 27 2 0 25 7 6 
cpTO[7]=714.440165 
cpTO[8]=635.433065 
cpSO[8]=
33 9 29 48 4 14 38 32 44 41 18 39 40 16 12 3 43 36 46 17 24 5 26 6 42 23 13 22 47 21 2 35 34 19 7 25 30 27 50 45 11 10 37 1 15 8 49 20 28 0 31 
cpTO[8]=635.433065 
cpTO[9]=727.916431 
cpSO[9]=
20 33 29 8 49 28 34 19 21 31 1 35 2 30 7 6 25 27 15 38 32 9 48 10 37 4 11 46 16 0 50 5 22 42 47 23 17 18 40 39 3 12 24 13 26 45 14 36 44 43 41 
cpTO[9]=727.916431 
ini=
 best=428.871756 position=2
19 28 1 15 49 20 33 29 8 48 9 38 32 44 14 43 41 18 39 40 12 24 13 23 42 6 22 47 5 26 50 45 11 46 17 3 16 36 4 37 10 31 0 21 7 25 30 27 2 35 34 
solution is:428.871756.       temperature is:2.605929
Tue Dec 10 15:16:29 2013
cpTO[0]=738.653676 
cpSO[0]=
30 47 26 7 25 42 22 5 31 50 1 19 28 37 11 45 12 3 17 24 13 46 4 48 32 9 38 29 20 35 21 27 2 34 49 33 8 15 10 0 6 23 40 39 41 18 43 44 14 36 16 
cpTO[0]=738.653676 
cpTO[1]=659.447889 
cpSO[1]=
50 45 37 15 49 8 48 4 10 35 2 21 1 28 34 19 20 33 29 38 9 36 14 44 18 40 11 17 5 47 7 31 0 26 27 30 25 42 6 22 23 13 3 46 16 41 43 32 39 12 24 
cpTO[1]=659.447889 
cpTO[2]=428.871756 
cpSO[2]=
6 22 47 5 26 50 45 11 46 17 3 16 36 4 37 10 31 0 21 7 25 30 27 2 35 34 19 28 1 15 49 20 33 29 8 48 9 38 32 44 14 43 41 18 39 40 12 24 13 23 42 
cpTO[2]=428.871756 
cpTO[3]=622.320533 
cpSO[3]=
19 2 34 35 1 28 15 49 20 48 9 38 32 44 43 16 3 11 4 36 14 29 33 8 10 37 21 27 30 25 7 47 6 42 23 13 24 5 22 17 45 26 0 31 50 46 41 18 40 39 12 
cpTO[3]=622.320533 
cpTO[4]=769.693265 
cpSO[4]=
31 37 48 29 9 38 32 44 18 24 13 17 39 40 12 5 23 22 6 47 42 21 28 0 26 7 25 2 30 27 33 20 8 15 49 1 11 36 3 14 16 41 43 4 45 50 46 10 34 19 35 
cpTO[4]=769.693265 
cpTO[5]=644.560849 
cpSO[5]=
18 40 39 41 36 9 32 44 43 14 48 37 4 45 0 27 30 31 26 25 7 21 2 19 35 28 34 20 33 29 38 8 1 49 15 10 50 5 46 11 47 6 22 23 42 13 24 3 16 17 12 
cpTO[5]=644.560849 
cpTO[6]=673.769793 
cpSO[6]=
45 20 10 1 5 22 6 42 13 23 24 3 16 44 32 36 14 43 18 41 39 40 12 46 50 37 8 49 33 29 38 9 48 4 11 17 47 7 25 0 2 19 28 15 34 35 31 21 27 30 26 
cpTO[6]=673.769793 
cpTO[7]=705.538701 
cpSO[7]=
43 41 18 39 3 14 36 16 44 32 48 38 49 29 33 20 8 4 26 13 24 17 23 42 22 47 31 10 45 5 12 40 46 50 11 9 37 15 1 28 34 35 19 21 30 27 2 0 25 7 6 
cpTO[7]=705.538701 
cpTO[8]=611.586440 
cpSO[8]=
33 9 29 48 4 14 38 32 44 41 18 39 40 16 3 12 43 36 46 17 24 5 26 6 42 23 13 22 47 21 2 35 34 19 27 30 25 7 50 45 11 37 10 1 15 8 49 20 28 0 31 
cpTO[8]=611.586440 
cpTO[9]=708.941746 
cpSO[9]=
20 33 29 15 1 35 2 30 7 6 25 27 0 16 46 11 4 37 10 48 9 32 38 8 49 28 34 19 21 31 50 5 22 42 47 23 17 18 40 39 3 12 24 13 26 45 14 36 44 43 41 
cpTO[9]=708.941746 
ini=
 best=428.871756 position=2
6 22 47 5 26 50 45 11 46 17 3 16 36 4 37 10 31 0 21 7 25 30 27 2 35 34 19 28 1 15 49 20 33 29 8 48 9 38 32 44 14 43 41 18 39 40 12 24 13 23 42 
solution is:428.871756.       temperature is:1.893661
Tue Dec 10 15:16:32 2013
cpTO[0]=719.523179 
cpSO[0]=
30 47 26 7 25 42 22 5 31 10 0 6 23 40 39 41 18 12 45 11 50 1 19 28 37 15 8 20 35 2 27 21 34 49 33 29 38 9 32 48 4 46 13 24 17 3 43 44 14 36 16 
cpTO[0]=719.523179 
cpTO[1]=654.584613 
cpSO[1]=
50 45 37 15 49 8 48 4 10 35 2 21 1 28 34 19 20 33 29 38 9 36 14 44 18 40 11 17 5 47 7 26 0 31 27 30 25 42 6 22 23 13 3 46 16 41 43 32 39 12 24 
cpTO[1]=654.584613 
cpTO[2]=428.871756 
cpSO[2]=
38 9 48 8 29 33 20 49 15 1 28 19 34 35 2 27 30 25 7 21 0 31 10 37 4 36 16 3 17 46 11 45 50 26 5 47 22 6 42 23 13 24 12 40 39 18 41 43 14 44 32 
cpTO[2]=428.871756 
cpTO[3]=601.542560 
cpSO[3]=
19 2 34 35 28 1 15 49 20 33 29 14 36 4 11 3 16 43 44 32 38 9 48 8 10 37 21 27 30 25 7 47 6 42 23 13 24 5 22 17 45 26 0 31 50 46 41 18 39 40 12 
cpTO[3]=601.542560 
cpTO[4]=730.200605 
cpSO[4]=
31 37 48 29 9 38 32 44 14 16 41 43 4 45 50 1 15 49 8 20 33 27 30 2 25 7 26 0 28 21 42 22 6 47 23 5 12 40 39 17 13 24 18 3 36 11 46 10 34 19 35 
cpTO[4]=730.200605 
cpTO[5]=613.847003 
cpSO[5]=
18 40 39 41 14 43 44 32 9 36 48 37 4 45 0 27 30 31 26 47 5 46 11 50 10 49 15 1 8 38 29 33 20 34 28 35 19 2 21 7 25 6 22 23 42 13 24 3 16 17 12 
cpTO[5]=613.847003 
cpTO[6]=644.572603 
cpSO[6]=
45 20 10 31 0 25 7 47 17 5 22 6 42 13 23 24 3 16 44 32 36 14 43 18 41 39 40 12 46 50 37 8 49 33 29 38 9 48 4 11 1 35 34 15 28 19 2 21 27 30 26 
cpTO[6]=644.572603 
cpTO[7]=686.802256 
cpSO[7]=
43 41 18 39 3 14 36 16 44 32 48 38 49 29 33 20 8 4 26 5 45 10 31 47 22 42 23 17 24 13 12 40 46 50 11 9 37 15 1 28 34 35 19 21 30 27 2 0 25 7 6 
cpTO[7]=686.802256 
cpTO[8]=596.139313 
cpSO[8]=
33 9 29 48 4 14 38 32 44 41 18 39 40 16 3 46 36 43 12 17 24 13 23 42 6 26 5 22 47 21 2 35 34 19 27 30 25 7 50 45 11 37 10 1 15 8 49 20 28 0 31 
cpTO[8]=596.139313 
cpTO[9]=701.024235 
cpSO[9]=
20 33 29 15 1 35 2 30 7 6 42 22 5 50 31 21 19 34 28 49 8 38 32 9 48 10 37 4 11 46 16 0 27 25 47 23 17 18 40 39 3 12 24 13 26 45 14 36 44 43 41 
cpTO[9]=701.024235 
ini=
 best=428.871756 position=2
38 9 48 8 29 33 20 49 15 1 28 19 34 35 2 27 30 25 7 21 0 31 10 37 4 36 16 3 17 46 11 45 50 26 5 47 22 6 42 23 13 24 12 40 39 18 41 43 14 44 32 
solution is:428.871756.       temperature is:2.130005
Tue Dec 10 15:16:36 2013
cpTO[0]=714.667318 
cpSO[0]=
30 47 26 50 11 45 12 18 41 39 40 23 6 0 10 31 5 22 42 25 7 1 19 28 37 15 8 20 35 2 27 21 34 49 33 29 38 9 32 48 4 46 13 24 17 3 43 44 14 36 16 
cpTO[0]=714.667318 
cpTO[1]=654.584613 
cpSO[1]=
50 45 37 15 49 8 48 4 10 35 2 21 1 28 34 19 20 33 29 38 9 36 14 44 18 40 11 17 5 47 7 26 0 31 27 30 25 42 6 22 23 13 3 46 16 41 43 32 39 12 24 
cpTO[1]=654.584613 
cpTO[2]=428.871756 
cpSO[2]=
47 5 26 50 45 11 46 17 3 16 36 4 37 10 31 0 21 7 25 30 27 2 35 34 19 28 1 15 49 20 33 29 8 48 9 38 32 44 14 43 41 18 39 40 12 24 13 23 42 6 22 
cpTO[2]=428.871756 
cpTO[3]=601.542560 
cpSO[3]=
19 2 34 35 28 1 15 49 20 33 29 14 36 4 11 3 16 43 44 32 38 9 48 8 10 37 21 27 30 25 7 47 6 42 23 13 24 5 22 17 45 26 0 31 50 46 41 18 39 40 12 
cpTO[3]=601.542560 
cpTO[4]=719.753898 
cpSO[4]=
31 37 48 29 9 38 32 44 14 16 41 43 3 18 39 17 13 24 40 12 5 23 47 6 22 42 21 28 0 26 7 25 2 30 27 33 20 8 49 15 1 50 45 4 36 11 46 10 34 19 35 
cpTO[4]=719.753898 
cpTO[5]=609.206477 
cpSO[5]=
18 40 39 41 14 43 44 32 9 36 48 37 4 45 0 27 30 21 2 19 35 28 34 20 33 29 38 8 1 15 49 10 50 11 46 5 47 26 31 7 25 6 22 23 42 13 24 3 16 17 12 
cpTO[5]=609.206477 
cpTO[6]=629.813036 
cpSO[6]=
45 20 10 31 0 25 7 47 17 5 22 6 42 13 23 24 3 16 44 32 36 14 43 41 18 39 40 12 46 50 37 8 49 33 29 38 9 48 4 11 15 34 35 1 28 19 2 21 27 30 26 
cpTO[6]=629.813036 
cpTO[7]=671.662320 
cpSO[7]=
43 46 50 11 16 36 14 3 39 18 41 40 12 13 24 17 23 42 22 47 31 10 45 5 26 4 8 20 33 29 49 38 48 32 44 9 37 15 1 28 34 35 19 21 30 27 2 0 25 7 6 
cpTO[7]=671.662320 
cpTO[8]=579.575991 
cpSO[8]=
33 9 29 48 4 14 38 32 44 41 43 36 46 3 16 18 39 40 12 17 24 13 23 42 6 26 5 22 47 21 2 35 34 19 27 30 25 7 50 45 11 37 10 1 15 8 49 20 28 0 31 
cpTO[8]=579.575991 
cpTO[9]=690.945294 
cpSO[9]=
20 33 29 49 28 34 19 21 31 50 5 22 42 6 7 0 16 46 11 4 37 10 48 9 32 38 8 15 1 35 2 30 27 25 47 23 17 18 40 39 3 12 24 13 26 45 14 36 44 43 41 
cpTO[9]=690.945294 
ini=
 best=428.871756 position=2
47 5 26 50 45 11 46 17 3 16 36 4 37 10 31 0 21 7 25 30 27 2 35 34 19 28 1 15 49 20 33 29 8 48 9 38 32 44 14 43 41 18 39 40 12 24 13 23 42 6 22 
solution is:428.871756.       temperature is:3.139396
Tue Dec 10 15:16:39 2013
cpTO[0]=707.438457 
cpSO[0]=
30 47 26 50 11 45 3 17 24 13 46 4 48 9 32 38 29 33 49 34 21 27 2 35 20 8 15 37 28 19 1 7 25 42 22 5 31 10 0 6 23 40 39 41 18 12 43 44 14 36 16 
cpTO[0]=707.438457 
cpTO[1]=627.607450 
cpSO[1]=
50 45 37 15 49 8 48 4 10 28 1 21 2 35 34 19 20 33 29 38 9 36 14 44 18 40 11 17 5 47 7 26 0 31 27 30 25 42 6 22 23 13 3 46 16 41 43 32 39 12 24 
cpTO[1]=627.607450 
cpTO[2]=428.871756 
cpSO[2]=
48 9 38 32 44 14 43 41 18 39 40 12 24 13 23 42 6 22 47 5 26 50 45 11 46 17 3 16 36 4 37 10 31 0 21 7 25 30 27 2 35 34 19 28 1 15 49 20 33 29 8 
cpTO[2]=428.871756 
cpTO[3]=598.460213 
cpSO[3]=
19 2 34 35 28 1 15 49 20 33 29 14 36 4 11 3 16 43 44 32 38 9 48 8 10 37 21 27 30 25 7 47 6 42 23 24 13 5 22 17 45 26 0 31 50 46 41 18 39 40 12 
cpTO[3]=598.460213 
cpTO[4]=702.795867 
cpSO[4]=
31 37 48 9 29 38 32 44 14 16 41 43 3 18 39 17 13 24 40 12 5 23 47 6 22 42 21 10 46 11 36 4 45 50 1 15 49 8 20 33 27 30 2 25 7 26 0 28 34 19 35 
cpTO[4]=702.795867 
cpTO[5]=609.206477 
cpSO[5]=
18 40 39 41 14 43 44 32 9 36 48 37 4 45 0 27 30 21 2 19 35 28 34 20 33 29 38 8 1 15 49 10 50 11 46 5 47 26 31 7 25 6 22 23 42 13 24 3 16 17 12 
cpTO[5]=609.206477 
cpTO[6]=595.470813 
cpSO[6]=
45 50 46 12 40 39 18 41 43 14 36 32 44 16 3 24 17 5 22 6 42 13 23 47 7 25 0 31 10 20 37 8 49 33 29 38 9 48 4 11 15 34 35 1 28 19 2 21 27 30 26 
cpTO[6]=595.470813 
cpTO[7]=671.662320 
cpSO[7]=
43 46 50 11 16 36 14 3 39 18 41 40 12 13 24 17 23 42 22 47 31 10 45 5 26 4 8 20 33 29 49 38 48 32 44 9 37 15 1 28 34 35 19 21 30 27 2 0 25 7 6 
cpTO[7]=671.662320 
cpTO[8]=570.464229 
cpSO[8]=
33 9 29 48 4 14 38 32 44 41 43 36 46 3 16 18 39 40 12 17 24 13 23 42 6 26 5 22 47 7 25 30 27 19 34 35 2 21 50 45 11 37 10 1 15 8 49 20 28 0 31 
cpTO[8]=570.464229 
cpTO[9]=689.484154 
cpSO[9]=
20 33 29 49 28 34 19 21 31 50 5 22 42 6 7 0 16 46 11 4 37 10 48 9 32 38 8 15 1 35 2 30 27 25 47 23 17 18 40 39 12 3 24 13 26 45 14 36 44 43 41 
cpTO[9]=689.484154 
ini=
 best=428.871756 position=2
48 9 38 32 44 14 43 41 18 39 40 12 24 13 23 42 6 22 47 5 26 50 45 11 46 17 3 16 36 4 37 10 31 0 21 7 25 30 27 2 35 34 19 28 1 15 49 20 33 29 8 
solution is:428.871756.       temperature is:2.462876
Tue Dec 10 15:16:43 2013
cpTO[0]=706.572308 
cpSO[0]=
30 47 26 50 13 24 17 3 45 11 46 5 22 42 25 7 1 19 28 37 15 8 20 35 2 27 21 34 49 33 29 38 32 9 48 4 31 10 0 6 23 40 39 41 18 12 43 44 14 36 16 
cpTO[0]=706.572308 
cpTO[1]=610.854249 
cpSO[1]=
50 45 37 15 49 8 48 4 10 28 1 21 2 35 34 19 20 33 29 38 9 32 43 41 16 46 3 13 23 22 6 42 25 30 27 31 0 26 7 47 5 17 11 40 18 44 14 36 39 12 24 
cpTO[1]=610.854249 
cpTO[2]=428.871756 
cpSO[2]=
40 12 24 13 23 42 6 22 47 5 26 50 45 11 46 17 3 16 36 4 37 10 31 0 21 7 25 30 27 2 35 34 19 28 1 15 49 20 33 29 8 48 9 38 32 44 14 43 41 18 39 
cpTO[2]=428.871756 
cpTO[3]=580.326658 
cpSO[3]=
19 2 34 35 28 1 10 37 21 27 30 25 7 47 6 42 23 24 13 17 22 5 45 26 0 31 50 46 11 4 36 14 29 33 20 49 15 8 48 9 38 32 44 43 16 3 41 18 39 40 12 
cpTO[3]=580.326658 
cpTO[4]=681.228355 
cpSO[4]=
31 37 48 9 29 38 32 44 14 16 41 43 3 18 39 17 13 24 40 12 23 5 47 6 22 42 21 10 46 11 36 4 45 50 1 0 26 7 25 2 30 27 15 49 8 20 33 28 34 19 35 
cpTO[4]=681.228355 
cpTO[5]=607.602691 
cpSO[5]=
18 40 39 41 14 43 44 32 9 36 48 37 4 45 0 27 30 21 2 19 35 28 34 20 33 29 38 8 1 15 49 10 50 11 46 5 47 26 31 7 25 6 42 23 22 13 24 3 16 17 12 
cpTO[5]=607.602691 
cpTO[6]=590.175730 
cpSO[6]=
45 50 46 12 40 39 18 41 43 14 36 32 44 16 3 24 17 5 23 13 42 6 22 47 7 25 0 31 10 20 37 8 49 33 29 38 9 48 4 11 15 34 35 1 28 19 2 21 27 30 26 
cpTO[6]=590.175730 
cpTO[7]=667.746185 
cpSO[7]=
43 46 45 10 31 47 22 42 23 17 24 13 12 40 41 18 39 3 14 36 16 11 50 5 26 4 8 20 33 29 49 38 48 44 32 9 37 15 1 28 34 35 19 21 30 27 2 0 25 7 6 
cpTO[7]=667.746185 
cpTO[8]=567.001946 
cpSO[8]=
33 9 29 48 4 14 38 32 44 41 43 36 46 3 16 18 39 40 12 17 24 13 23 42 6 26 21 2 35 34 19 27 30 25 7 47 22 5 50 45 11 37 10 1 15 8 49 20 28 0 31 
cpTO[8]=567.001946 
cpTO[9]=685.428250 
cpSO[9]=
20 33 29 8 38 32 9 48 10 37 4 11 46 16 0 7 6 42 22 5 50 31 21 19 34 28 49 15 1 35 2 30 27 25 47 23 17 18 40 39 12 3 24 13 26 45 14 36 44 43 41 
cpTO[9]=685.428250 
ini=
 best=428.871756 position=2
40 12 24 13 23 42 6 22 47 5 26 50 45 11 46 17 3 16 36 4 37 10 31 0 21 7 25 30 27 2 35 34 19 28 1 15 49 20 33 29 8 48 9 38 32 44 14 43 41 18 39 
solution is:428.871756.       temperature is:1.405941
Tue Dec 10 15:16:46 2013
cpTO[0]=697.047199 
cpSO[0]=
30 47 26 50 13 24 17 3 45 11 46 5 22 6 0 10 31 4 48 9 32 38 29 33 49 34 21 27 2 35 20 8 15 37 28 19 1 7 25 42 23 18 41 39 40 12 43 44 14 36 16 
cpTO[0]=697.047199 
cpTO[1]=603.568540 
cpSO[1]=
50 45 4 48 8 49 15 37 10 28 1 21 2 35 34 19 20 33 29 38 9 32 43 41 16 46 17 5 47 7 26 0 31 27 30 25 42 6 22 23 13 3 11 40 18 44 14 36 39 12 24 
cpTO[1]=603.568540 
cpTO[2]=428.871756 
cpSO[2]=
3 17 46 11 45 50 26 5 47 22 6 42 23 13 24 12 40 39 18 41 43 14 44 32 38 9 48 8 29 33 20 49 15 1 28 19 34 35 2 27 30 25 7 21 0 31 10 37 4 36 16 
cpTO[2]=428.871756 
cpTO[3]=580.326658 
cpSO[3]=
19 2 34 35 28 1 10 37 21 27 30 25 7 47 6 42 23 24 13 17 22 5 45 26 0 31 50 46 11 4 36 14 29 33 20 49 15 8 48 9 38 32 44 43 16 3 41 18 39 40 12 
cpTO[3]=580.326658 
cpTO[4]=680.082178 
cpSO[4]=
31 37 48 9 29 38 32 44 14 16 41 39 18 3 43 17 13 24 40 12 23 5 47 6 22 42 21 10 46 11 36 4 45 50 1 0 26 7 25 2 30 27 15 49 8 20 33 28 34 19 35 
cpTO[4]=680.082178 
cpTO[5]=607.602691 
cpSO[5]=
18 40 39 41 14 43 44 32 9 36 48 37 4 45 0 27 30 21 2 19 35 28 34 20 33 29 38 8 1 15 49 10 50 11 46 5 47 26 31 7 25 6 42 23 22 13 24 3 16 17 12 
cpTO[5]=607.602691 
cpTO[6]=576.468012 
cpSO[6]=
45 50 46 12 40 39 18 41 44 32 43 14 36 16 3 24 17 5 23 13 42 6 22 47 7 25 0 31 10 37 20 8 49 33 29 38 9 48 4 11 15 34 35 1 28 19 2 21 27 30 26 
cpTO[6]=576.468012 
cpTO[7]=658.950476 
cpSO[7]=
43 46 16 36 14 3 39 18 41 40 12 13 24 17 23 42 22 47 31 10 45 11 50 5 26 4 8 20 49 29 33 38 48 44 32 9 37 15 1 28 34 35 19 21 30 27 2 0 25 7 6 
cpTO[7]=658.950476 
cpTO[8]=567.001946 
cpSO[8]=
33 9 29 48 4 14 38 32 44 41 43 36 46 3 16 18 39 40 12 17 24 13 23 42 6 26 21 2 35 34 19 27 30 25 7 47 22 5 50 45 11 37 10 1 15 8 49 20 28 0 31 
cpTO[8]=567.001946 
cpTO[9]=679.541702 
cpSO[9]=
20 33 29 8 38 32 9 48 10 37 4 11 46 16 0 7 27 30 2 35 1 15 49 28 34 19 21 31 50 5 22 42 6 25 47 23 17 18 40 39 12 3 24 13 26 45 14 36 44 43 41 
cpTO[9]=679.541702 
ini=
 best=428.871756 position=2
3 17 46 11 45 50 26 5 47 22 6 42 23 13 24 12 40 39 18 41 43 14 44 32 38 9 48 8 29 33 20 49 15 1 28 19 34 35 2 27 30 25 7 21 0 31 10 37 4 36 16 
solution is:428.871756.       temperature is:4.479755
Tue Dec 10 15:16:50 2013
cpTO[0]=697.047199 
cpSO[0]=
30 47 26 50 13 24 17 3 45 11 46 5 22 6 0 10 31 4 48 9 32 38 29 33 49 34 21 27 2 35 20 8 15 37 28 19 1 7 25 42 23 18 41 39 40 12 43 44 14 36 16 
cpTO[0]=697.047199 
cpTO[1]=603.568540 
cpSO[1]=
50 45 4 48 8 49 15 37 10 28 1 21 2 35 34 19 20 33 29 38 9 32 43 41 16 46 17 5 47 7 26 0 31 27 30 25 42 6 22 23 13 3 11 40 18 44 14 36 39 12 24 
cpTO[1]=603.568540 
cpTO[2]=428.871756 
cpSO[2]=
22 47 5 26 50 45 11 46 17 3 16 36 4 37 10 31 0 21 7 25 30 27 2 35 34 19 28 1 15 49 20 33 29 8 48 9 38 32 44 14 43 41 18 39 40 12 24 13 23 42 6 
cpTO[2]=428.871756 
cpTO[3]=576.607224 
cpSO[3]=
19 2 34 35 28 1 10 37 21 27 30 25 7 47 6 42 23 24 17 13 22 5 45 26 0 31 50 46 11 4 36 14 29 33 20 49 15 8 48 9 38 32 44 43 16 3 41 18 39 40 12 
cpTO[3]=576.607224 
cpTO[4]=642.702691 
cpSO[4]=
31 50 45 4 36 11 46 10 21 5 47 6 22 42 23 12 40 24 13 17 43 3 18 39 41 16 14 44 32 38 29 9 48 37 1 0 26 7 25 2 30 27 15 49 8 20 33 28 19 34 35 
cpTO[4]=642.702691 
cpTO[5]=593.466037 
cpSO[5]=
18 40 39 41 14 43 44 32 9 36 48 37 4 45 26 47 5 46 11 50 10 49 15 1 8 38 29 33 20 34 28 19 35 2 21 30 27 0 31 7 25 6 42 23 22 13 24 3 16 17 12 
cpTO[5]=593.466037 
cpTO[6]=572.461865 
cpSO[6]=
45 50 46 12 40 39 18 41 44 32 43 14 36 16 3 24 17 13 23 5 42 6 22 47 7 25 0 31 10 37 20 8 49 33 29 38 9 48 4 11 15 34 35 1 28 19 2 21 27 30 26 
cpTO[6]=572.461865 
cpTO[7]=639.920641 
cpSO[7]=
43 46 16 36 14 3 39 18 41 40 12 13 24 17 23 42 22 47 31 10 45 11 50 5 26 4 8 20 49 29 33 38 32 44 9 48 37 15 1 28 34 35 19 21 30 27 2 0 25 7 6 
cpTO[7]=639.920641 
cpTO[8]=567.001946 
cpSO[8]=
33 9 29 48 4 14 38 32 44 41 43 36 46 3 16 18 39 40 12 17 24 13 23 42 6 26 21 2 35 34 19 27 30 25 7 47 22 5 50 45 11 37 10 1 15 8 49 20 28 0 31 
cpTO[8]=567.001946 
cpTO[9]=666.277090 
cpSO[9]=
20 33 8 29 38 32 9 48 10 37 4 11 46 16 31 21 19 34 28 49 15 1 35 2 30 27 7 0 50 13 24 3 12 39 40 18 17 23 5 22 42 6 25 47 26 45 14 36 44 43 41 
cpTO[9]=666.277090 
ini=
 best=428.871756 position=2
22 47 5 26 50 45 11 46 17 3 16 36 4 37 10 31 0 21 7 25 30 27 2 35 34 19 28 1 15 49 20 33 29 8 48 9 38 32 44 14 43 41 18 39 40 12 24 13 23 42 6 
solution is:428.871756.       temperature is:18.718341
Tue Dec 10 15:16:53 2013
cpTO[0]=682.922005 
cpSO[0]=
30 47 26 50 13 24 17 3 45 11 46 5 22 6 0 10 31 4 48 9 32 38 29 33 49 34 19 1 21 28 37 15 8 20 35 2 27 7 25 42 23 18 41 39 40 12 43 44 14 36 16 
cpTO[0]=682.922005 
cpTO[1]=597.089742 
cpSO[1]=
50 45 4 48 8 49 15 37 10 28 1 21 2 35 34 19 20 33 29 38 9 32 14 44 18 40 11 5 47 7 26 0 31 27 30 25 42 6 22 23 13 3 17 46 16 41 43 36 39 12 24 
cpTO[1]=597.089742 
cpTO[2]=428.871756 
cpSO[2]=
6 22 47 5 26 50 45 11 46 17 3 16 36 4 37 10 31 0 21 7 25 30 27 2 35 34 19 28 1 15 49 20 33 29 8 48 9 38 32 44 14 43 41 18 39 40 12 24 13 23 42 
cpTO[2]=428.871756 
cpTO[3]=574.607224 
cpSO[3]=
19 2 34 35 28 1 10 37 21 27 30 25 7 47 6 42 23 24 17 13 22 5 45 31 0 26 50 46 11 4 36 14 29 33 20 49 15 8 48 9 38 32 44 43 16 3 41 18 39 40 12 
cpTO[3]=574.607224 
cpTO[4]=639.611716 
cpSO[4]=
31 50 45 4 36 11 46 10 21 5 47 22 6 42 23 12 40 24 13 17 43 3 18 39 41 16 14 44 32 38 29 9 48 37 1 0 26 7 25 2 30 27 15 49 8 20 33 28 19 34 35 
cpTO[4]=639.611716 
cpTO[5]=584.703623 
cpSO[5]=
18 40 39 41 14 43 44 32 9 36 48 37 4 45 26 47 5 24 13 22 23 42 6 25 7 31 0 27 30 21 2 35 19 28 34 20 33 29 38 8 1 15 49 10 50 11 46 3 16 17 12 
cpTO[5]=584.703623 
cpTO[6]=565.382937 
cpSO[6]=
45 50 46 12 40 39 18 41 43 32 44 14 36 16 3 24 17 13 23 5 42 6 22 47 7 25 0 31 10 37 20 8 49 33 29 38 9 48 4 11 15 34 35 1 28 19 2 21 27 30 26 
cpTO[6]=565.382937 
cpTO[7]=639.920641 
cpSO[7]=
43 46 16 36 14 3 39 18 41 40 12 13 24 17 23 42 22 47 31 10 45 11 50 5 26 4 8 20 49 29 33 38 32 44 9 48 37 15 1 28 34 35 19 21 30 27 2 0 25 7 6 
cpTO[7]=639.920641 
cpTO[8]=539.763922 
cpSO[8]=
33 29 9 48 4 14 38 32 44 41 43 36 46 3 16 18 39 40 12 17 24 13 23 42 6 22 47 7 25 30 27 19 34 35 2 21 26 5 50 45 11 37 10 1 15 8 49 20 28 0 31 
cpTO[8]=539.763922 
cpTO[9]=666.277090 
cpSO[9]=
20 33 8 29 38 32 9 48 10 37 4 11 46 16 31 21 19 34 28 49 15 1 35 2 30 27 7 0 50 13 24 3 12 39 40 18 17 23 5 22 42 6 25 47 26 45 14 36 44 43 41 
cpTO[9]=666.277090 
ini=
 best=428.871756 position=2
6 22 47 5 26 50 45 11 46 17 3 16 36 4 37 10 31 0 21 7 25 30 27 2 35 34 19 28 1 15 49 20 33 29 8 48 9 38 32 44 14 43 41 18 39 40 12 24 13 23 42 
solution is:428.871756.       temperature is:45.791065
Tue Dec 10 15:16:57 2013
cpTO[0]=681.706417 
cpSO[0]=
30 47 26 50 13 24 17 3 45 11 46 5 22 6 0 10 31 4 48 9 32 38 29 33 49 34 19 1 21 28 37 15 8 20 35 2 27 7 25 42 23 41 18 39 40 12 43 44 14 36 16 
cpTO[0]=681.706417 
cpTO[1]=584.551569 
cpSO[1]=
50 45 4 48 8 49 15 37 10 28 1 21 2 35 34 19 20 33 29 38 9 32 14 44 43 41 16 46 11 5 47 7 26 0 31 27 30 25 42 6 22 23 13 3 17 40 18 36 39 12 24 
cpTO[1]=584.551569 
cpTO[2]=428.871756 
cpSO[2]=
45 11 46 17 3 16 36 4 37 10 31 0 21 7 25 30 27 2 35 34 19 28 1 15 49 20 33 29 8 48 9 38 32 44 14 43 41 18 39 40 12 24 13 23 42 6 22 47 5 26 50 
cpTO[2]=428.871756 
cpTO[3]=574.607224 
cpSO[3]=
19 2 34 35 28 1 10 37 21 27 30 25 7 47 6 42 23 24 17 13 22 5 45 31 0 26 50 46 11 4 36 14 29 33 20 49 15 8 48 9 38 32 44 43 16 3 41 18 39 40 12 
cpTO[3]=574.607224 
cpTO[4]=623.923774 
cpSO[4]=
31 50 45 4 36 11 46 10 21 0 1 15 27 30 2 25 7 26 5 47 22 6 42 23 12 40 24 13 17 43 3 18 39 41 16 14 44 32 38 29 9 48 37 49 8 20 33 28 19 34 35 
cpTO[4]=623.923774 
cpTO[5]=568.593205 
cpSO[5]=
18 40 39 41 14 43 44 32 38 29 33 20 19 28 34 35 2 21 30 27 0 31 7 25 6 42 23 22 13 24 5 47 26 45 4 37 48 36 9 8 1 15 49 10 50 11 46 3 16 17 12 
cpTO[5]=568.593205 
cpTO[6]=565.382937 
cpSO[6]=
45 50 46 12 40 39 18 41 43 32 44 14 36 16 3 24 17 13 23 5 42 6 22 47 7 25 0 31 10 37 20 8 49 33 29 38 9 48 4 11 15 34 35 1 28 19 2 21 27 30 26 
cpTO[6]=565.382937 
cpTO[7]=630.432792 
cpSO[7]=
43 46 16 36 14 3 39 18 41 40 12 13 24 17 23 42 22 47 5 50 45 11 10 31 26 4 8 20 49 29 33 38 32 44 9 48 37 15 1 28 34 35 19 21 30 27 2 0 25 7 6 
cpTO[7]=630.432792 
cpTO[8]=539.763922 
cpSO[8]=
33 29 9 48 4 14 38 32 44 41 43 36 46 3 16 18 39 40 12 17 24 13 23 42 6 22 47 7 25 30 27 19 34 35 2 21 26 5 50 45 11 37 10 1 15 8 49 20 28 0 31 
cpTO[8]=539.763922 
cpTO[9]=666.239792 
cpSO[9]=
20 33 8 29 38 32 9 48 10 37 4 11 46 16 50 0 7 27 30 2 35 1 15 49 28 34 19 21 31 13 24 3 12 39 40 18 17 23 5 22 42 6 25 47 26 45 14 36 44 43 41 
cpTO[9]=666.239792 
ini=
 best=428.871756 position=2
45 11 46 17 3 16 36 4 37 10 31 0 21 7 25 30 27 2 35 34 19 28 1 15 49 20 33 29 8 48 9 38 32 44 14 43 41 18 39 40 12 24 13 23 42 6 22 47 5 26 50 
solution is:428.981647.       temperature is:2.806138
Tue Dec 10 15:17:01 2013
The average run time for the algorithm is : 3.537350
The average solution for the algorithm is : 428.882745
The maxx solution for the algorithm is : 428.981647
 The minn solution for the algorithm is : 428.871756 
The average error for the algorithm is : 0.006767
