var1=:0.999995205
var2=:0.999990409
a=0.004489
cpTO[0]=358288.643467 
cpSO[0]=
49 144 190 166 62 79 199 127 42 39 82 188 16 1 11 197 47 115 78 156 59 164 54 146 100 90 74 120 23 151 10 61 173 172 85 56 112 98 22 161 179 50 86 44 40 110 154 130 20 170 52 184 143 35 158 75 160 196 139 93 163 155 69 153 13 67 136 64 97 106 31 88 3 94 177 36 102 65 33 24 95 72 123 122 135 126 176 129 189 6 41 169 192 87 9 134 71 111 84 60 140 187 57 19 128 132 17 25 21 68 195 105 142 113 53 96 45 104 125 55 117 108 168 150 178 80 182 148 66 180 14 175 109 165 83 76 121 191 107 194 38 77 181 2 193 131 8 133 103 147 141 152 91 167 101 185 89 149 30 119 198 99 43 157 18 29 28 7 124 174 183 162 0 48 46 58 63 12 92 81 116 34 171 5 138 118 159 51 15 4 73 26 37 137 114 32 70 145 186 27 
cpTO[0]=358288.643467 
cpTO[1]=319880.145544 
cpSO[1]=
63 80 60 46 113 50 26 182 149 98 86 193 81 27 93 2 82 28 120 109 111 74 56 48 5 188 189 42 88 177 72 183 70 4 29 34 130 173 38 191 99 190 69 174 30 142 37 100 84 170 51 35 197 164 62 150 7 147 172 66 89 58 119 198 95 161 153 192 39 103 0 92 186 43 171 181 139 155 21 40 194 138 75 32 73 41 94 1 179 195 154 23 104 141 151 125 90 127 136 16 199 185 106 6 121 110 108 175 124 3 122 132 79 117 13 83 47 14 52 143 20 128 96 152 61 163 19 53 165 64 77 10 118 91 25 24 116 76 169 68 129 168 166 180 44 12 114 9 137 33 148 115 123 187 17 65 134 71 22 126 49 157 105 158 45 36 78 107 8 146 67 145 112 31 184 178 140 156 176 11 167 102 131 97 54 159 87 57 144 160 162 59 55 18 15 85 101 135 196 133 
cpTO[1]=319880.145544 
cpTO[2]=341019.976358 
cpSO[2]=
31 43 35 156 39 63 189 69 173 186 19 46 75 79 110 169 144 26 170 85 98 48 13 190 163 3 198 148 132 45 191 1 195 147 57 197 180 151 37 108 25 91 74 154 27 142 96 102 192 33 29 61 120 30 138 84 103 194 34 62 109 115 24 133 152 111 21 164 158 162 131 141 145 143 59 137 56 72 199 185 4 10 86 40 68 38 60 177 127 95 140 32 165 12 9 118 126 105 168 36 139 134 136 101 172 181 116 150 11 175 179 17 92 135 160 130 0 52 73 41 67 171 49 42 8 82 193 22 44 81 16 97 153 104 122 55 15 112 50 121 47 188 54 125 114 78 66 94 93 159 6 28 149 71 123 196 157 182 51 107 176 23 146 14 58 174 113 99 83 183 100 88 70 106 90 18 64 2 80 7 77 89 76 87 155 53 161 20 124 65 128 117 129 184 5 187 119 167 166 178 
cpTO[2]=341019.976358 
cpTO[3]=341019.976358 
cpSO[3]=
31 43 35 156 39 63 189 69 173 186 19 46 75 79 110 169 144 26 170 85 98 48 13 190 163 3 198 148 132 45 191 1 195 147 57 197 180 151 37 108 25 91 74 154 27 142 96 102 192 33 29 61 120 30 138 84 103 194 34 62 109 115 24 133 152 111 21 164 158 162 131 141 145 143 59 137 56 72 199 185 4 10 86 40 68 38 60 177 127 95 140 32 165 12 9 118 126 105 168 36 139 134 136 101 172 181 116 150 11 175 179 17 92 135 160 130 0 52 73 41 67 171 49 42 8 82 193 22 44 81 16 97 153 104 122 55 15 112 50 121 47 188 54 125 114 78 66 94 93 159 6 28 149 71 123 196 157 182 51 107 176 23 146 14 58 174 113 99 83 183 100 88 70 106 90 18 64 2 80 7 77 89 76 87 155 53 161 20 124 65 128 117 129 184 5 187 119 167 166 178 
cpTO[3]=341019.976358 
cpTO[4]=341019.976358 
cpSO[4]=
31 43 35 156 39 63 189 69 173 186 19 46 75 79 110 169 144 26 170 85 98 48 13 190 163 3 198 148 132 45 191 1 195 147 57 197 180 151 37 108 25 91 74 154 27 142 96 102 192 33 29 61 120 30 138 84 103 194 34 62 109 115 24 133 152 111 21 164 158 162 131 141 145 143 59 137 56 72 199 185 4 10 86 40 68 38 60 177 127 95 140 32 165 12 9 118 126 105 168 36 139 134 136 101 172 181 116 150 11 175 179 17 92 135 160 130 0 52 73 41 67 171 49 42 8 82 193 22 44 81 16 97 153 104 122 55 15 112 50 121 47 188 54 125 114 78 66 94 93 159 6 28 149 71 123 196 157 182 51 107 176 23 146 14 58 174 113 99 83 183 100 88 70 106 90 18 64 2 80 7 77 89 76 87 155 53 161 20 124 65 128 117 129 184 5 187 119 167 166 178 
cpTO[4]=341019.976358 
cpTO[5]=310034.232850 
cpSO[5]=
90 99 143 91 88 20 137 63 1 151 29 177 55 49 16 148 18 190 71 87 199 172 117 57 65 89 120 157 61 59 7 150 107 111 142 101 66 195 38 160 138 32 134 128 98 183 56 85 152 46 31 187 79 48 121 52 169 125 76 51 118 35 188 45 43 139 12 129 133 83 182 44 84 54 17 104 97 36 26 153 69 124 140 13 3 15 163 34 42 6 116 68 14 161 155 141 105 185 24 189 8 149 40 95 136 60 77 74 30 131 114 122 191 154 41 19 145 108 2 184 192 119 81 144 78 175 53 171 194 75 167 0 10 100 67 62 86 135 110 197 94 168 162 130 58 103 80 47 164 5 127 64 37 126 123 106 21 196 50 102 82 181 72 28 146 174 9 173 193 176 92 159 166 198 22 165 147 132 27 93 23 33 25 156 73 39 109 4 70 112 180 115 178 170 113 186 179 96 11 158 
cpTO[5]=310034.232850 
cpTO[6]=345697.574079 
cpSO[6]=
143 35 2 31 155 51 28 174 106 19 34 120 139 172 180 123 187 78 142 171 20 102 91 132 130 145 170 27 107 167 109 125 138 156 126 186 178 189 193 92 33 163 146 80 21 39 52 16 60 151 181 1 43 154 10 22 69 11 103 116 49 129 141 55 26 192 158 127 196 122 44 112 162 101 58 15 165 81 62 177 5 164 94 117 184 53 54 71 86 85 56 73 190 118 32 198 82 14 37 63 61 40 59 57 36 153 93 169 133 72 48 135 23 121 150 41 175 67 8 119 42 88 111 98 25 90 199 29 195 38 188 147 7 17 87 79 161 45 64 115 46 183 3 24 97 157 50 108 144 76 182 70 136 173 68 166 160 137 77 65 99 18 159 84 6 89 104 191 30 134 176 149 152 140 197 66 148 124 179 75 83 12 47 128 9 74 4 114 100 105 95 131 185 110 113 13 194 168 96 0 
cpTO[6]=345697.574079 
cpTO[7]=347201.014442 
cpSO[7]=
117 93 159 56 55 105 146 12 36 41 178 141 90 10 184 153 115 21 81 97 70 76 136 27 172 137 87 57 5 14 163 111 197 17 66 84 106 108 179 42 193 154 104 44 79 170 119 126 71 8 120 43 92 144 189 139 40 53 162 181 0 31 45 185 161 80 89 58 128 147 140 4 6 127 135 113 75 96 168 39 171 74 61 134 177 24 101 114 160 112 145 38 91 68 26 131 165 20 3 192 195 88 83 156 7 148 77 102 15 138 19 59 23 67 22 100 72 33 11 62 107 125 85 132 37 198 194 133 110 164 1 183 69 78 182 46 99 118 82 158 65 150 174 50 16 151 54 18 124 86 122 152 48 180 34 60 103 63 187 173 51 157 13 142 32 64 121 191 129 123 166 49 28 47 52 143 130 98 186 116 30 35 109 175 25 149 167 176 190 199 196 155 169 95 9 94 2 73 188 29 
cpTO[7]=347201.014442 
cpTO[8]=334875.663034 
cpSO[8]=
30 23 43 42 160 135 67 100 139 15 64 44 18 95 186 0 7 167 84 185 147 79 104 193 80 75 31 102 12 162 61 140 88 71 170 13 181 52 132 11 154 128 171 183 3 173 195 27 110 99 116 172 6 134 93 77 4 143 24 113 149 144 141 47 118 148 22 187 178 91 145 74 97 5 158 156 166 21 106 35 107 111 72 98 50 57 121 73 137 8 9 188 115 89 10 155 179 94 174 190 133 96 138 159 19 198 26 78 70 196 14 119 76 39 20 17 37 197 48 86 177 182 32 54 16 59 68 58 146 127 66 168 112 38 136 25 123 114 175 126 117 82 92 28 161 125 51 157 129 63 164 165 60 192 152 105 108 69 34 189 36 142 122 83 109 85 184 33 163 40 55 41 1 53 46 2 169 191 49 103 56 81 194 120 124 151 65 180 176 90 131 87 153 150 62 45 199 29 130 101 
cpTO[8]=334875.663034 
cpTO[9]=328793.021320 
cpSO[9]=
79 147 118 110 142 198 108 63 129 101 132 188 113 112 171 117 96 17 94 65 80 172 85 162 91 35 109 104 119 77 144 173 36 93 183 150 43 143 100 163 97 195 154 102 20 103 155 88 145 135 70 22 107 45 157 66 196 41 21 30 121 19 199 84 1 185 81 146 187 164 25 7 13 92 58 42 16 151 184 14 134 95 165 15 76 98 48 186 71 182 23 177 170 197 122 60 167 83 39 181 74 52 169 69 9 57 168 193 190 38 141 191 10 32 87 105 160 34 75 26 67 82 6 12 49 128 126 130 61 4 175 192 149 0 99 55 2 140 176 46 137 106 37 59 8 131 51 159 64 68 166 47 53 56 189 125 123 111 90 180 27 139 114 50 29 174 178 152 54 194 3 179 62 33 127 28 156 24 5 153 120 124 78 133 115 116 148 72 158 73 86 18 31 44 40 136 161 89 138 11 
cpTO[9]=328793.021320 
times: 0
cpTO[0]=37785.333568 
cpSO[0]=
49 112 132 175 194 181 93 75 69 143 90 149 167 1 180 124 160 150 53 5 186 30 66 161 63 19 134 41 54 185 111 119 46 126 108 106 156 79 76 157 192 127 166 59 100 3 162 92 105 148 189 36 183 28 17 109 48 11 45 171 120 39 146 190 26 197 64 176 12 159 78 14 122 144 84 0 131 110 52 114 116 173 158 23 31 25 135 60 137 123 8 77 198 6 81 117 15 178 62 50 193 121 169 10 51 86 125 95 165 83 47 115 187 43 152 65 118 196 44 174 9 13 98 18 91 103 164 96 80 32 99 155 179 130 141 191 35 56 73 107 68 188 72 2 58 40 88 67 34 168 29 20 163 139 153 101 22 172 184 94 138 85 136 42 104 4 195 177 151 55 70 37 38 129 71 82 61 74 133 21 154 182 7 145 128 113 97 102 142 16 24 89 33 57 140 170 199 87 147 27 
cpTO[0]=37785.333568 
cpTO[1]=37483.988036 
cpSO[1]=
63 161 159 19 54 134 41 185 119 46 111 126 154 182 7 16 24 89 33 142 102 145 128 97 113 57 140 170 199 87 147 27 38 129 71 82 61 49 138 70 37 195 55 151 177 4 136 42 104 85 132 175 112 194 181 94 93 75 69 90 149 22 143 101 163 139 20 153 88 2 72 58 40 29 166 127 59 3 162 100 13 191 107 68 130 188 141 56 35 73 179 99 32 44 155 196 80 96 103 164 83 51 10 86 125 95 165 47 187 115 121 169 43 62 193 50 15 178 123 117 137 8 77 81 6 198 25 60 135 31 23 158 173 120 45 171 48 92 105 148 98 18 9 174 91 118 152 65 189 17 109 36 183 28 11 146 39 131 110 116 114 52 0 84 144 190 26 192 197 122 14 78 12 176 66 30 64 79 150 157 76 160 124 180 67 168 34 1 172 167 184 53 186 5 108 156 106 74 21 133 
cpTO[1]=37483.988036 
cpTO[2]=35936.955282 
cpSO[2]=
31 135 60 36 25 198 6 81 77 8 137 123 117 50 193 187 115 121 169 47 10 83 51 86 125 95 165 164 103 96 80 44 196 32 73 99 155 35 56 174 91 9 98 13 191 3 100 127 192 59 107 141 179 130 188 68 2 72 58 29 67 168 22 143 69 75 101 163 139 20 153 88 40 166 157 76 79 64 186 150 160 124 180 1 34 167 172 149 90 94 93 181 194 112 175 132 136 42 104 4 195 177 151 55 70 27 37 38 129 71 61 82 138 85 49 184 53 108 74 21 133 128 145 147 87 113 97 199 170 140 57 102 142 89 33 24 16 7 182 154 111 126 185 134 41 54 161 19 63 66 119 106 156 5 46 30 176 12 159 78 14 144 84 190 122 197 26 146 105 92 162 11 39 131 52 0 116 114 110 158 23 173 120 45 171 109 28 183 17 48 189 148 18 118 65 152 43 62 15 178 
cpTO[2]=35936.955282 
cpTO[3]=38315.168333 
cpSO[3]=
31 135 60 137 25 198 6 81 77 8 123 183 28 45 171 120 173 114 52 0 84 144 26 197 122 14 159 161 78 63 19 41 134 185 54 66 30 46 119 126 111 106 108 156 154 182 74 53 5 186 61 71 129 70 195 177 151 55 37 27 147 87 199 170 140 57 142 89 33 24 16 7 21 133 145 128 102 113 97 38 82 49 138 85 4 104 42 136 132 112 175 194 181 94 184 167 172 22 143 149 90 93 75 69 101 153 20 139 163 67 168 1 34 180 124 150 160 29 157 76 79 64 176 12 192 127 166 40 88 72 2 58 188 130 179 155 99 32 80 96 196 44 35 56 73 141 68 107 9 91 174 13 191 100 59 146 11 39 190 131 110 116 158 23 109 17 48 105 92 162 3 148 98 18 189 36 117 15 62 43 187 50 193 121 115 83 169 47 165 95 125 86 51 10 164 103 118 152 65 178 
cpTO[3]=38315.168333 
cpTO[4]=36299.987399 
cpSO[4]=
31 23 135 28 109 48 162 92 105 18 98 174 9 91 118 65 152 62 50 193 115 187 43 121 169 47 83 10 51 86 125 95 165 103 164 196 44 96 80 32 155 99 73 56 35 107 68 141 179 130 188 58 72 2 153 88 40 29 67 168 34 124 180 1 49 184 167 172 22 163 139 20 101 75 69 143 149 90 94 93 181 194 112 175 132 42 104 195 151 55 177 4 136 85 138 70 129 71 61 82 74 108 5 106 119 111 154 182 21 133 7 145 102 142 16 24 89 33 57 140 170 199 147 37 38 27 87 97 113 128 53 186 156 126 185 134 41 54 19 63 161 159 78 144 0 52 114 116 110 158 173 171 45 120 39 11 146 131 84 190 26 197 122 14 12 176 66 30 46 64 150 160 79 76 157 166 127 192 59 100 3 191 13 148 189 17 183 36 60 25 198 6 81 77 8 137 123 117 15 178 
cpTO[4]=36299.987399 
cpTO[5]=38449.180117 
cpSO[5]=
90 149 172 22 168 67 29 166 192 127 2 72 58 40 88 153 20 139 163 101 69 143 75 194 181 112 132 175 136 42 104 4 151 55 177 195 85 138 94 93 49 167 184 61 82 71 129 38 70 37 27 147 87 199 170 140 57 97 113 102 145 7 16 24 89 33 142 128 133 21 74 182 154 111 126 185 41 134 19 63 54 119 46 106 30 156 108 5 53 186 150 124 180 1 34 160 157 76 79 64 66 161 159 78 176 12 14 122 197 26 131 52 0 84 144 190 39 11 146 59 100 3 191 13 56 35 99 155 179 130 188 68 141 107 73 32 44 80 96 125 86 95 165 47 65 152 43 187 193 50 15 62 115 121 169 83 10 51 164 103 196 118 91 9 174 98 148 105 162 92 18 189 178 117 36 60 135 137 123 8 77 81 6 198 25 31 23 120 45 48 17 109 28 183 171 173 110 114 116 158 
cpTO[5]=38449.180117 
cpTO[6]=38914.600217 
cpSO[6]=
143 149 90 93 69 75 101 20 153 72 2 58 40 88 163 139 22 172 167 184 49 85 195 70 37 55 151 177 4 104 42 136 132 175 112 194 181 94 138 61 82 71 129 38 27 147 97 87 199 140 57 170 113 128 145 102 33 89 142 24 16 7 133 21 182 74 154 111 126 185 119 66 30 46 156 106 108 53 5 186 160 76 157 127 192 14 122 197 146 39 131 84 190 26 144 159 63 19 134 41 54 161 78 12 176 64 79 150 124 180 1 34 67 168 29 166 68 188 141 130 179 99 155 96 80 32 73 35 56 107 59 100 3 13 191 105 162 92 11 48 109 28 183 36 137 123 117 15 178 62 50 193 121 115 187 43 83 169 51 10 165 86 125 95 164 103 47 65 152 118 91 196 44 174 9 98 18 148 189 17 171 45 120 60 25 198 6 81 77 8 135 31 23 158 173 110 116 114 52 0 
cpTO[6]=38914.600217 
cpTO[7]=39901.151667 
cpSO[7]=
117 15 62 187 43 121 193 50 115 152 65 178 189 191 13 3 100 59 127 166 40 88 72 2 58 188 141 68 107 130 179 73 56 35 44 155 99 32 80 96 196 164 125 86 95 165 51 10 83 169 47 103 91 18 148 105 98 9 174 118 109 28 183 60 135 6 198 25 8 81 77 137 123 36 17 48 92 162 146 39 11 45 171 120 31 23 158 173 110 116 114 0 52 131 84 144 190 197 122 26 192 157 76 64 176 12 14 78 159 30 66 161 63 19 134 41 54 119 185 126 16 24 142 89 33 102 145 7 128 87 199 170 140 57 97 113 147 27 37 38 129 70 55 151 177 195 4 104 42 136 132 112 175 194 181 167 172 22 168 34 67 1 124 180 160 79 150 186 108 5 106 156 46 111 154 182 21 133 74 53 184 61 82 71 49 138 85 94 93 90 149 143 69 75 101 153 20 139 163 29 
cpTO[7]=39901.151667 
cpTO[8]=39050.523883 
cpSO[8]=
30 46 156 108 5 53 186 79 64 150 160 124 180 1 34 168 167 149 143 69 75 85 138 94 90 93 181 194 112 175 132 136 42 4 104 151 55 177 195 129 97 113 170 140 57 33 89 142 24 16 7 74 106 111 154 182 21 133 145 128 102 38 199 87 147 27 37 70 71 82 61 49 184 172 22 67 29 157 76 40 166 127 192 26 197 122 12 176 66 119 126 185 134 41 54 161 19 63 159 78 14 144 190 84 146 39 131 0 114 116 110 52 158 23 120 173 45 171 28 183 36 60 135 31 25 198 6 81 77 8 137 123 117 15 178 62 50 193 187 43 115 121 169 51 10 83 47 165 95 86 125 164 103 80 96 155 99 32 44 196 174 9 98 148 105 11 162 13 191 59 100 3 92 48 109 17 189 18 65 152 118 91 35 56 73 107 141 68 130 179 188 72 2 58 88 153 139 163 20 101 
cpTO[8]=39050.523883 
cpTO[9]=37461.899501 
cpSO[9]=
79 76 160 180 124 186 150 64 30 156 5 53 108 106 74 111 119 46 161 63 19 159 197 26 144 131 110 116 114 52 0 84 190 122 14 78 12 176 66 54 134 41 185 126 154 182 21 133 7 16 24 33 89 142 145 102 140 57 170 199 147 70 129 71 138 94 93 90 149 143 69 75 181 194 112 175 132 42 136 85 4 104 55 151 177 195 37 38 27 87 97 113 128 82 61 184 49 167 1 34 168 29 67 172 22 101 20 139 163 153 88 40 166 157 127 58 72 2 188 179 130 68 141 107 191 92 48 17 109 36 183 28 171 45 120 158 173 23 31 25 198 6 81 77 8 60 135 137 123 117 15 178 62 43 187 50 193 115 121 169 47 83 10 51 95 125 86 165 164 103 118 65 152 196 44 80 96 155 73 56 99 32 35 13 174 9 91 98 18 189 148 105 162 3 100 59 192 146 39 11 
cpTO[9]=37461.899501 
ini=
 best=35936.955282 position=2
31 135 60 36 25 198 6 81 77 8 137 123 117 50 193 187 115 121 169 47 10 83 51 86 125 95 165 164 103 96 80 44 196 32 73 99 155 35 56 174 91 9 98 13 191 3 100 127 192 59 107 141 179 130 188 68 2 72 58 29 67 168 22 143 69 75 101 163 139 20 153 88 40 166 157 76 79 64 186 150 160 124 180 1 34 167 172 149 90 94 93 181 194 112 175 132 136 42 104 4 195 177 151 55 70 27 37 38 129 71 61 82 138 85 49 184 53 108 74 21 133 128 145 147 87 113 97 199 170 140 57 102 142 89 33 24 16 7 182 154 111 126 185 134 41 54 161 19 63 66 119 106 156 5 46 30 176 12 159 78 14 144 84 190 122 197 26 146 105 92 162 11 39 131 52 0 116 114 110 158 23 173 120 45 171 109 28 183 17 48 189 148 18 118 65 152 43 62 15 178 
solution is:29424.633091.       temperature is:0.205674
Mon Dec 09 19:35:02 2013
cpTO[0]=37785.333568 
cpSO[0]=
49 112 132 175 194 181 93 75 69 143 90 149 167 1 180 124 160 150 53 5 186 30 66 161 63 19 134 41 54 185 111 119 46 126 108 106 156 79 76 157 192 127 166 59 100 3 162 92 105 148 189 36 183 28 17 109 48 11 45 171 120 39 146 190 26 197 64 176 12 159 78 14 122 144 84 0 131 110 52 114 116 173 158 23 31 25 135 60 137 123 8 77 198 6 81 117 15 178 62 50 193 121 169 10 51 86 125 95 165 83 47 115 187 43 152 65 118 196 44 174 9 13 98 18 91 103 164 96 80 32 99 155 179 130 141 191 35 56 73 107 68 188 72 2 58 40 88 67 34 168 29 20 163 139 153 101 22 172 184 94 138 85 136 42 104 4 195 177 151 55 70 37 38 129 71 82 61 74 133 21 154 182 7 145 128 113 97 102 142 16 24 89 33 57 140 170 199 87 147 27 
cpTO[0]=37785.333568 
cpTO[1]=37483.988036 
cpSO[1]=
63 161 159 19 54 134 41 185 119 46 111 126 154 182 7 16 24 89 33 142 102 145 128 97 113 57 140 170 199 87 147 27 38 129 71 82 61 49 138 70 37 195 55 151 177 4 136 42 104 85 132 175 112 194 181 94 93 75 69 90 149 22 143 101 163 139 20 153 88 2 72 58 40 29 166 127 59 3 162 100 13 191 107 68 130 188 141 56 35 73 179 99 32 44 155 196 80 96 103 164 83 51 10 86 125 95 165 47 187 115 121 169 43 62 193 50 15 178 123 117 137 8 77 81 6 198 25 60 135 31 23 158 173 120 45 171 48 92 105 148 98 18 9 174 91 118 152 65 189 17 109 36 183 28 11 146 39 131 110 116 114 52 0 84 144 190 26 192 197 122 14 78 12 176 66 30 64 79 150 157 76 160 124 180 67 168 34 1 172 167 184 53 186 5 108 156 106 74 21 133 
cpTO[1]=37483.988036 
cpTO[2]=29424.633091 
cpSO[2]=
19 63 161 159 78 12 14 122 197 26 190 144 84 131 0 52 114 116 110 39 146 11 45 171 120 173 158 23 31 135 60 25 198 6 81 77 8 137 123 117 15 50 193 62 43 187 115 121 169 47 83 10 51 86 125 95 165 164 103 96 80 196 44 32 155 99 73 56 35 174 9 91 98 18 118 65 152 178 36 183 28 109 17 48 189 148 105 92 162 3 100 59 191 13 107 68 141 179 130 188 72 2 58 40 88 163 139 153 20 101 75 69 143 22 172 149 90 94 93 181 194 112 175 132 136 42 104 4 177 151 55 195 85 138 49 167 184 61 82 71 129 70 37 38 27 147 87 113 97 199 170 140 57 33 89 24 16 142 102 145 128 133 21 7 154 182 74 106 156 108 5 53 186 150 160 124 180 1 34 168 67 29 166 127 192 157 76 79 64 176 66 30 46 119 111 126 185 134 41 54 
cpTO[2]=29424.633091 
cpTO[3]=38315.168333 
cpSO[3]=
31 135 60 137 25 198 6 81 77 8 123 183 28 45 171 120 173 114 52 0 84 144 26 197 122 14 159 161 78 63 19 41 134 185 54 66 30 46 119 126 111 106 108 156 154 182 74 53 5 186 61 71 129 70 195 177 151 55 37 27 147 87 199 170 140 57 142 89 33 24 16 7 21 133 145 128 102 113 97 38 82 49 138 85 4 104 42 136 132 112 175 194 181 94 184 167 172 22 143 149 90 93 75 69 101 153 20 139 163 67 168 1 34 180 124 150 160 29 157 76 79 64 176 12 192 127 166 40 88 72 2 58 188 130 179 155 99 32 80 96 196 44 35 56 73 141 68 107 9 91 174 13 191 100 59 146 11 39 190 131 110 116 158 23 109 17 48 105 92 162 3 148 98 18 189 36 117 15 62 43 187 50 193 121 115 83 169 47 165 95 125 86 51 10 164 103 118 152 65 178 
cpTO[3]=38315.168333 
cpTO[4]=36299.987399 
cpSO[4]=
31 23 135 28 109 48 162 92 105 18 98 174 9 91 118 65 152 62 50 193 115 187 43 121 169 47 83 10 51 86 125 95 165 103 164 196 44 96 80 32 155 99 73 56 35 107 68 141 179 130 188 58 72 2 153 88 40 29 67 168 34 124 180 1 49 184 167 172 22 163 139 20 101 75 69 143 149 90 94 93 181 194 112 175 132 42 104 195 151 55 177 4 136 85 138 70 129 71 61 82 74 108 5 106 119 111 154 182 21 133 7 145 102 142 16 24 89 33 57 140 170 199 147 37 38 27 87 97 113 128 53 186 156 126 185 134 41 54 19 63 161 159 78 144 0 52 114 116 110 158 173 171 45 120 39 11 146 131 84 190 26 197 122 14 12 176 66 30 46 64 150 160 79 76 157 166 127 192 59 100 3 191 13 148 189 17 183 36 60 25 198 6 81 77 8 137 123 117 15 178 
cpTO[4]=36299.987399 
cpTO[5]=38449.180117 
cpSO[5]=
90 149 172 22 168 67 29 166 192 127 2 72 58 40 88 153 20 139 163 101 69 143 75 194 181 112 132 175 136 42 104 4 151 55 177 195 85 138 94 93 49 167 184 61 82 71 129 38 70 37 27 147 87 199 170 140 57 97 113 102 145 7 16 24 89 33 142 128 133 21 74 182 154 111 126 185 41 134 19 63 54 119 46 106 30 156 108 5 53 186 150 124 180 1 34 160 157 76 79 64 66 161 159 78 176 12 14 122 197 26 131 52 0 84 144 190 39 11 146 59 100 3 191 13 56 35 99 155 179 130 188 68 141 107 73 32 44 80 96 125 86 95 165 47 65 152 43 187 193 50 15 62 115 121 169 83 10 51 164 103 196 118 91 9 174 98 148 105 162 92 18 189 178 117 36 60 135 137 123 8 77 81 6 198 25 31 23 120 45 48 17 109 28 183 171 173 110 114 116 158 
cpTO[5]=38449.180117 
cpTO[6]=38914.600217 
cpSO[6]=
143 149 90 93 69 75 101 20 153 72 2 58 40 88 163 139 22 172 167 184 49 85 195 70 37 55 151 177 4 104 42 136 132 175 112 194 181 94 138 61 82 71 129 38 27 147 97 87 199 140 57 170 113 128 145 102 33 89 142 24 16 7 133 21 182 74 154 111 126 185 119 66 30 46 156 106 108 53 5 186 160 76 157 127 192 14 122 197 146 39 131 84 190 26 144 159 63 19 134 41 54 161 78 12 176 64 79 150 124 180 1 34 67 168 29 166 68 188 141 130 179 99 155 96 80 32 73 35 56 107 59 100 3 13 191 105 162 92 11 48 109 28 183 36 137 123 117 15 178 62 50 193 121 115 187 43 83 169 51 10 165 86 125 95 164 103 47 65 152 118 91 196 44 174 9 98 18 148 189 17 171 45 120 60 25 198 6 81 77 8 135 31 23 158 173 110 116 114 52 0 
cpTO[6]=38914.600217 
cpTO[7]=39901.151667 
cpSO[7]=
117 15 62 187 43 121 193 50 115 152 65 178 189 191 13 3 100 59 127 166 40 88 72 2 58 188 141 68 107 130 179 73 56 35 44 155 99 32 80 96 196 164 125 86 95 165 51 10 83 169 47 103 91 18 148 105 98 9 174 118 109 28 183 60 135 6 198 25 8 81 77 137 123 36 17 48 92 162 146 39 11 45 171 120 31 23 158 173 110 116 114 0 52 131 84 144 190 197 122 26 192 157 76 64 176 12 14 78 159 30 66 161 63 19 134 41 54 119 185 126 16 24 142 89 33 102 145 7 128 87 199 170 140 57 97 113 147 27 37 38 129 70 55 151 177 195 4 104 42 136 132 112 175 194 181 167 172 22 168 34 67 1 124 180 160 79 150 186 108 5 106 156 46 111 154 182 21 133 74 53 184 61 82 71 49 138 85 94 93 90 149 143 69 75 101 153 20 139 163 29 
cpTO[7]=39901.151667 
cpTO[8]=39050.523883 
cpSO[8]=
30 46 156 108 5 53 186 79 64 150 160 124 180 1 34 168 167 149 143 69 75 85 138 94 90 93 181 194 112 175 132 136 42 4 104 151 55 177 195 129 97 113 170 140 57 33 89 142 24 16 7 74 106 111 154 182 21 133 145 128 102 38 199 87 147 27 37 70 71 82 61 49 184 172 22 67 29 157 76 40 166 127 192 26 197 122 12 176 66 119 126 185 134 41 54 161 19 63 159 78 14 144 190 84 146 39 131 0 114 116 110 52 158 23 120 173 45 171 28 183 36 60 135 31 25 198 6 81 77 8 137 123 117 15 178 62 50 193 187 43 115 121 169 51 10 83 47 165 95 86 125 164 103 80 96 155 99 32 44 196 174 9 98 148 105 11 162 13 191 59 100 3 92 48 109 17 189 18 65 152 118 91 35 56 73 107 141 68 130 179 188 72 2 58 88 153 139 163 20 101 
cpTO[8]=39050.523883 
cpTO[9]=37461.899501 
cpSO[9]=
79 76 160 180 124 186 150 64 30 156 5 53 108 106 74 111 119 46 161 63 19 159 197 26 144 131 110 116 114 52 0 84 190 122 14 78 12 176 66 54 134 41 185 126 154 182 21 133 7 16 24 33 89 142 145 102 140 57 170 199 147 70 129 71 138 94 93 90 149 143 69 75 181 194 112 175 132 42 136 85 4 104 55 151 177 195 37 38 27 87 97 113 128 82 61 184 49 167 1 34 168 29 67 172 22 101 20 139 163 153 88 40 166 157 127 58 72 2 188 179 130 68 141 107 191 92 48 17 109 36 183 28 171 45 120 158 173 23 31 25 198 6 81 77 8 60 135 137 123 117 15 178 62 43 187 50 193 115 121 169 47 83 10 51 95 125 86 165 164 103 118 65 152 196 44 80 96 155 73 56 99 32 35 13 174 9 91 98 18 189 148 105 162 3 100 59 192 146 39 11 
cpTO[9]=37461.899501 
times: 1
cpTO[0]=33935.919620 
cpSO[0]=
49 184 167 1 180 124 160 150 186 53 5 156 108 106 126 111 46 119 185 134 41 54 19 63 161 66 30 64 79 76 157 166 127 192 59 100 3 162 92 105 148 189 48 17 109 28 183 36 120 171 45 11 146 39 190 26 197 12 176 159 78 14 122 144 84 131 0 52 110 114 116 173 158 23 31 25 135 60 137 77 198 6 81 8 123 117 15 178 62 50 193 121 169 10 51 86 125 95 165 83 47 115 187 43 152 65 118 91 18 98 13 35 56 73 141 68 107 191 9 174 196 44 103 164 96 80 32 99 155 179 130 188 72 2 58 40 88 29 67 34 168 163 139 20 153 101 22 172 149 90 143 69 75 181 194 175 132 112 93 94 138 85 136 42 104 4 195 177 151 55 70 37 38 129 71 82 61 74 154 182 21 133 7 145 128 113 97 102 142 16 24 89 33 57 140 170 199 87 147 27 
cpTO[0]=33935.919620 
cpTO[1]=33840.495220 
cpSO[1]=
63 19 159 161 54 41 134 185 126 119 46 111 154 182 74 106 156 108 5 186 53 184 167 172 22 168 67 34 1 180 124 150 160 76 157 79 64 30 66 176 12 78 14 122 197 59 100 3 162 92 105 148 189 118 91 9 174 98 18 13 191 107 141 68 188 130 179 73 56 35 99 155 32 44 196 80 96 103 164 165 95 125 86 51 10 83 47 169 121 115 187 152 65 43 62 193 50 15 178 117 123 137 8 77 81 6 198 25 60 135 31 23 158 173 120 171 45 48 17 109 36 183 28 11 146 39 131 110 116 114 52 0 84 144 190 26 192 127 166 29 40 58 2 72 88 153 20 139 163 101 143 149 90 69 75 93 94 181 194 112 175 132 85 136 42 104 4 177 151 55 195 37 70 138 49 61 82 71 129 38 27 147 87 199 170 140 57 97 113 128 145 102 33 89 142 24 16 7 21 133 
cpTO[1]=33840.495220 
cpTO[2]=29392.511268 
cpSO[2]=
19 63 161 159 78 12 14 122 197 26 190 144 84 131 0 52 114 116 110 39 146 11 45 171 120 173 158 23 31 135 60 25 198 6 81 77 8 137 123 117 15 50 193 62 43 187 115 121 169 47 83 10 51 86 125 95 165 164 103 96 80 196 44 32 155 99 73 56 35 174 9 91 98 18 118 65 152 178 36 183 28 109 17 48 189 148 105 92 162 3 100 59 191 13 107 68 141 179 130 188 72 2 58 40 88 153 20 139 163 101 75 69 143 22 172 149 90 94 93 181 194 112 175 132 136 42 104 4 177 151 55 195 85 138 49 167 184 61 82 71 129 70 37 38 27 147 87 113 97 199 170 140 57 33 89 24 16 142 102 145 128 133 21 7 154 182 74 106 156 108 5 53 186 150 160 124 180 1 34 168 67 29 166 127 192 157 76 79 64 176 66 30 46 119 111 126 185 134 41 54 
cpTO[2]=29392.511268 
cpTO[3]=34586.652831 
cpSO[3]=
31 23 158 173 120 45 171 109 17 48 11 146 39 131 114 116 110 52 0 84 144 190 26 197 122 14 78 161 159 63 19 134 41 185 54 66 30 46 119 126 111 74 182 154 106 108 156 186 5 53 61 82 38 97 113 102 145 128 133 21 7 16 24 142 89 33 57 140 170 199 87 147 27 37 55 151 177 195 70 129 71 49 138 85 4 104 42 136 132 175 112 194 181 94 184 167 172 22 143 149 90 93 75 69 101 153 20 139 163 168 67 34 1 180 124 150 160 29 157 76 79 64 176 12 192 127 166 40 88 58 2 72 188 130 179 155 99 32 80 96 44 196 35 56 73 141 68 107 13 174 9 91 18 98 191 100 59 3 162 92 105 148 189 183 28 60 135 137 25 198 6 81 77 8 123 36 117 15 62 43 187 50 193 115 121 169 51 10 83 47 165 86 125 95 164 103 118 65 152 178 
cpTO[3]=34586.652831 
cpTO[4]=33278.950164 
cpSO[4]=
31 23 135 28 109 48 162 92 105 148 13 191 3 100 59 192 127 166 157 76 79 64 66 176 12 14 122 197 26 190 84 131 39 146 11 45 171 120 173 158 110 116 114 52 0 144 78 159 161 63 19 54 41 134 185 126 111 74 61 82 128 113 97 87 27 38 37 147 199 170 140 57 33 89 24 16 142 102 145 7 133 21 182 154 156 30 46 119 106 108 5 53 186 150 160 124 180 1 34 168 67 29 163 22 172 167 184 49 71 129 70 138 85 195 177 55 151 4 104 42 136 132 175 112 194 181 93 94 90 149 143 69 75 101 20 139 153 88 40 58 2 72 188 130 179 141 68 107 35 56 73 99 155 32 196 44 80 96 103 164 165 95 125 86 51 10 83 47 169 121 115 187 193 50 62 43 152 65 118 91 9 174 98 18 189 17 183 36 60 25 198 6 81 77 8 137 123 117 15 178 
cpTO[4]=33278.950164 
cpTO[5]=36314.104625 
cpSO[5]=
90 93 94 85 138 195 177 55 151 4 104 42 136 132 175 112 181 194 75 69 143 101 163 139 20 153 88 72 2 58 40 166 127 192 157 76 79 64 66 54 119 46 30 156 106 108 5 53 186 150 160 34 1 180 124 29 67 168 22 172 149 49 167 184 61 82 71 129 38 70 37 27 147 87 199 170 140 57 97 113 128 145 102 33 89 142 24 16 7 21 133 74 182 154 111 126 185 41 134 19 63 161 159 78 176 12 14 122 197 26 190 144 84 0 52 131 39 11 146 3 100 59 191 13 35 56 99 73 107 141 68 188 130 179 155 32 44 80 96 125 86 51 10 83 169 121 115 193 50 15 62 187 43 152 65 47 165 95 164 103 196 118 91 9 174 98 18 148 105 92 162 189 178 117 36 60 135 137 123 8 77 81 6 198 25 31 23 173 171 183 28 109 17 48 45 120 110 114 116 158 
cpTO[5]=36314.104625 
cpTO[6]=35454.102526 
cpSO[6]=
143 149 90 93 75 69 101 20 153 139 163 22 172 167 184 49 85 195 70 37 55 151 177 4 104 42 136 132 175 112 194 181 94 138 61 82 71 129 38 27 147 87 199 170 140 57 97 113 128 145 102 33 89 142 24 16 7 21 133 74 182 154 111 126 185 119 66 30 46 156 106 108 5 53 186 150 160 124 180 1 34 168 67 29 157 76 79 64 176 161 54 41 134 19 63 159 78 12 14 122 197 190 144 84 131 39 146 26 192 127 166 40 88 58 72 2 68 141 188 130 179 99 155 96 80 32 73 35 56 107 59 100 3 191 13 105 92 162 11 48 189 148 18 98 9 174 44 196 91 118 65 152 47 103 164 95 125 86 165 10 51 83 169 43 187 115 121 193 50 62 178 15 117 123 137 36 183 28 17 109 171 45 120 60 135 8 77 81 6 198 25 31 23 158 173 110 116 114 52 0 
cpTO[6]=35454.102526 
cpTO[7]=36078.966212 
cpSO[7]=
117 15 62 50 193 121 115 187 43 152 65 118 91 18 189 178 36 123 137 8 77 81 6 198 25 135 60 183 28 109 17 48 92 162 146 39 11 45 171 120 31 23 158 173 110 116 114 0 52 131 84 144 190 122 197 26 59 100 3 105 148 191 13 98 9 174 196 103 47 169 83 10 51 165 95 86 125 164 96 80 44 32 99 155 35 56 73 107 68 141 179 130 188 72 2 58 88 40 166 127 192 157 76 79 160 124 180 1 34 168 22 172 167 149 90 93 94 85 138 49 71 82 61 184 53 74 133 21 182 154 111 46 30 66 161 54 41 134 19 63 159 78 14 12 176 64 150 186 5 108 106 156 119 185 126 16 24 142 89 33 102 145 7 128 113 97 57 140 170 199 87 147 27 37 38 129 70 55 151 177 195 4 104 42 136 132 175 112 194 181 75 69 143 101 153 20 139 163 67 29 
cpTO[7]=36078.966212 
cpTO[8]=35194.201981 
cpSO[8]=
30 46 156 106 119 66 176 12 122 197 190 26 192 127 166 40 157 76 29 67 168 22 172 149 143 69 75 90 94 138 85 93 181 194 112 175 132 136 42 104 4 151 55 177 195 70 37 27 147 87 113 97 199 170 140 57 33 89 142 24 16 7 21 133 145 102 128 38 129 71 82 61 49 184 167 34 1 180 124 160 150 79 64 186 53 5 108 74 182 154 111 126 185 134 41 54 19 63 161 159 78 14 144 84 146 39 131 0 52 114 116 110 158 23 173 120 45 171 28 183 36 60 135 31 25 198 6 81 77 8 137 123 117 15 178 62 50 193 187 43 115 121 169 51 10 83 47 165 95 86 125 164 103 96 80 155 99 32 44 196 174 9 98 91 118 152 65 18 189 17 109 48 148 105 92 162 11 3 100 59 191 13 35 56 73 107 141 68 179 130 188 72 2 58 88 163 139 153 20 101 
cpTO[8]=35194.201981 
cpTO[9]=35095.993049 
cpSO[9]=
79 76 160 180 124 150 186 64 176 12 197 26 190 84 131 110 116 114 52 0 144 122 14 78 159 19 63 161 66 30 156 5 53 108 106 126 185 134 41 54 46 119 111 74 154 182 21 133 7 16 24 33 89 142 145 102 57 140 170 199 147 87 97 113 128 82 61 184 49 167 1 34 168 29 67 22 172 149 90 93 94 138 71 129 70 37 38 27 55 151 177 195 85 4 104 42 136 132 175 112 194 181 75 69 143 101 163 139 20 153 88 40 166 157 127 58 2 72 188 179 130 141 68 107 191 13 35 56 73 99 155 32 96 80 44 196 118 65 152 103 164 95 125 86 165 51 10 83 47 169 121 115 193 50 187 43 62 178 15 117 123 137 60 135 8 77 81 6 198 25 31 23 158 173 120 45 171 28 183 36 109 17 48 92 105 148 189 18 9 174 91 98 162 3 100 59 192 146 39 11 
cpTO[9]=35095.993049 
ini=
 best=29392.511268 position=2
19 63 161 159 78 12 14 122 197 26 190 144 84 131 0 52 114 116 110 39 146 11 45 171 120 173 158 23 31 135 60 25 198 6 81 77 8 137 123 117 15 50 193 62 43 187 115 121 169 47 83 10 51 86 125 95 165 164 103 96 80 196 44 32 155 99 73 56 35 174 9 91 98 18 118 65 152 178 36 183 28 109 17 48 189 148 105 92 162 3 100 59 191 13 107 68 141 179 130 188 72 2 58 40 88 153 20 139 163 101 75 69 143 22 172 149 90 94 93 181 194 112 175 132 136 42 104 4 177 151 55 195 85 138 49 167 184 61 82 71 129 70 37 38 27 147 87 113 97 199 170 140 57 33 89 24 16 142 102 145 128 133 21 7 154 182 74 106 156 108 5 53 186 150 160 124 180 1 34 168 67 29 166 127 192 157 76 79 64 176 66 30 46 119 111 126 185 134 41 54 
solution is:29406.269253.       temperature is:0.313123
Mon Dec 09 19:35:29 2013
The average run time for the algorithm is : 29.034000
The average solution for the algorithm is : 29415.451172
The maxx solution for the algorithm is : 29424.633091
 The minn solution for the algorithm is : 29406.269253 
The average error for the algorithm is : 0.001616
