var1=:0.999995205
var2=:0.999990409
a=0.004489
cpTO[0]=32161.792404 
cpSO[0]=
101 69 143 75 181 93 94 90 149 172 22 168 67 34 1 167 184 49 61 82 71 129 70 37 138 85 194 112 175 132 136 4 104 42 195 177 151 55 38 27 147 87 113 97 199 170 140 57 33 89 24 16 142 102 145 128 133 21 7 154 182 74 106 108 156 5 53 186 150 124 180 160 79 64 30 46 119 66 54 185 111 126 41 134 19 63 161 159 78 176 12 14 122 197 26 190 144 84 0 52 114 116 110 131 39 11 146 192 127 157 76 29 166 59 100 3 162 92 105 148 189 65 152 178 36 17 48 109 28 183 171 45 120 173 158 23 31 135 60 25 198 6 81 77 8 137 123 117 15 50 193 62 43 187 115 121 169 47 83 10 51 86 125 95 165 164 103 118 18 98 91 9 174 196 44 96 80 32 155 99 56 73 35 13 191 107 68 141 179 130 188 72 2 58 40 88 153 20 139 163 
cpTO[1]=32625.313102 
cpSO[1]=
150 79 76 157 166 40 88 58 107 13 191 59 127 192 100 3 162 92 105 148 98 18 189 65 152 118 91 9 174 35 56 73 141 68 2 72 188 130 179 196 44 32 99 155 80 96 103 164 95 125 86 165 51 10 83 47 169 121 115 43 187 193 50 62 15 178 117 36 123 137 8 77 81 6 198 25 135 60 31 23 158 173 120 45 171 183 28 109 17 48 11 146 39 131 110 116 114 52 0 84 144 190 26 197 122 14 78 12 64 176 159 161 63 19 134 41 54 66 30 46 119 185 126 111 156 106 108 5 186 53 74 154 182 133 21 7 16 24 142 89 33 102 145 128 57 140 170 199 97 113 87 147 38 27 37 129 70 55 151 177 195 4 104 42 136 132 175 112 194 181 85 138 71 82 61 184 167 49 94 93 90 149 143 75 69 101 153 20 139 163 22 172 168 29 67 34 1 180 124 160 
cpTO[2]=32750.886279 
cpSO[2]=
154 111 126 185 134 41 54 119 46 30 66 161 63 19 159 78 176 12 14 122 197 26 190 144 84 131 0 52 114 116 110 158 173 120 45 171 39 146 11 48 189 17 109 28 183 23 31 135 60 25 198 6 81 77 8 137 123 36 117 15 50 193 62 178 152 43 187 115 121 169 10 51 86 125 95 164 103 165 83 47 65 118 18 98 91 9 174 196 44 96 80 32 155 99 73 56 35 13 191 148 105 92 162 3 100 59 107 68 141 179 130 188 2 72 58 88 40 166 127 192 157 76 79 64 156 106 108 5 186 150 160 29 67 168 34 1 180 124 167 184 49 138 71 82 61 133 21 7 16 24 142 89 33 102 145 128 113 97 57 170 140 199 87 147 27 38 129 37 70 55 151 177 195 85 42 104 4 136 132 175 112 194 181 93 94 90 149 143 75 69 101 153 20 139 163 22 172 53 74 182 
cpTO[3]=33506.929676 
cpSO[3]=
22 163 139 20 153 101 69 75 143 149 90 93 181 94 167 184 49 85 138 71 61 82 128 102 113 97 87 27 38 129 37 70 195 4 104 136 112 194 175 132 42 177 151 55 147 199 170 140 57 33 89 142 24 16 145 7 21 133 182 154 74 53 186 5 108 106 156 111 119 126 185 134 41 54 63 19 161 66 46 30 64 176 159 78 12 14 122 197 26 190 144 84 131 39 146 11 0 52 114 116 110 45 171 120 173 158 23 31 135 60 25 137 8 77 198 6 81 123 36 183 28 109 17 48 189 178 117 15 50 62 193 121 115 187 43 152 65 118 165 164 95 125 86 51 10 83 169 47 103 196 44 96 80 32 155 99 73 56 35 174 9 91 18 98 13 191 148 105 92 162 3 100 192 127 59 107 68 141 179 130 188 2 72 58 88 40 166 157 76 79 150 160 124 180 1 34 67 29 168 172 
cpTO[4]=33985.146145 
cpSO[4]=
30 64 176 66 54 41 134 19 63 161 159 78 12 14 122 197 190 26 146 39 131 84 144 0 52 110 114 116 158 173 120 11 45 171 23 31 135 60 25 137 8 77 198 6 81 123 117 15 50 62 193 121 115 187 43 152 65 178 36 183 28 109 17 48 189 148 105 92 162 3 100 192 127 59 196 44 103 164 95 165 47 169 83 10 51 86 125 96 80 32 155 99 73 56 35 174 9 91 118 18 98 13 191 107 68 141 179 130 188 2 72 58 166 157 76 79 150 160 40 88 153 20 139 163 22 143 101 69 75 93 90 149 172 168 29 67 34 1 180 124 167 184 49 61 82 71 129 138 85 94 181 194 112 175 132 136 4 104 42 195 177 151 55 70 37 27 38 147 87 113 97 199 170 140 57 128 145 102 33 89 142 24 16 7 21 133 74 182 154 53 186 5 108 106 156 111 126 185 119 46 
cpTO[5]=336483.264365 
cpSO[5]=
172 125 197 143 43 180 73 75 32 120 1 181 121 36 175 50 116 144 62 65 14 162 177 0 114 95 33 100 61 16 17 123 171 188 170 6 39 57 138 74 2 146 154 174 156 113 124 97 136 41 90 194 42 103 68 199 72 76 92 35 166 23 198 189 34 94 190 85 86 161 157 64 173 25 149 10 150 93 184 163 182 87 77 51 91 131 20 133 8 183 191 118 160 159 19 193 82 104 192 107 145 79 44 29 81 99 167 24 15 141 3 18 122 4 127 7 31 169 117 187 58 55 46 63 47 153 185 176 38 78 22 134 66 49 56 155 96 179 101 28 102 158 60 139 129 53 69 178 147 110 83 132 37 21 152 26 67 130 84 128 45 5 135 148 105 9 106 70 89 140 164 142 196 98 108 168 52 54 80 151 111 126 119 48 71 88 109 112 12 13 195 40 30 165 137 186 59 27 115 11 
cpTO[6]=325278.302809 
cpSO[6]=
41 7 2 92 153 169 95 100 65 48 150 107 91 173 85 84 135 197 28 194 164 80 101 152 9 123 180 16 195 0 110 168 23 147 27 141 105 170 178 69 113 50 98 36 81 60 68 148 12 26 187 181 138 109 88 108 22 57 82 119 129 189 112 75 134 157 56 25 160 43 192 190 18 1 158 37 78 93 136 66 125 171 74 149 179 121 86 89 196 4 161 13 102 15 183 198 76 188 73 185 127 120 45 193 172 186 145 58 21 184 103 191 94 34 146 182 140 63 53 154 51 143 155 38 142 130 90 70 11 163 8 14 124 133 24 44 39 17 71 151 87 79 106 6 5 29 19 55 162 20 137 111 131 144 199 159 10 115 156 176 62 35 96 33 31 32 117 132 167 174 114 52 46 64 77 83 42 177 54 116 126 30 139 97 59 47 99 118 61 3 166 72 67 122 49 104 165 175 128 40 
cpTO[7]=344584.830770 
cpSO[7]=
157 127 22 96 97 3 82 150 12 115 152 9 65 57 111 50 199 160 140 143 109 99 161 182 5 179 112 183 176 64 131 126 108 148 16 0 189 121 70 44 56 62 124 67 166 145 28 185 197 175 144 130 169 180 196 2 30 42 23 110 85 13 90 31 139 33 63 138 78 168 60 59 71 136 178 20 153 190 184 193 188 164 74 167 156 98 29 94 134 76 146 84 69 75 79 101 186 100 37 171 7 177 26 125 117 11 142 34 107 129 113 1 53 137 61 36 21 54 116 66 46 133 15 10 49 27 18 55 88 92 51 8 163 158 162 19 154 104 159 106 172 41 165 141 93 89 25 103 87 118 32 151 122 114 194 83 91 43 72 128 81 174 173 149 45 135 24 119 73 147 195 102 48 80 38 47 191 120 40 170 68 123 132 155 58 77 35 6 17 52 14 198 192 39 4 187 105 95 86 181 
cpTO[8]=351766.151755 
cpSO[8]=
149 183 82 20 103 78 3 86 61 79 99 117 41 35 87 106 29 42 163 30 156 109 64 9 70 72 95 104 110 198 45 151 84 10 71 137 181 63 62 107 46 178 80 43 120 23 31 52 6 32 54 75 175 92 185 83 123 49 77 196 115 122 48 197 13 116 140 94 139 199 16 193 97 50 118 189 76 57 164 141 59 88 93 55 58 131 17 27 187 85 15 182 161 159 191 100 162 176 124 74 47 167 121 24 184 152 119 135 26 157 165 18 96 128 89 60 172 66 65 14 2 8 108 195 155 69 0 67 40 1 98 53 171 148 144 173 90 169 37 101 190 142 4 12 126 133 138 81 51 134 112 36 143 33 28 102 19 125 39 170 21 11 129 192 113 7 160 153 38 174 150 147 136 180 73 154 194 114 158 111 34 130 177 105 5 25 56 146 168 44 91 188 127 166 68 186 145 22 179 132 
cpTO[9]=322452.413546 
cpSO[9]=
29 118 166 35 174 103 45 17 162 14 131 169 115 97 36 120 43 124 129 141 6 58 66 48 71 23 4 193 105 68 11 159 73 152 165 99 56 189 128 110 172 34 3 49 60 139 20 79 106 91 59 18 90 13 40 1 125 177 176 89 65 55 25 148 19 83 61 114 9 95 170 130 44 190 46 163 62 187 146 158 183 122 109 82 175 77 136 104 42 76 112 194 69 132 111 155 107 143 63 32 80 47 88 151 117 53 81 198 127 108 93 133 182 54 102 84 8 41 173 153 15 50 140 30 197 92 191 137 33 64 52 7 116 171 160 157 156 26 119 192 145 168 123 161 179 87 96 12 101 147 27 134 126 100 98 86 113 144 28 74 5 22 39 180 70 138 31 2 37 185 78 57 178 154 150 21 135 181 51 67 167 16 38 142 75 0 72 85 94 24 196 10 186 149 184 121 164 195 188 199 
times: 0
cpTO[0]=32161.792404 
cpSO[0]=
101 69 143 75 181 93 94 90 149 172 22 168 67 34 1 167 184 49 61 82 71 129 70 37 138 85 194 112 175 132 136 4 104 42 195 177 151 55 38 27 147 87 113 97 199 170 140 57 33 89 24 16 142 102 145 128 133 21 7 154 182 74 106 108 156 5 53 186 150 124 180 160 79 64 30 46 119 66 54 185 111 126 41 134 19 63 161 159 78 176 12 14 122 197 26 190 144 84 0 52 114 116 110 131 39 11 146 192 127 157 76 29 166 59 100 3 162 92 105 148 189 65 152 178 36 17 48 109 28 183 171 45 120 173 158 23 31 135 60 25 198 6 81 77 8 137 123 117 15 50 193 62 43 187 115 121 169 47 83 10 51 86 125 95 165 164 103 118 18 98 91 9 174 196 44 96 80 32 155 99 56 73 35 13 191 107 68 141 179 130 188 72 2 58 40 88 153 20 139 163 
cpTO[1]=31726.806676 
cpSO[1]=
150 79 76 157 166 40 88 58 72 2 68 141 73 56 35 174 9 91 118 152 65 189 18 98 148 105 92 162 3 100 192 127 59 191 13 107 188 130 179 155 99 32 44 196 80 96 103 164 95 125 86 165 51 10 83 47 169 121 115 43 187 193 50 62 15 178 117 36 123 137 8 77 81 6 198 25 135 60 31 23 158 173 120 45 171 183 28 109 17 48 11 146 39 131 110 116 114 52 0 84 144 190 26 197 122 14 78 12 64 176 159 161 63 19 134 41 54 66 30 46 119 185 126 111 156 106 108 5 186 53 74 154 182 133 21 7 16 24 142 89 33 102 145 128 113 97 57 140 170 199 87 147 38 27 37 129 70 55 151 177 195 4 104 42 136 132 175 112 194 181 85 138 71 82 61 184 167 49 94 93 90 149 143 75 69 101 153 20 139 163 22 172 168 29 67 34 1 180 124 160 
cpTO[2]=32750.886279 
cpSO[2]=
154 111 126 185 134 41 54 119 46 30 66 161 63 19 159 78 176 12 14 122 197 26 190 144 84 131 0 52 114 116 110 158 173 120 45 171 39 146 11 48 189 17 109 28 183 23 31 135 60 25 198 6 81 77 8 137 123 36 117 15 50 193 62 178 152 43 187 115 121 169 10 51 86 125 95 164 103 165 83 47 65 118 18 98 91 9 174 196 44 96 80 32 155 99 73 56 35 13 191 148 105 92 162 3 100 59 107 68 141 179 130 188 2 72 58 88 40 166 127 192 157 76 79 64 156 106 108 5 186 150 160 29 67 168 34 1 180 124 167 184 49 138 71 82 61 133 21 7 16 24 142 89 33 102 145 128 113 97 57 170 140 199 87 147 27 38 129 37 70 55 151 177 195 85 42 104 4 136 132 175 112 194 181 93 94 90 149 143 75 69 101 153 20 139 163 22 172 53 74 182 
cpTO[3]=33396.807324 
cpSO[3]=
22 163 139 20 153 101 69 75 143 149 90 93 181 94 167 184 49 85 138 71 61 82 128 102 113 97 87 27 38 129 37 70 195 4 104 136 112 194 175 132 42 177 151 55 147 199 170 140 57 33 89 142 24 16 145 7 21 133 182 154 74 53 186 5 108 106 156 111 119 126 185 134 41 54 63 19 161 66 46 30 64 176 159 78 12 14 122 197 26 190 144 84 131 39 146 11 0 52 114 116 110 45 171 120 173 158 23 31 135 60 25 81 6 198 77 8 137 123 36 183 28 109 17 48 189 178 117 15 50 62 193 121 115 187 43 152 65 118 165 164 95 125 86 51 10 83 169 47 103 196 44 96 80 32 155 99 73 56 35 174 9 91 18 98 13 191 148 105 92 162 3 100 192 127 59 107 68 141 179 130 188 2 72 58 88 40 166 157 76 79 150 160 124 180 1 34 67 29 168 172 
cpTO[4]=33433.619614 
cpSO[4]=
30 64 176 66 54 41 134 19 63 161 159 78 12 14 122 197 190 26 146 39 131 84 144 0 52 110 114 116 158 173 120 11 45 171 23 31 135 60 25 198 6 81 77 8 137 123 117 15 50 62 193 121 115 187 43 152 65 178 36 183 28 109 17 48 189 148 105 92 162 3 100 192 127 59 191 13 98 18 118 91 9 174 35 56 73 99 155 32 80 96 125 86 51 10 83 169 47 165 95 164 103 44 196 107 68 141 179 130 188 2 72 58 166 157 76 79 150 160 40 88 153 20 139 163 22 143 101 69 75 93 90 149 172 168 29 67 34 1 180 124 167 184 49 61 82 71 129 138 85 94 181 194 112 175 132 136 4 104 42 195 177 151 55 70 37 27 38 147 87 113 97 199 170 140 57 128 145 102 33 89 142 24 16 7 21 133 74 182 154 53 186 5 108 106 156 111 126 185 119 46 
cpTO[5]=326769.000888 
cpSO[5]=
172 125 197 143 43 180 73 75 32 120 1 181 121 36 175 50 116 144 62 65 14 162 177 0 114 95 33 100 61 16 17 123 171 188 170 27 59 186 137 165 30 40 195 13 12 112 109 88 71 48 119 126 111 151 80 54 52 168 108 98 196 142 164 140 89 70 106 9 105 148 135 5 45 67 130 84 128 26 152 21 37 132 83 110 147 178 69 53 129 139 60 158 102 28 101 179 96 155 56 49 66 134 159 19 193 82 104 192 107 145 79 44 29 81 99 167 24 15 141 3 18 122 8 183 191 118 160 22 78 38 176 185 153 47 63 46 55 58 187 117 169 31 7 127 4 133 20 131 91 51 77 87 182 163 184 93 150 10 149 25 173 64 157 161 86 85 190 94 34 189 198 23 166 35 92 76 72 199 68 103 42 194 90 41 136 97 124 113 156 174 154 146 2 74 138 57 39 6 115 11 
cpTO[6]=311987.107721 
cpSO[6]=
41 7 2 92 153 169 95 100 65 48 150 107 91 173 85 84 135 197 28 194 164 80 101 152 9 123 180 16 195 0 110 168 23 147 27 141 105 170 178 69 113 102 13 161 4 196 89 86 121 179 149 74 171 125 66 136 93 78 37 158 1 18 190 192 43 160 25 56 157 134 75 112 189 129 119 82 57 22 108 88 109 138 181 187 26 12 148 68 60 81 36 98 50 15 183 198 76 188 73 185 127 120 45 193 172 186 145 58 21 184 103 191 94 34 146 182 140 63 53 154 51 143 155 38 142 130 90 70 11 163 8 14 124 133 24 44 39 17 71 151 87 79 106 6 5 29 19 55 162 20 137 111 131 144 199 159 10 115 156 176 62 35 96 33 31 32 117 132 167 174 114 52 46 64 77 83 165 104 49 122 67 72 166 3 61 118 99 47 59 97 139 30 126 116 54 177 42 175 128 40 
cpTO[7]=330510.366113 
cpSO[7]=
157 127 22 96 97 85 110 23 42 30 2 196 180 169 130 144 175 197 185 28 145 166 67 124 62 56 44 137 53 1 113 129 107 34 142 11 117 125 26 177 7 171 37 100 186 101 79 75 69 84 146 76 134 94 29 98 156 167 74 164 188 193 184 190 153 20 178 136 71 59 60 168 78 138 63 33 139 31 90 13 3 82 150 12 115 152 9 65 57 111 50 199 160 140 143 109 99 161 182 5 179 112 183 176 64 131 126 108 148 16 0 189 121 70 61 36 21 54 116 66 46 133 15 10 49 27 18 55 88 92 51 8 163 158 162 19 154 104 159 106 172 41 165 141 93 89 25 103 87 118 32 151 122 114 194 83 91 43 72 128 81 174 173 149 45 135 24 119 73 147 195 102 48 80 38 4 39 192 198 14 52 17 6 35 77 58 155 132 123 68 170 40 120 191 47 187 105 95 86 181 
cpTO[8]=326425.191378 
cpSO[8]=
149 183 82 20 103 78 3 86 61 79 99 117 41 35 87 106 29 42 163 30 156 109 64 9 70 72 95 104 110 198 45 151 84 166 127 188 91 44 168 146 56 25 134 112 36 143 33 185 92 175 75 54 32 6 52 31 23 120 43 80 178 165 18 96 128 89 60 172 195 108 8 2 14 65 66 155 69 0 67 40 1 98 53 171 148 144 173 90 169 37 101 190 142 4 12 126 133 138 49 194 154 73 180 136 147 150 174 38 153 160 7 113 192 129 11 21 170 39 125 19 102 28 83 123 114 158 111 34 130 177 105 5 51 81 77 196 115 122 48 197 13 116 140 94 139 199 16 193 97 27 17 131 58 55 93 88 59 141 164 57 76 189 118 50 187 85 15 182 161 159 191 100 162 176 124 74 47 167 121 24 184 152 119 135 26 157 46 107 62 63 181 137 71 10 68 186 145 22 179 132 
cpTO[9]=311128.599318 
cpSO[9]=
29 118 166 35 174 103 45 17 162 14 131 169 115 97 36 120 43 124 129 141 6 58 66 48 65 50 15 153 173 41 8 84 102 54 182 133 93 108 127 198 81 53 117 151 88 47 80 32 63 143 107 155 111 132 69 194 112 76 42 104 136 77 175 82 109 122 183 158 146 187 62 163 46 190 44 130 170 95 9 114 61 83 19 148 25 55 71 23 4 193 105 68 11 159 73 152 165 99 56 189 128 110 172 34 3 49 60 139 20 79 106 91 59 18 90 13 40 1 125 177 176 89 140 30 197 92 191 137 33 64 52 7 116 171 160 157 156 26 119 192 145 168 123 161 179 87 96 12 101 147 27 134 126 100 98 86 113 144 28 74 5 22 39 180 70 138 31 2 37 185 78 57 178 154 150 21 135 181 51 67 167 16 38 142 75 0 72 85 94 24 196 10 186 149 184 121 164 195 188 199 
ini=
 best=31726.806676
150 79 76 157 166 40 88 58 72 2 68 141 73 56 35 174 9 91 118 152 65 189 18 98 148 105 92 162 3 100 192 127 59 191 13 107 188 130 179 155 99 32 44 196 80 96 103 164 95 125 86 165 51 10 83 47 169 121 115 43 187 193 50 62 15 178 117 36 123 137 8 77 81 6 198 25 135 60 31 23 158 173 120 45 171 183 28 109 17 48 11 146 39 131 110 116 114 52 0 84 144 190 26 197 122 14 78 12 64 176 159 161 63 19 134 41 54 66 30 46 119 185 126 111 156 106 108 5 186 53 74 154 182 133 21 7 16 24 142 89 33 102 145 128 113 97 57 140 170 199 87 147 38 27 37 129 70 55 151 177 195 4 104 42 136 132 175 112 194 181 85 138 71 82 61 184 167 49 94 93 90 149 143 75 69 101 153 20 139 163 22 172 168 29 67 34 1 180 124 160 
t=0.002500solution is:29667.875297.       temperature is:0.003320
Mon Dec 09 15:32:06 2013
times: 1
cpTO[0]=32161.792404 
cpSO[0]=
101 69 143 75 181 93 94 90 149 172 22 168 67 34 1 167 184 49 61 82 71 129 70 37 138 85 194 112 175 132 136 4 104 42 195 177 151 55 38 27 147 87 113 97 199 170 140 57 33 89 24 16 142 102 145 128 133 21 7 154 182 74 106 108 156 5 53 186 150 124 180 160 79 64 30 46 119 66 54 185 111 126 41 134 19 63 161 159 78 176 12 14 122 197 26 190 144 84 0 52 114 116 110 131 39 11 146 192 127 157 76 29 166 59 100 3 162 92 105 148 189 65 152 178 36 17 48 109 28 183 171 45 120 173 158 23 31 135 60 25 198 6 81 77 8 137 123 117 15 50 193 62 43 187 115 121 169 47 83 10 51 86 125 95 165 164 103 118 18 98 91 9 174 196 44 96 80 32 155 99 56 73 35 13 191 107 68 141 179 130 188 72 2 58 40 88 153 20 139 163 
cpTO[1]=29915.071349 
cpSO[1]=
47 10 51 83 169 121 115 187 43 62 193 50 15 117 178 152 65 118 91 9 174 98 18 189 48 17 109 28 183 36 123 137 8 77 81 6 198 25 60 135 31 23 158 173 120 171 45 110 116 114 52 0 84 144 14 122 197 26 190 131 39 146 11 162 92 148 105 3 100 59 192 127 166 29 67 168 34 1 180 124 160 76 157 79 150 186 53 5 108 106 156 119 46 30 66 64 176 12 78 159 161 63 19 54 41 134 185 126 111 154 182 74 133 21 7 16 24 142 89 33 102 145 128 113 97 57 140 170 199 87 147 27 38 37 70 129 71 82 61 184 167 49 138 85 195 177 55 151 4 104 42 136 132 175 112 194 181 93 94 90 75 69 101 143 149 172 22 163 139 153 20 88 40 58 2 72 188 130 179 141 68 107 191 13 35 56 73 99 155 32 44 196 80 96 103 164 125 86 95 165 
cpTO[2]=32668.060326 
cpSO[2]=
154 111 126 185 134 41 54 119 46 30 66 161 63 19 159 78 176 12 14 122 197 26 190 144 84 131 0 52 114 116 110 158 173 120 45 171 39 146 11 48 189 17 109 28 183 23 31 135 60 25 198 6 81 77 8 137 123 36 117 15 50 193 62 178 152 43 187 115 121 169 10 51 86 125 95 164 103 165 83 47 65 118 18 98 91 9 174 196 44 96 80 32 155 99 73 56 35 13 191 148 105 92 162 3 100 59 107 68 141 179 130 188 2 72 58 88 40 166 127 192 157 76 79 64 156 106 108 5 186 150 160 29 67 168 34 1 180 124 167 184 49 138 71 82 61 53 172 22 163 139 20 153 101 69 75 143 149 90 94 93 181 194 112 175 132 136 4 104 42 85 195 177 151 55 70 37 129 38 27 147 87 199 140 170 57 97 113 128 145 102 33 89 142 24 16 7 21 133 74 182 
cpTO[3]=33375.936221 
cpSO[3]=
22 163 139 20 153 101 69 75 143 149 90 93 181 94 167 184 49 85 138 71 61 82 128 102 113 97 87 27 38 129 37 70 195 4 104 136 112 194 175 132 42 177 151 55 147 199 170 140 57 33 89 142 24 16 145 7 133 21 182 154 74 53 186 5 108 106 156 111 119 126 185 134 41 54 63 19 161 66 46 30 64 176 159 78 12 14 122 197 26 190 144 84 131 39 146 11 0 52 114 116 110 45 171 120 173 158 23 31 135 60 25 81 6 198 77 8 137 123 36 183 28 109 17 48 189 178 117 15 50 62 193 121 115 187 43 152 65 118 165 164 95 125 86 51 10 83 169 47 103 96 44 196 80 32 155 99 73 56 35 174 9 91 18 98 13 191 148 105 92 162 3 100 192 127 59 107 68 141 179 130 188 72 2 58 88 40 166 157 76 79 150 160 124 180 1 34 67 29 168 172 
cpTO[4]=33207.972382 
cpSO[4]=
30 64 176 66 54 41 134 19 63 161 159 78 12 14 122 197 190 26 146 39 131 84 144 0 52 110 114 116 158 173 120 11 45 171 23 31 135 60 25 198 6 81 77 8 137 123 117 15 50 62 193 121 115 187 43 152 65 178 36 183 28 109 17 48 189 148 105 92 162 3 100 192 127 59 191 13 98 18 118 91 9 174 196 44 103 164 95 165 47 169 83 10 51 86 125 96 80 32 155 99 73 56 35 107 68 141 179 130 188 2 72 58 166 157 76 79 150 160 40 88 153 20 139 163 22 143 101 69 75 93 90 149 172 168 29 67 34 1 180 124 167 184 49 61 82 71 129 138 85 94 181 194 112 175 132 136 4 104 42 195 177 151 55 70 37 27 38 147 87 113 97 199 170 140 57 128 145 102 33 89 142 24 16 7 21 133 74 182 154 53 186 5 108 106 156 111 126 185 119 46 
cpTO[5]=299309.292381 
cpSO[5]=
172 125 197 143 43 180 73 75 32 120 1 181 175 36 121 50 130 67 45 5 135 148 105 9 106 70 89 140 33 100 61 16 17 123 171 188 170 27 59 186 137 165 30 40 195 13 12 112 109 88 71 4 31 169 117 187 58 55 46 63 47 153 185 176 38 78 22 160 118 191 183 8 122 18 3 141 15 24 167 99 81 29 44 79 145 107 192 104 82 193 19 159 134 66 49 56 155 96 179 101 28 102 158 60 139 129 53 69 108 168 52 54 80 151 111 126 119 48 127 7 133 20 131 91 51 77 87 182 163 184 93 150 10 149 25 173 64 157 161 86 83 110 147 178 98 196 142 164 95 114 0 177 162 14 65 62 144 116 84 128 26 152 21 37 132 85 190 94 34 189 198 23 166 35 92 76 72 199 68 103 42 194 90 41 136 97 124 113 156 174 154 146 2 74 138 57 39 6 115 11 
cpTO[6]=289090.187807 
cpSO[6]=
41 7 2 92 153 169 95 100 65 48 150 107 91 173 85 84 135 197 28 194 164 80 101 152 9 123 180 16 195 0 110 168 23 147 27 141 105 170 132 167 174 114 52 46 64 77 83 165 189 112 75 134 157 56 25 160 43 192 190 18 1 158 37 78 93 136 66 125 171 74 149 179 121 86 44 39 17 71 151 87 79 106 6 5 29 19 55 162 20 137 111 131 144 199 159 10 115 156 176 62 35 96 196 4 161 13 102 113 69 178 117 32 31 33 89 24 133 124 14 8 163 11 70 90 130 142 38 155 143 51 154 53 63 140 182 146 34 94 191 103 184 21 58 145 186 172 193 45 120 127 185 73 188 76 198 183 15 50 98 36 81 60 68 148 12 26 187 181 138 109 88 108 22 57 82 119 129 104 49 122 67 72 166 3 61 118 99 47 59 97 139 30 126 116 54 177 42 175 128 40 
cpTO[7]=307790.053941 
cpSO[7]=
157 127 22 74 167 156 98 29 94 134 76 146 84 142 11 117 125 26 177 7 171 37 153 20 178 107 129 113 1 53 137 44 56 62 124 67 166 145 28 185 197 175 144 130 169 180 196 2 30 42 23 110 85 97 87 118 32 151 122 114 194 83 91 43 72 128 199 160 140 143 109 99 161 182 5 179 112 183 176 64 131 126 108 148 16 0 189 121 70 61 36 63 138 78 168 60 59 71 136 34 69 75 79 101 186 100 190 184 193 188 164 96 103 25 89 93 141 165 41 172 106 159 104 154 19 162 158 163 8 51 92 88 55 18 27 49 10 15 133 46 66 116 54 21 33 139 31 90 13 3 82 150 12 115 152 9 65 57 111 50 81 174 173 149 45 135 24 119 73 147 195 102 48 80 38 4 39 192 198 14 52 17 6 35 77 58 155 132 123 68 170 40 120 191 47 187 105 95 86 181 
cpTO[8]=286749.383645 
cpSO[8]=
149 16 199 139 94 140 142 4 12 126 133 138 49 194 154 73 180 136 147 150 174 38 153 160 7 113 192 129 85 181 63 62 107 46 157 26 135 119 152 164 141 59 88 93 55 58 131 17 27 97 193 183 82 20 103 78 3 86 61 79 99 117 41 35 87 106 29 42 163 30 156 109 64 146 168 44 91 188 127 166 84 151 45 198 110 104 71 137 187 50 118 189 76 57 184 24 37 101 190 116 13 197 48 122 115 196 77 81 51 28 83 123 114 158 111 34 130 177 105 5 102 19 125 39 170 21 11 15 182 161 159 191 100 162 176 124 74 47 167 121 169 90 173 144 148 171 53 98 1 40 67 0 69 155 66 65 14 2 8 108 195 172 60 89 128 96 18 165 178 80 43 120 23 31 52 6 32 54 75 175 92 185 33 143 36 112 134 25 56 9 70 72 95 10 68 186 145 22 179 132 
cpTO[9]=288261.432032 
cpSO[9]=
29 118 166 35 174 103 45 17 162 14 131 169 115 97 36 120 43 124 129 141 6 58 66 48 65 50 15 153 173 41 8 84 102 54 182 133 93 108 127 198 81 53 117 151 88 47 80 32 63 143 107 155 111 132 69 194 112 76 42 104 136 46 163 62 187 146 158 183 122 109 82 175 181 55 71 4 23 193 105 68 11 159 73 152 165 99 56 189 128 110 172 34 3 49 60 139 20 79 106 91 59 18 90 13 40 1 125 177 176 89 140 30 197 92 191 137 33 64 52 7 116 171 160 157 156 26 119 192 145 168 123 161 179 87 96 12 101 147 27 134 126 100 98 86 113 144 28 74 5 22 39 180 70 138 31 2 37 185 78 57 178 154 150 21 135 25 148 19 83 61 114 9 95 170 130 44 190 77 51 67 167 16 38 142 75 0 72 85 94 24 196 10 164 121 184 149 186 195 188 199 
ini=
 best=29915.071349
47 10 51 83 169 121 115 187 43 62 193 50 15 117 178 152 65 118 91 9 174 98 18 189 48 17 109 28 183 36 123 137 8 77 81 6 198 25 60 135 31 23 158 173 120 171 45 110 116 114 52 0 84 144 14 122 197 26 190 131 39 146 11 162 92 148 105 3 100 59 192 127 166 29 67 168 34 1 180 124 160 76 157 79 150 186 53 5 108 106 156 119 46 30 66 64 176 12 78 159 161 63 19 54 41 134 185 126 111 154 182 74 133 21 7 16 24 142 89 33 102 145 128 113 97 57 140 170 199 87 147 27 38 37 70 129 71 82 61 184 167 49 138 85 195 177 55 151 4 104 42 136 132 175 112 194 181 93 94 90 75 69 101 143 149 172 22 163 139 153 20 88 40 58 2 72 188 130 179 141 68 107 191 13 35 56 73 99 155 32 44 196 80 96 103 164 125 86 95 165 
t=0.002500solution is:29391.833209.       temperature is:0.064876
Mon Dec 09 15:32:33 2013
times: 2
cpTO[0]=32161.792404 
cpSO[0]=
101 69 143 75 181 93 94 90 149 172 22 168 67 34 1 167 184 49 61 82 71 129 70 37 138 85 194 112 175 132 136 4 104 42 195 177 151 55 38 27 147 87 113 97 199 170 140 57 33 89 24 16 142 102 145 128 133 21 7 154 182 74 106 108 156 5 53 186 150 124 180 160 79 64 30 46 119 66 54 185 111 126 41 134 19 63 161 159 78 176 12 14 122 197 26 190 144 84 0 52 114 116 110 131 39 11 146 192 127 157 76 29 166 59 100 3 162 92 105 148 189 65 152 178 36 17 48 109 28 183 171 45 120 173 158 23 31 135 60 25 198 6 81 77 8 137 123 117 15 50 193 62 43 187 115 121 169 47 83 10 51 86 125 95 165 164 103 118 18 98 91 9 174 196 44 96 80 32 155 99 56 73 35 13 191 107 68 141 179 130 188 72 2 58 40 88 153 20 139 163 
cpTO[1]=29945.043430 
cpSO[1]=
132 175 112 194 181 75 69 101 143 149 90 93 94 85 138 49 82 61 184 167 172 22 163 139 20 153 88 40 58 2 72 188 130 179 141 68 107 13 191 59 100 3 162 92 105 148 189 48 17 109 28 183 36 178 152 65 118 18 98 91 9 174 35 56 73 99 155 32 44 196 80 96 103 164 125 86 95 165 47 83 10 51 169 121 115 187 43 62 193 50 15 117 123 137 8 77 81 6 198 25 60 135 31 23 158 173 120 171 45 11 146 39 131 110 52 116 114 0 84 144 190 26 197 122 14 12 78 159 161 63 19 54 41 134 185 111 126 119 46 30 66 176 64 79 76 157 192 127 166 29 67 168 34 1 180 124 160 150 186 53 5 108 156 106 74 182 154 7 21 133 128 145 102 142 16 24 89 33 140 199 170 57 97 113 87 147 27 38 129 71 70 37 195 55 151 177 4 104 42 136 
cpTO[2]=32520.459395 
cpSO[2]=
154 111 126 185 134 41 54 119 46 30 66 161 63 19 159 78 176 12 14 122 197 26 190 144 84 131 0 52 114 116 110 158 173 120 45 171 39 146 11 48 189 17 109 28 183 23 31 135 60 25 198 6 81 77 8 137 123 36 117 15 50 193 62 178 152 43 187 115 121 169 10 51 86 125 95 164 103 165 83 47 65 118 18 98 91 9 174 196 44 96 80 32 155 99 73 56 35 13 191 148 105 92 162 3 100 59 107 68 141 179 130 188 2 72 58 88 40 166 127 192 157 76 79 64 156 106 108 5 186 150 160 53 61 82 71 138 49 184 167 124 180 1 34 168 67 29 172 22 163 139 20 153 101 69 75 143 149 90 94 93 181 194 112 175 132 136 4 104 42 85 195 177 151 55 70 37 129 38 27 147 87 199 140 170 57 97 113 128 145 102 33 89 142 24 16 7 21 133 74 182 
cpTO[3]=33375.936221 
cpSO[3]=
22 163 139 20 153 101 69 75 143 149 90 93 181 94 167 184 49 85 138 71 61 82 128 102 113 97 87 27 38 129 37 70 195 4 104 136 112 194 175 132 42 177 151 55 147 199 170 140 57 33 89 142 24 16 145 7 133 21 182 154 74 53 186 5 108 106 156 111 119 126 185 134 41 54 63 19 161 66 46 30 64 176 159 78 12 14 122 197 26 190 144 84 131 39 146 11 0 52 114 116 110 45 171 120 173 158 23 31 135 60 25 81 6 198 77 8 137 123 36 183 28 109 17 48 189 178 117 15 50 62 193 121 115 187 43 152 65 118 165 164 95 125 86 51 10 83 169 47 103 96 44 196 80 32 155 99 73 56 35 174 9 91 18 98 13 191 148 105 92 162 3 100 192 127 59 107 68 141 179 130 188 72 2 58 88 40 166 157 76 79 150 160 124 180 1 34 67 29 168 172 
cpTO[4]=33207.972382 
cpSO[4]=
30 64 176 66 54 41 134 19 63 161 159 78 12 14 122 197 190 26 146 39 131 84 144 0 52 110 114 116 158 173 120 11 45 171 23 31 135 60 25 198 6 81 77 8 137 123 117 15 50 62 193 121 115 187 43 152 65 178 36 183 28 109 17 48 189 148 105 92 162 3 100 192 127 59 191 13 98 18 118 91 9 174 196 44 103 164 95 165 47 169 83 10 51 86 125 96 80 32 155 99 73 56 35 107 68 141 179 130 188 2 72 58 166 157 76 79 150 160 40 88 153 20 139 163 22 143 101 69 75 93 90 149 172 168 29 67 34 1 180 124 167 184 49 61 82 71 129 138 85 94 181 194 112 175 132 136 4 104 42 195 177 151 55 70 37 27 38 147 87 113 97 199 170 140 57 128 145 102 33 89 142 24 16 7 21 133 74 182 154 53 186 5 108 106 156 111 126 185 119 46 
cpTO[5]=285208.217919 
cpSO[5]=
172 125 197 143 43 180 73 75 32 120 1 181 175 112 12 13 195 40 30 165 137 186 59 27 170 188 171 123 17 16 61 100 33 140 89 70 106 9 105 148 135 5 45 67 130 50 121 36 109 88 71 4 31 169 117 187 58 55 46 63 47 153 185 176 38 78 22 160 118 191 183 8 44 29 81 99 167 24 15 141 3 18 122 79 145 107 192 104 82 193 19 159 134 66 49 56 155 96 179 101 28 102 158 60 139 129 53 69 108 168 52 54 80 103 68 199 72 76 92 35 166 23 198 189 34 94 190 85 132 37 21 152 26 128 84 116 144 62 65 14 162 177 93 150 10 149 25 173 64 157 161 86 83 110 147 178 98 196 142 164 95 114 0 184 163 182 87 77 51 91 131 20 133 7 127 48 119 126 111 151 42 194 90 41 136 97 124 113 156 174 154 146 2 74 138 57 39 6 115 11 
cpTO[6]=267522.813342 
cpSO[6]=
41 7 102 113 69 178 117 32 31 33 89 24 133 124 14 8 163 11 70 90 130 142 38 155 143 172 186 145 58 21 184 103 191 94 34 146 182 140 199 159 10 115 156 176 62 35 96 196 67 136 93 78 51 193 45 120 127 185 73 188 76 198 183 15 50 98 36 81 60 68 148 12 26 187 181 138 71 151 87 79 106 6 5 29 19 55 179 149 74 171 125 66 122 49 104 129 119 82 57 22 108 88 109 17 39 44 86 121 162 20 137 111 131 144 63 53 154 37 158 1 18 190 192 43 160 25 56 157 134 75 112 189 165 83 77 0 110 168 23 147 27 141 105 170 132 167 174 114 52 46 64 195 16 180 123 9 152 101 80 164 194 28 197 135 84 85 173 91 107 150 48 65 100 95 169 153 92 2 13 161 4 72 166 3 61 118 99 47 59 97 139 30 126 116 54 177 42 175 128 40 
cpTO[7]=281908.870296 
cpSO[7]=
157 127 22 74 167 156 98 29 94 134 76 146 84 142 11 117 125 26 177 7 171 37 153 20 178 107 129 113 1 53 137 44 56 62 124 67 166 145 28 185 197 175 112 179 5 182 161 99 109 143 140 160 199 128 72 43 91 83 194 114 122 151 32 118 87 97 85 110 23 123 68 80 48 102 195 147 73 119 24 89 93 141 165 41 172 106 159 104 154 19 162 158 163 49 27 18 55 88 92 51 8 10 15 133 46 66 116 54 21 33 139 31 90 13 3 82 150 12 115 152 9 65 57 111 50 81 174 173 149 45 135 25 103 96 164 188 193 184 190 100 186 101 79 75 69 34 136 71 59 60 168 78 138 63 36 61 70 121 189 0 16 148 108 126 131 64 176 183 144 130 169 180 196 2 30 42 132 155 58 77 35 6 17 52 14 198 192 39 4 38 170 40 120 191 47 187 105 95 86 181 
cpTO[8]=274540.042642 
cpSO[8]=
149 16 199 139 94 140 142 4 12 126 133 138 49 194 154 144 173 90 169 121 167 47 74 124 176 162 100 191 159 161 182 15 11 21 170 39 125 19 102 5 105 177 130 34 111 158 114 123 83 28 51 81 77 196 115 122 48 197 13 116 190 101 37 24 184 57 76 189 118 50 187 137 36 86 3 78 103 20 82 183 193 97 27 17 131 58 55 93 88 59 141 164 152 119 135 26 157 46 107 62 63 181 85 129 192 113 7 160 153 38 174 150 147 136 180 73 148 171 53 98 1 40 67 0 92 175 75 54 32 6 52 31 23 120 43 80 178 165 18 96 128 89 60 172 195 108 8 2 14 65 66 155 69 185 33 143 61 79 99 117 41 35 87 106 29 42 163 30 156 109 64 146 168 44 91 188 127 166 84 151 45 198 110 104 71 112 134 25 56 9 70 72 95 10 68 186 145 22 179 132 
cpTO[9]=284023.054350 
cpSO[9]=
29 118 166 35 174 103 45 17 162 14 131 169 115 97 67 167 16 38 142 75 0 72 85 94 24 196 10 164 121 184 149 37 185 78 57 178 154 150 21 135 25 148 19 83 61 114 8 41 173 153 15 50 65 48 66 58 6 141 129 124 43 120 36 51 77 190 44 130 170 95 9 84 102 54 182 133 93 108 127 198 81 53 117 151 88 47 80 32 63 143 107 155 111 132 69 194 112 76 42 104 136 46 163 62 187 146 158 183 122 109 82 175 181 55 71 4 23 193 105 68 11 159 73 152 165 99 56 189 128 110 172 34 3 49 60 139 20 79 106 91 59 18 90 13 40 1 125 177 176 89 140 30 197 92 191 137 33 64 52 7 116 171 160 157 156 26 119 192 145 168 123 161 179 87 96 12 101 147 27 134 126 100 98 86 113 144 28 74 5 22 39 180 70 138 31 2 186 195 188 199 
ini=
 best=29945.043430
132 175 112 194 181 75 69 101 143 149 90 93 94 85 138 49 82 61 184 167 172 22 163 139 20 153 88 40 58 2 72 188 130 179 141 68 107 13 191 59 100 3 162 92 105 148 189 48 17 109 28 183 36 178 152 65 118 18 98 91 9 174 35 56 73 99 155 32 44 196 80 96 103 164 125 86 95 165 47 83 10 51 169 121 115 187 43 62 193 50 15 117 123 137 8 77 81 6 198 25 60 135 31 23 158 173 120 171 45 11 146 39 131 110 52 116 114 0 84 144 190 26 197 122 14 12 78 159 161 63 19 54 41 134 185 111 126 119 46 30 66 176 64 79 76 157 192 127 166 29 67 168 34 1 180 124 160 150 186 53 5 108 156 106 74 182 154 7 21 133 128 145 102 142 16 24 89 33 140 199 170 57 97 113 87 147 27 38 129 71 70 37 195 55 151 177 4 104 42 136 
t=0.002500solution is:29429.429065.       temperature is:4.647804
Mon Dec 09 15:32:59 2013
times: 3
cpTO[0]=31916.546421 
cpSO[0]=
101 69 143 75 181 93 94 90 149 172 22 168 67 34 1 167 184 49 61 82 71 129 70 37 138 85 194 112 175 132 136 42 104 4 195 177 151 55 38 27 147 87 113 97 199 170 140 57 33 89 24 16 142 102 145 128 133 21 7 154 182 74 106 108 156 5 53 186 150 124 180 160 79 64 30 46 119 66 54 185 111 126 41 134 19 63 161 159 78 176 12 14 122 197 26 190 144 84 0 52 114 116 110 131 39 11 146 192 127 157 76 29 166 59 100 3 162 92 105 148 189 65 152 178 36 17 48 109 28 183 171 45 120 173 158 23 31 135 60 25 198 6 81 77 8 137 123 117 15 50 193 62 43 187 115 121 169 47 83 10 51 86 125 95 165 164 103 118 18 98 91 9 174 196 44 96 80 32 155 99 56 73 35 13 191 107 68 141 179 130 188 72 2 58 40 88 153 20 139 163 
cpTO[1]=30137.593882 
cpSO[1]=
158 173 120 171 45 11 146 39 131 110 116 114 52 0 84 144 190 26 197 122 14 12 78 159 161 63 19 54 41 134 185 126 111 119 106 156 46 30 66 176 64 79 76 157 192 127 166 29 67 168 34 1 180 124 160 150 186 53 5 108 74 182 154 7 21 133 128 145 16 24 33 89 142 102 57 140 170 199 97 113 87 147 27 38 37 55 151 177 195 70 129 71 82 61 184 167 90 93 94 49 138 85 4 104 42 136 132 175 112 194 181 75 69 101 143 149 172 22 163 139 20 153 88 40 58 2 72 188 68 141 130 179 73 56 35 99 155 32 44 196 80 96 103 164 95 125 86 165 47 51 10 83 169 121 115 187 43 62 193 50 15 117 178 152 65 118 91 174 9 18 98 13 191 107 59 100 3 162 92 105 148 189 48 17 109 28 183 36 123 137 8 77 81 6 198 25 60 135 31 23 
cpTO[2]=32429.643947 
cpSO[2]=
154 111 126 185 134 41 54 119 46 30 66 161 63 19 159 78 176 12 14 122 197 26 190 144 84 131 0 52 114 116 110 158 173 120 45 171 39 146 11 48 189 17 109 28 183 23 31 135 60 25 198 6 81 77 8 137 123 36 117 15 50 193 62 178 152 43 187 115 121 169 10 51 86 125 95 164 103 165 83 47 65 118 18 98 91 9 174 196 44 96 80 32 155 99 73 56 35 13 191 148 105 92 162 3 100 59 107 68 141 179 130 188 2 72 58 88 40 166 127 192 157 76 79 64 156 106 108 5 186 150 160 53 61 82 71 138 49 184 167 124 180 1 34 168 67 29 172 22 163 139 20 153 101 69 75 143 149 90 94 93 181 194 112 175 132 136 4 104 42 85 195 177 151 55 37 70 129 38 27 147 87 199 170 140 57 97 113 128 145 102 33 89 142 24 16 7 21 133 74 182 
cpTO[3]=32999.683529 
cpSO[3]=
22 163 139 20 153 101 69 75 143 149 90 93 181 94 167 184 49 85 138 71 61 82 128 102 113 97 87 27 38 129 37 70 195 4 104 136 112 194 175 132 42 177 151 55 147 199 170 140 57 33 89 142 24 16 145 7 133 21 182 154 74 53 186 5 108 106 156 111 119 126 185 134 41 54 63 19 161 66 46 30 64 176 159 78 12 14 122 197 26 190 144 84 131 39 146 11 0 52 114 116 110 45 171 120 173 158 23 31 135 60 25 198 6 81 77 8 137 123 36 183 28 109 17 48 189 178 117 15 62 50 193 121 115 187 43 152 65 118 165 164 95 125 86 51 10 83 169 47 103 96 196 44 80 32 155 99 73 56 35 174 9 91 18 98 13 191 148 105 92 162 3 100 192 127 59 107 68 141 179 130 188 72 2 58 88 40 166 157 76 79 150 160 124 180 1 34 67 29 168 172 
cpTO[4]=32744.415263 
cpSO[4]=
30 64 176 66 54 41 134 19 63 161 159 78 12 14 122 197 190 26 146 39 131 84 144 0 52 110 114 116 158 173 120 11 45 171 23 31 135 60 25 198 6 81 77 8 137 123 117 15 50 62 193 121 115 187 43 152 65 178 36 183 28 109 17 48 189 148 105 92 162 3 100 192 127 59 191 13 98 18 118 91 9 174 196 44 103 164 95 165 47 169 83 10 51 86 125 96 80 32 155 99 73 56 35 107 68 141 179 130 188 2 72 58 166 157 76 79 150 160 40 88 153 20 139 163 22 143 101 69 75 93 90 149 172 168 29 67 34 1 180 124 167 184 49 61 82 71 129 138 85 94 181 194 112 175 132 136 42 104 4 195 177 151 55 70 37 38 27 147 87 113 97 199 170 140 57 128 145 102 33 89 142 24 16 7 21 133 154 182 74 53 186 5 108 106 156 111 126 185 119 46 
cpTO[5]=274737.651454 
cpSO[5]=
172 125 197 143 43 180 73 75 32 120 1 181 175 112 12 13 195 40 30 165 137 186 59 27 170 188 171 123 17 16 61 100 33 140 89 70 106 9 105 148 135 5 45 67 130 50 121 36 109 88 71 4 31 169 117 187 58 55 46 63 47 153 185 176 38 78 22 160 118 191 183 8 44 29 81 99 167 24 147 110 83 86 161 157 64 173 25 149 10 150 93 177 162 14 65 62 144 116 84 128 26 152 21 37 132 85 190 94 34 189 198 23 166 35 92 76 72 199 68 103 80 54 52 168 108 69 53 129 139 60 158 102 28 101 179 96 155 56 49 66 134 159 19 193 82 104 192 107 145 79 122 18 3 141 15 178 98 196 142 164 95 114 0 184 163 182 87 57 138 74 2 146 154 174 156 113 124 97 136 41 90 194 42 151 111 126 119 48 127 7 133 20 131 91 51 77 39 6 115 11 
cpTO[6]=242180.253611 
cpSO[6]=
41 7 102 113 69 147 27 141 105 31 86 121 162 20 137 111 131 144 63 53 154 37 158 1 18 190 192 43 160 25 56 157 134 75 112 189 165 83 77 0 110 168 23 178 117 32 44 39 197 135 84 26 187 28 17 109 88 108 22 57 82 119 129 104 49 122 66 125 171 74 149 179 55 19 29 5 6 106 79 87 151 71 138 181 194 164 80 101 152 9 123 180 16 195 64 46 52 114 174 167 132 170 33 89 24 133 124 14 8 169 95 100 65 48 150 107 91 173 85 12 148 68 60 81 36 98 50 15 183 198 76 188 73 185 127 120 45 193 51 10 115 156 176 62 35 96 196 67 136 93 78 159 199 140 182 146 34 94 191 103 184 21 58 145 186 172 143 155 38 142 130 90 70 11 163 153 92 2 13 161 4 72 166 3 61 118 99 47 59 97 139 30 126 116 54 177 42 175 128 40 
cpTO[7]=269417.634161 
cpSO[7]=
157 127 22 74 167 156 98 29 94 134 76 146 84 142 11 117 125 26 177 7 171 48 80 68 123 23 110 85 97 87 118 32 151 122 114 194 83 91 43 72 128 199 160 140 143 109 99 161 182 5 179 112 175 197 185 28 145 166 67 124 62 56 44 137 53 1 113 129 107 178 20 153 37 102 195 147 73 119 24 89 93 141 165 41 172 106 159 104 154 19 162 158 163 49 27 18 55 88 92 96 103 25 135 45 149 170 38 4 39 192 198 14 52 17 6 35 77 58 155 132 42 30 2 196 180 169 130 144 183 176 64 131 126 108 148 16 0 189 121 65 9 152 115 12 150 82 3 13 90 31 139 33 21 54 116 66 46 133 15 10 8 51 164 188 193 184 190 100 186 101 79 75 69 34 136 71 59 60 168 78 138 63 36 61 70 57 111 50 81 174 173 40 120 191 47 187 105 95 86 181 
cpTO[8]=263543.311607 
cpSO[8]=
149 16 199 139 94 140 142 4 12 126 133 138 49 194 154 144 173 90 169 121 167 47 74 124 176 162 100 191 159 161 182 15 11 21 170 39 125 193 183 82 20 103 78 3 86 36 137 187 50 118 189 76 57 184 24 37 101 190 116 13 197 48 122 115 196 77 81 51 28 83 123 114 158 111 34 130 177 105 5 102 19 97 27 17 131 58 55 93 88 59 141 164 152 119 135 26 157 46 128 89 60 172 195 108 8 2 14 65 66 155 69 185 33 143 61 79 99 117 41 35 87 106 29 42 163 30 156 109 64 146 168 44 38 153 160 7 113 192 129 85 181 112 71 104 110 198 45 151 84 166 127 188 91 174 150 147 136 180 73 148 171 53 98 1 40 67 0 92 175 75 54 32 6 52 31 23 120 43 80 178 165 18 96 107 62 63 134 25 56 9 70 72 95 10 68 186 145 22 179 132 
cpTO[9]=272674.543111 
cpSO[9]=
29 118 166 35 174 103 45 17 162 14 131 169 115 178 86 98 100 126 134 27 147 101 12 96 87 179 161 123 168 145 192 119 26 156 157 160 171 116 7 52 64 33 137 191 92 197 30 140 89 176 177 125 1 40 13 90 18 59 91 106 79 20 139 60 49 3 34 172 110 128 189 56 99 165 152 73 159 11 68 105 193 23 4 71 55 181 175 82 109 122 183 158 146 187 62 163 46 136 104 42 76 112 194 69 132 111 155 107 143 63 32 80 47 88 151 117 53 81 198 127 108 93 133 182 54 102 84 9 95 170 130 44 190 77 51 36 120 43 124 129 141 6 58 66 48 65 50 15 153 173 41 8 114 61 83 19 148 25 135 21 150 154 97 67 167 16 38 142 75 0 72 85 94 24 196 10 164 121 184 149 37 185 78 57 113 144 28 74 5 22 39 180 70 138 31 2 186 195 188 199 
ini=
 best=30137.593882
158 173 120 171 45 11 146 39 131 110 116 114 52 0 84 144 190 26 197 122 14 12 78 159 161 63 19 54 41 134 185 126 111 119 106 156 46 30 66 176 64 79 76 157 192 127 166 29 67 168 34 1 180 124 160 150 186 53 5 108 74 182 154 7 21 133 128 145 16 24 33 89 142 102 57 140 170 199 97 113 87 147 27 38 37 55 151 177 195 70 129 71 82 61 184 167 90 93 94 49 138 85 4 104 42 136 132 175 112 194 181 75 69 101 143 149 172 22 163 139 20 153 88 40 58 2 72 188 68 141 130 179 73 56 35 99 155 32 44 196 80 96 103 164 95 125 86 165 47 51 10 83 169 121 115 187 43 62 193 50 15 117 178 152 65 118 91 174 9 18 98 13 191 107 59 100 3 162 92 105 148 189 48 17 109 28 183 36 123 137 8 77 81 6 198 25 60 135 31 23 
t=0.002500solution is:29423.654871.       temperature is:0.257972
Mon Dec 09 15:33:26 2013
times: 4
cpTO[0]=31646.822031 
cpSO[0]=
101 69 143 75 181 93 94 90 149 172 22 168 67 34 1 167 184 49 61 82 71 138 85 194 112 175 132 136 42 104 4 195 177 151 55 70 129 37 38 27 147 87 113 97 199 170 140 57 33 89 24 16 142 102 145 128 133 21 7 154 182 74 106 108 156 5 53 186 150 124 180 160 79 64 30 46 119 66 54 185 111 126 41 134 19 63 161 159 78 176 12 14 122 197 26 190 144 84 0 52 114 116 110 131 39 11 146 192 127 157 76 29 166 59 100 3 162 92 105 148 189 65 152 178 36 183 28 109 48 17 171 45 120 173 158 23 31 135 60 25 198 6 81 77 8 137 123 117 15 50 193 62 43 187 115 121 169 47 83 10 51 86 125 95 165 164 103 118 18 98 91 9 174 196 44 96 80 32 155 99 56 73 35 13 191 107 68 141 179 130 188 72 2 58 40 88 153 20 139 163 
cpTO[1]=29594.676168 
cpSO[1]=
134 54 19 63 161 159 78 12 14 122 197 26 190 144 84 0 52 114 116 110 131 39 146 11 45 171 120 173 158 23 31 135 60 25 198 6 81 77 8 137 123 36 183 28 109 17 48 189 148 105 92 162 3 100 59 191 13 174 9 91 98 18 118 65 152 178 117 15 50 193 62 43 187 115 121 169 51 10 83 47 165 86 125 95 164 103 96 80 196 44 32 155 99 73 56 35 107 68 141 179 130 188 72 2 58 88 40 166 127 192 157 76 79 160 124 180 1 34 67 29 168 172 22 163 139 20 153 101 75 69 143 149 90 94 93 181 194 112 175 132 136 42 104 4 177 151 55 195 85 138 49 167 184 61 82 71 129 70 37 38 27 147 87 113 97 199 170 140 57 33 89 24 16 142 102 145 128 133 21 7 154 182 74 53 5 108 106 156 186 150 64 176 66 30 46 119 111 126 185 41 
cpTO[2]=32062.046828 
cpSO[2]=
154 111 126 185 134 41 54 119 46 30 66 161 63 19 159 78 176 12 14 122 197 26 190 144 84 131 0 52 114 116 110 158 173 120 45 171 39 146 11 48 189 17 109 28 183 23 31 135 60 25 198 6 81 77 8 137 123 36 117 15 50 193 62 178 65 152 43 187 115 121 169 10 51 86 125 95 164 103 165 83 47 118 18 98 91 9 174 196 44 96 80 32 155 99 73 56 35 13 191 148 105 92 162 3 100 59 107 68 141 179 130 188 2 72 58 88 40 166 127 192 157 76 79 64 156 106 108 5 186 150 160 53 61 82 71 138 49 184 167 124 180 1 34 168 67 29 172 22 163 139 20 153 101 69 75 143 149 90 94 93 181 194 112 175 132 136 42 104 4 85 195 177 151 55 37 70 129 38 27 147 87 199 170 140 57 97 113 128 145 102 33 89 142 24 16 7 21 133 74 182 
cpTO[3]=32945.358275 
cpSO[3]=
22 163 139 20 153 101 69 75 143 149 90 93 181 94 167 184 49 85 138 71 61 82 128 102 113 97 87 27 38 129 37 70 195 4 104 136 112 194 175 132 42 177 151 55 147 199 170 140 57 33 89 142 24 16 145 7 133 21 182 154 74 53 186 5 108 106 156 111 119 126 185 134 41 54 63 19 161 66 46 30 64 176 159 78 12 14 122 197 26 190 144 84 131 39 146 11 0 52 114 116 110 45 171 120 173 158 23 31 135 60 25 198 6 81 77 8 137 123 36 183 28 109 17 48 189 178 117 15 62 50 193 121 115 187 43 152 65 118 165 47 169 83 10 51 86 125 95 164 103 96 196 44 80 32 155 99 73 56 35 174 9 91 18 98 13 191 148 105 92 162 3 100 192 127 59 107 68 141 179 130 188 72 2 58 88 40 166 157 76 79 150 160 124 180 1 34 67 29 168 172 
cpTO[4]=32744.415263 
cpSO[4]=
30 64 176 66 54 41 134 19 63 161 159 78 12 14 122 197 190 26 146 39 131 84 144 0 52 110 114 116 158 173 120 11 45 171 23 31 135 60 25 198 6 81 77 8 137 123 117 15 50 62 193 121 115 187 43 152 65 178 36 183 28 109 17 48 189 148 105 92 162 3 100 192 127 59 191 13 98 18 118 91 9 174 196 44 103 164 95 165 47 169 83 10 51 86 125 96 80 32 155 99 73 56 35 107 68 141 179 130 188 2 72 58 166 157 76 79 150 160 40 88 153 20 139 163 22 143 101 69 75 93 90 149 172 168 29 67 34 1 180 124 167 184 49 61 82 71 129 138 85 94 181 194 112 175 132 136 42 104 4 195 177 151 55 70 37 38 27 147 87 113 97 199 170 140 57 128 145 102 33 89 142 24 16 7 21 133 154 182 74 53 186 5 108 106 156 111 126 185 119 46 
cpTO[5]=256989.786082 
cpSO[5]=
172 125 197 143 149 25 173 64 157 161 86 83 110 147 24 167 99 81 29 44 8 183 191 118 160 22 78 12 13 195 40 47 63 46 55 58 187 117 169 31 4 71 88 109 36 121 50 130 67 45 5 135 148 105 9 106 70 89 140 33 100 61 16 17 123 171 188 68 103 80 54 52 168 108 69 53 129 139 60 158 102 28 101 179 96 155 56 49 66 134 159 19 193 82 104 192 107 145 79 122 18 3 141 15 178 98 196 142 177 93 150 10 43 180 73 75 32 120 1 181 175 112 38 176 185 153 30 165 137 186 59 27 170 199 72 76 92 35 166 23 198 189 34 94 190 85 132 37 21 152 26 128 84 116 144 62 65 14 162 164 95 114 0 184 163 182 87 57 138 74 2 146 154 174 156 113 124 97 136 41 90 194 42 151 111 126 119 48 127 7 133 20 131 91 51 77 39 6 115 11 
cpTO[6]=242180.253611 
cpSO[6]=
41 7 102 113 69 147 27 141 105 31 86 121 162 20 137 111 131 144 63 53 154 37 158 1 18 190 192 43 160 25 56 157 134 75 112 189 165 83 77 0 110 168 23 178 117 32 44 39 197 135 84 26 187 28 17 109 88 108 22 57 82 119 129 104 49 122 66 125 171 74 149 179 55 19 29 5 6 106 79 87 151 71 138 181 194 164 80 101 152 9 123 180 16 195 64 46 52 114 174 167 132 170 33 89 24 133 124 14 8 169 95 100 65 48 150 107 91 173 85 12 148 68 60 81 36 98 50 15 183 198 76 188 73 185 127 120 45 193 51 10 115 156 176 62 35 96 196 67 136 93 78 159 199 140 182 146 34 94 191 103 184 21 58 145 186 172 143 155 38 142 130 90 70 11 163 153 92 2 13 161 4 72 166 3 61 118 99 47 59 97 139 30 126 116 54 177 42 175 128 40 
cpTO[7]=259175.097715 
cpSO[7]=
157 127 22 74 167 156 98 29 94 134 76 146 84 142 11 191 120 40 173 174 81 50 111 57 70 61 36 63 138 78 168 60 59 71 136 34 69 75 79 101 186 100 190 184 193 188 164 51 8 10 15 133 46 66 116 54 21 33 90 31 139 13 3 82 150 12 115 152 9 65 121 189 0 16 148 108 126 131 64 176 183 144 130 169 180 151 122 114 194 83 91 43 72 128 199 160 140 143 109 99 161 182 5 179 112 175 197 185 28 145 166 67 124 62 56 44 137 53 1 113 129 107 178 20 153 37 102 195 147 27 49 163 158 162 19 154 104 159 106 172 41 165 141 93 89 24 119 73 18 55 88 92 96 103 25 135 45 149 170 38 4 39 192 198 14 52 17 6 35 77 58 155 132 42 30 2 196 32 118 87 97 85 110 23 123 68 80 48 171 7 177 26 125 117 47 187 105 95 86 181 
cpTO[8]=253191.871483 
cpSO[8]=
149 16 199 139 94 140 142 4 12 126 133 138 49 194 154 144 173 90 169 121 167 47 74 124 176 162 100 191 159 161 182 15 11 21 170 39 125 193 183 82 20 103 78 3 86 36 137 187 50 118 189 76 57 184 24 37 101 190 116 13 197 48 122 115 196 77 81 51 28 83 123 114 158 111 34 130 177 105 5 102 19 97 27 172 195 108 8 2 89 128 46 157 26 135 119 152 164 141 59 88 93 55 58 131 17 60 14 65 66 155 69 185 33 143 61 79 99 117 41 35 44 168 146 64 109 156 30 163 42 29 106 87 38 153 160 7 113 192 129 85 181 112 71 104 110 198 45 151 84 166 127 188 91 174 150 147 136 180 73 148 171 53 98 1 40 67 0 92 175 75 54 32 6 52 31 23 120 43 80 178 165 18 96 107 62 63 134 25 56 9 70 72 95 10 68 186 145 22 179 132 
cpTO[9]=263232.960893 
cpSO[9]=
29 118 166 35 174 103 45 17 162 14 131 169 115 178 86 98 100 126 134 27 147 101 12 96 137 191 92 197 30 140 89 176 177 125 1 40 13 90 87 33 64 52 7 116 171 160 157 156 26 119 192 145 168 123 161 179 18 59 91 106 79 20 139 60 49 3 34 172 110 128 189 56 99 165 152 73 159 11 68 105 193 23 4 71 55 181 175 82 109 122 183 158 146 187 62 163 46 136 104 42 76 112 194 69 132 111 155 107 143 63 32 80 47 88 151 117 53 81 198 127 108 93 133 182 54 102 84 9 95 170 130 44 190 77 6 141 129 124 43 120 36 51 58 66 48 65 50 15 153 173 41 8 114 61 83 19 148 25 135 21 150 154 97 67 167 16 38 142 75 0 72 85 94 24 196 10 164 121 184 149 37 185 78 57 113 144 28 74 5 22 39 180 70 138 31 2 186 195 188 199 
ini=
 best=29594.676168
134 54 19 63 161 159 78 12 14 122 197 26 190 144 84 0 52 114 116 110 131 39 146 11 45 171 120 173 158 23 31 135 60 25 198 6 81 77 8 137 123 36 183 28 109 17 48 189 148 105 92 162 3 100 59 191 13 174 9 91 98 18 118 65 152 178 117 15 50 193 62 43 187 115 121 169 51 10 83 47 165 86 125 95 164 103 96 80 196 44 32 155 99 73 56 35 107 68 141 179 130 188 72 2 58 88 40 166 127 192 157 76 79 160 124 180 1 34 67 29 168 172 22 163 139 20 153 101 75 69 143 149 90 94 93 181 194 112 175 132 136 42 104 4 177 151 55 195 85 138 49 167 184 61 82 71 129 70 37 38 27 147 87 113 97 199 170 140 57 33 89 24 16 142 102 145 128 133 21 7 154 182 74 53 5 108 106 156 186 150 64 176 66 30 46 119 111 126 185 41 
t=0.002500solution is:29444.081299.       temperature is:1.679040
Mon Dec 09 15:33:52 2013
The average run time for the algorithm is : 27.600600
The average solution for the algorithm is : 29471.374748
The maxx solution for the algorithm is : 29667.875297
 The minn solution for the algorithm is : 29391.833209 
The average error for the algorithm is : 0.003520
