var1=:0.999995389
var2=:0.999990779
a=0.001526
times: 0
cpTO[0]=149134.271749 
cpSO[0]=
219 234 233 271 272 232 221 222 223 189 184 149 150 142 151 141 140 118 114 116 119 122 100 125 123 121 120 137 155 156 157 158 160 174 172 175 199 200 201 211 210 245 246 257 258 244 243 212 213 214 242 241 240 216 217 218 239 237 238 308 307 306 305 304 303 302 301 269 270 300 298 299 297 334 333 332 331 330 328 327 329 326 325 324 320 319 322 323 321 310 309 311 312 259 260 261 262 263 264 265 266 267 268 235 236 220 190 183 191 152 153 181 182 192 193 194 195 196 197 215 198 177 176 178 179 180 154 139 138 117 115 101 103 112 113 102 90 89 70 68 69 71 87 88 106 104 105 107 143 145 144 147 146 111 108 110 109 72 73 63 25 26 27 28 30 29 31 61 60 59 58 33 32 16 15 14 13 12 11 9 8 7 6 42 44 45 48 1 2 0 3 4 5 40 39 10 36 34 35 57 85 77 86 76 75 74 62 24 64 65 67 66 23 22 20 21 19 18 17 91 92 93 99 95 94 97 96 131 132 130 127 98 124 129 128 133 161 159 136 126 135 134 162 164 163 165 166 168 167 169 170 171 173 203 202 204 205 206 207 209 247 248 251 249 250 208 252 253 254 255 256 313 314 315 316 317 318 403 404 416 417 427 428 430 401 400 399 386 384 385 387 377 369 359 336 335 364 365 366 367 368 363 362 361 360 337 338 293 294 295 296 273 274 275 276 277 278 292 291 290 289 288 287 231 230 284 279 285 286 339 346 344 345 347 348 351 352 353 354 355 357 358 356 350 349 376 375 379 378 389 388 415 414 418 432 431 429 426 423 421 422 411 409 424 425 410 408 407 402 433 437 436 435 434 438 282 283 343 342 341 228 226 227 281 280 229 186 187 224 188 78 56 37 38 41 43 79 80 81 53 54 55 52 49 47 46 50 51 82 83 84 185 148 225 340 372 370 371 382 373 374 380 390 391 398 397 394 383 381 393 392 396 395 412 406 405 413 420 419 
cpTO[0]=149134.271749 
cpTO[1]=149989.982732 
cpSO[1]=
219 221 220 218 217 216 215 214 213 244 245 210 211 212 209 246 247 249 251 248 254 253 252 250 208 207 169 171 170 206 205 204 202 201 175 200 199 198 197 196 195 194 180 179 178 177 176 160 161 174 203 173 172 164 166 167 168 165 163 162 133 134 135 159 136 123 125 126 128 129 130 131 132 96 95 97 98 127 124 122 100 99 94 93 92 91 119 121 120 118 138 137 158 157 156 155 139 140 141 151 112 103 104 105 106 90 71 87 88 89 70 69 68 67 66 65 64 24 25 26 27 28 30 29 31 61 60 59 58 57 77 85 86 76 75 74 73 109 110 143 142 115 117 116 114 113 102 101 17 18 19 21 20 22 23 63 62 72 107 108 111 145 146 147 144 184 149 150 152 153 154 181 182 192 193 191 183 190 189 222 223 273 274 275 276 277 278 295 294 293 338 337 359 335 336 296 297 298 299 272 232 233 234 235 236 237 238 239 240 241 242 243 261 262 263 307 308 309 311 312 260 259 310 321 325 324 323 322 320 318 319 313 258 257 256 255 315 314 317 316 401 403 404 416 417 430 428 427 387 400 399 415 414 418 385 384 386 377 367 366 365 331 330 301 302 329 328 327 326 303 304 305 306 264 265 266 267 268 269 270 271 300 334 333 332 364 363 362 361 360 368 369 357 355 354 356 358 292 291 290 289 353 352 350 351 349 347 344 345 346 348 287 288 231 224 230 279 284 285 286 339 375 376 378 388 389 379 390 374 373 340 281 280 229 186 187 188 81 80 79 78 56 37 38 40 42 43 46 48 45 44 41 36 35 34 33 15 16 32 11 39 10 14 13 12 9 8 7 6 5 4 3 0 2 1 49 47 55 54 53 52 50 51 84 83 82 148 225 226 185 228 227 282 283 438 436 437 435 434 433 402 396 394 392 393 383 382 381 380 371 372 370 341 342 343 407 408 409 424 425 423 426 429 432 431 421 422 410 411 412 406 395 397 391 398 405 413 420 419 
cpTO[1]=149989.982732 
cpTO[2]=136092.529121 
cpSO[2]=
331 329 330 328 327 326 325 324 322 323 321 320 310 311 312 260 261 309 308 262 241 263 307 306 305 266 265 264 237 238 239 240 217 216 197 198 199 200 175 174 160 161 159 158 176 178 177 196 179 195 194 193 182 191 183 192 218 219 220 236 235 221 190 222 271 270 269 300 301 302 303 304 267 268 234 232 233 223 189 184 143 107 87 70 71 65 64 23 22 21 20 19 17 18 66 67 68 69 88 89 90 91 101 103 106 105 104 113 112 102 114 116 119 93 92 94 95 96 97 99 100 122 124 98 127 129 128 126 125 123 121 139 154 180 181 153 152 150 149 142 151 141 140 115 117 118 120 138 155 156 157 137 136 135 134 133 162 163 130 131 132 166 164 165 172 173 203 201 202 204 249 209 206 205 171 170 169 168 167 207 250 208 252 251 253 254 248 247 246 245 210 211 212 213 215 214 244 242 243 259 258 257 256 255 313 315 314 318 319 316 317 401 403 404 416 417 430 428 427 415 414 399 400 387 386 385 384 377 366 368 367 363 362 361 364 365 333 332 299 272 273 274 275 276 277 278 293 295 296 297 298 334 335 336 294 337 369 359 360 338 358 357 356 355 354 353 351 352 350 349 347 348 346 345 344 378 376 375 379 389 388 420 419 418 413 398 391 390 392 393 381 382 383 394 397 396 395 405 406 411 412 426 423 424 408 425 429 432 431 421 422 409 410 407 402 433 437 435 436 434 438 282 283 343 342 341 340 372 370 371 373 374 380 339 287 288 279 284 285 286 289 290 292 291 231 230 224 187 188 186 229 280 281 228 227 226 225 185 148 82 83 84 52 53 81 80 79 56 57 78 55 54 46 47 49 50 51 48 1 2 0 3 4 5 6 7 8 9 10 40 42 45 44 43 41 38 37 39 11 12 13 14 15 16 32 36 35 33 34 77 85 86 76 58 75 74 60 59 61 31 29 30 28 27 25 26 63 24 62 72 73 108 145 146 144 147 109 110 111 
cpTO[2]=136092.529121 
cpTO[3]=142093.223360 
cpSO[3]=
331 330 328 329 302 303 327 326 325 324 323 321 320 319 318 317 316 314 315 255 253 254 251 252 208 250 249 248 247 246 245 210 209 211 201 202 203 174 175 158 139 138 137 136 135 123 125 134 133 162 161 159 160 173 172 163 164 129 128 126 124 122 121 120 118 119 116 115 141 140 117 114 102 113 112 103 104 106 105 87 70 89 90 69 66 67 68 101 91 92 93 100 99 94 97 95 18 19 17 96 98 127 130 131 132 166 165 168 169 167 170 171 207 206 205 204 200 199 214 240 239 218 217 216 215 197 177 176 198 196 195 194 193 181 180 179 178 156 157 155 154 153 152 150 151 142 149 183 191 182 192 221 232 233 234 235 266 267 268 269 270 271 223 222 272 275 276 277 295 294 293 278 292 291 354 355 357 356 358 369 359 338 360 361 362 368 386 387 401 403 404 416 417 427 428 430 415 414 399 400 385 384 377 367 365 366 363 364 334 335 336 337 296 297 274 273 298 299 332 333 300 301 304 305 306 307 308 309 322 310 311 312 313 256 257 258 259 242 213 212 244 243 241 260 261 262 263 264 265 238 237 236 219 220 190 189 184 144 147 146 145 143 108 107 88 71 64 65 23 21 20 22 24 63 26 25 27 28 29 61 74 75 60 59 58 76 77 85 86 290 289 288 287 285 286 339 375 349 351 353 352 350 376 348 345 347 346 344 284 279 231 230 224 188 187 229 280 281 340 372 370 371 373 374 380 381 382 383 393 394 392 396 395 397 398 391 390 379 378 389 388 418 419 420 413 405 406 411 412 409 424 422 421 431 432 429 426 423 425 433 437 436 435 434 438 402 407 408 410 343 342 341 283 282 227 228 226 225 185 186 148 84 83 82 54 55 53 52 47 46 49 50 51 1 2 0 3 4 5 6 7 8 9 10 11 36 37 38 39 40 42 45 48 44 43 41 81 79 80 78 56 57 34 35 12 13 14 15 16 33 32 31 30 62 73 72 109 110 111 
cpTO[3]=142093.223360 
cpTO[4]=151626.282947 
cpSO[4]=
219 220 190 183 191 192 193 194 180 179 178 177 198 196 195 197 215 214 213 212 211 202 201 200 199 175 174 176 158 157 137 155 153 182 181 154 156 159 160 172 171 173 203 204 205 206 170 169 165 162 133 161 134 135 136 127 98 122 124 96 97 95 18 19 17 22 23 65 64 24 20 21 66 67 68 69 91 101 90 89 103 104 105 88 70 71 87 106 107 108 63 25 26 27 28 62 61 74 75 60 59 58 77 85 86 73 72 30 29 31 15 16 14 13 12 7 8 9 6 5 3 4 45 46 47 48 1 2 0 51 50 49 53 52 82 83 84 185 148 225 226 227 228 281 280 229 186 224 187 188 80 81 55 54 43 41 42 44 40 38 39 10 11 36 35 34 33 32 78 79 37 56 57 76 109 146 111 110 145 143 144 147 184 278 295 296 297 298 272 273 274 275 276 277 294 293 338 337 336 335 334 333 332 299 300 301 302 303 329 387 386 385 384 369 358 357 356 355 354 352 353 351 350 349 348 347 375 379 376 344 345 346 286 339 340 230 231 279 284 285 288 287 289 290 291 292 359 360 361 362 363 364 368 367 377 366 365 331 330 328 327 326 323 322 308 309 310 321 319 320 324 325 306 305 304 267 266 265 264 239 238 240 218 217 216 242 241 243 244 245 257 256 255 246 247 248 251 254 253 252 249 210 209 250 208 207 167 168 166 164 163 132 131 130 129 128 126 125 123 121 100 99 94 93 92 119 116 114 115 117 118 120 138 139 140 141 102 113 112 142 151 152 150 149 189 223 222 221 232 271 270 269 268 233 234 235 236 237 263 307 262 261 260 259 258 311 312 313 314 315 316 317 318 403 401 404 416 417 427 428 430 415 399 400 414 388 378 389 390 391 398 397 392 394 393 383 382 381 380 374 373 372 371 370 341 342 343 282 283 438 434 435 437 436 433 402 407 410 408 425 409 424 423 422 421 431 432 429 426 411 412 395 396 406 405 413 418 420 419 
cpTO[4]=151626.282947 
cpTO[5]=139782.790641 
cpSO[5]=
33 32 16 15 14 13 12 10 9 8 7 6 5 4 3 0 2 1 48 47 50 51 49 53 52 54 55 46 45 44 42 39 40 38 41 43 81 79 80 78 37 11 36 35 34 56 57 77 58 59 74 75 60 61 76 86 85 188 187 224 186 185 84 83 82 148 280 229 230 231 279 284 285 286 339 340 341 281 225 226 228 282 227 283 343 342 372 370 371 382 381 374 373 380 383 394 393 392 397 396 438 435 434 436 437 433 402 407 408 410 425 424 423 426 429 431 432 421 422 411 409 412 395 406 405 420 419 418 413 388 378 389 398 391 390 379 375 376 349 351 353 354 350 352 346 348 347 345 344 287 288 289 290 291 292 357 355 356 358 369 360 359 338 336 337 335 334 333 332 299 298 295 296 297 278 294 293 277 276 275 274 272 273 271 232 233 235 234 221 222 223 189 190 184 144 147 146 143 111 145 109 110 73 72 29 31 30 62 28 27 26 25 63 24 64 65 71 87 70 69 101 102 114 113 112 105 104 103 90 89 88 106 107 108 142 151 141 139 138 137 140 115 117 118 120 116 119 121 122 123 125 135 136 159 158 157 178 179 156 155 154 153 152 150 149 183 191 182 181 180 193 192 218 219 220 236 237 238 266 267 268 269 270 300 301 302 329 303 304 326 327 328 330 331 365 364 362 363 361 368 367 366 377 384 385 387 386 400 399 415 414 430 428 427 417 416 404 403 401 322 323 324 325 305 265 264 306 307 308 259 244 213 243 242 214 212 211 210 246 245 258 257 256 313 314 315 316 317 318 319 320 321 312 311 310 309 260 261 262 263 241 240 217 239 216 215 196 195 194 197 198 199 200 177 176 175 203 201 202 204 209 249 250 251 247 248 255 254 253 252 208 207 206 205 170 167 169 168 165 171 173 172 174 160 161 162 134 133 163 164 166 132 131 130 126 128 129 127 96 97 98 124 99 95 94 100 93 92 91 68 67 18 17 19 66 21 20 22 23 
cpTO[5]=139782.790641 
cpTO[6]=154031.678533 
cpSO[6]=
47 51 50 49 46 43 45 48 1 2 0 3 4 5 6 7 8 9 11 10 39 40 42 44 41 38 37 36 35 34 33 57 56 80 81 55 53 54 188 187 224 229 280 342 341 340 281 228 282 227 226 185 225 148 84 83 82 186 52 79 78 77 85 86 76 75 74 61 60 59 58 32 12 13 14 15 16 31 29 30 27 26 25 72 62 28 73 63 24 21 20 22 23 64 68 67 69 70 89 90 101 91 92 93 17 18 19 66 65 71 87 88 106 105 104 103 112 113 102 115 141 150 152 153 191 183 190 220 192 193 182 181 180 194 195 215 214 213 212 211 210 245 244 259 260 243 242 241 262 261 309 310 323 324 322 321 312 313 256 246 257 258 311 320 319 403 404 416 417 427 428 430 415 399 414 401 316 317 318 314 315 255 253 254 251 252 250 208 207 249 248 247 209 204 205 206 169 167 168 170 171 173 202 201 203 174 175 200 199 198 197 196 179 177 178 176 158 156 154 155 157 136 159 160 161 172 162 163 129 130 131 132 166 165 164 135 134 133 128 127 124 98 97 96 95 94 99 114 116 117 118 120 121 119 100 122 126 125 123 137 138 139 140 151 142 149 184 147 146 111 110 109 108 107 145 143 144 189 221 222 223 274 273 272 270 269 268 304 327 326 328 329 330 331 366 367 386 387 400 385 384 377 368 363 362 361 360 359 369 358 356 357 355 354 353 352 376 375 378 391 390 380 374 373 371 372 370 382 381 383 393 394 392 395 402 343 283 438 434 435 436 437 433 407 408 410 409 424 425 423 429 431 432 426 421 422 411 412 406 397 396 398 405 413 420 419 418 388 389 379 344 345 347 351 350 349 348 346 339 286 285 284 279 230 231 287 288 289 290 291 292 338 337 294 293 278 277 276 275 296 295 336 335 334 333 364 365 332 297 298 299 300 303 302 301 271 232 233 234 235 236 237 238 219 218 217 216 240 239 263 308 307 306 325 264 265 305 266 267 
cpTO[6]=154031.678533 
cpTO[7]=145831.414443 
cpSO[7]=
397 393 392 394 396 412 411 423 424 426 429 432 431 422 421 406 395 402 407 408 410 409 425 433 434 435 436 437 438 282 227 228 281 229 280 225 226 148 185 84 83 82 51 50 49 52 53 54 55 43 41 38 40 42 44 45 48 46 47 1 2 0 3 4 5 6 7 8 9 10 39 37 36 35 34 11 12 13 14 15 16 32 33 31 29 62 30 74 75 61 60 59 76 86 85 77 58 57 56 78 79 80 81 188 187 186 224 230 231 279 284 285 286 339 340 341 283 343 342 373 374 372 370 371 382 381 383 390 380 391 398 405 413 420 419 418 414 415 388 389 379 378 376 375 344 345 346 348 347 349 287 288 289 290 350 352 351 353 354 355 357 356 358 291 292 293 294 338 337 336 361 360 359 369 362 363 335 334 333 332 331 299 298 297 296 295 278 277 276 275 274 273 272 300 301 302 329 303 327 328 330 365 364 366 368 367 377 384 385 386 387 399 400 416 427 430 428 417 404 403 401 316 317 318 319 314 313 257 256 255 254 315 253 252 208 250 249 207 206 205 204 202 201 200 176 175 197 198 199 177 178 180 179 155 157 158 156 154 153 152 150 151 142 149 183 191 192 194 193 182 181 195 196 216 214 241 242 260 244 243 261 262 263 306 305 326 325 324 323 322 321 320 308 307 309 310 311 312 259 258 246 247 248 251 209 210 245 211 212 213 215 217 218 219 220 190 189 184 144 143 107 108 106 105 104 103 102 101 92 91 93 100 99 94 95 97 98 127 129 128 126 124 122 125 123 121 120 119 116 117 115 114 113 112 141 140 118 139 138 137 136 135 159 161 134 133 162 172 160 174 203 173 171 167 170 169 168 166 164 165 163 132 131 130 96 17 18 19 20 21 23 65 66 67 68 90 89 69 88 87 70 71 64 22 24 27 28 26 25 63 72 73 111 110 109 145 146 147 223 222 221 233 232 271 270 269 268 234 235 236 237 238 239 240 264 265 266 267 304 
cpTO[7]=145831.414443 
cpTO[8]=145327.520072 
cpSO[8]=
50 51 1 2 0 82 83 84 148 226 225 227 228 281 280 229 230 340 341 342 343 283 282 434 435 438 436 437 433 402 408 407 410 425 409 424 423 426 429 432 431 421 422 411 412 395 406 405 420 419 418 413 391 390 398 397 396 392 394 383 393 381 382 370 371 380 372 373 374 379 389 388 378 375 344 345 376 350 352 354 355 357 358 356 353 289 290 292 291 351 349 348 347 346 288 287 339 286 285 284 279 231 188 186 187 224 185 52 53 54 55 81 79 80 49 46 47 48 45 4 3 5 6 7 8 9 40 42 44 43 38 41 37 36 39 10 11 12 13 14 15 16 32 33 34 35 78 56 57 58 77 85 86 74 75 76 59 60 61 31 30 29 28 26 25 27 62 72 73 108 107 143 145 109 110 111 146 147 144 184 189 222 223 273 272 274 275 276 277 278 293 294 295 337 336 338 360 359 369 368 363 362 361 335 334 333 332 296 298 297 299 300 302 329 330 327 326 325 324 323 322 320 321 310 309 311 312 259 260 261 308 307 263 262 241 242 243 245 258 257 256 255 315 314 313 316 317 318 319 401 403 416 417 427 430 428 404 415 414 399 400 387 386 384 385 366 367 377 365 364 331 328 303 301 267 268 269 270 271 233 234 235 232 221 220 219 236 237 238 265 306 305 304 266 264 239 218 217 216 240 214 215 197 195 192 193 194 182 191 183 190 153 141 139 140 117 118 119 121 120 138 155 156 157 137 123 125 126 133 134 136 135 158 159 160 172 173 203 202 201 200 175 174 161 162 163 165 164 166 132 131 130 129 128 127 98 97 96 95 94 99 124 122 100 93 92 91 101 103 104 105 106 87 88 70 71 63 24 64 21 20 22 23 65 66 69 68 67 19 18 17 90 89 102 116 114 112 115 113 151 142 149 150 152 154 181 180 179 178 176 177 196 198 199 213 244 212 211 210 209 205 204 171 170 168 167 169 207 208 252 253 254 251 248 247 246 249 250 206 
cpTO[8]=145327.520072 
cpTO[9]=151939.771687 
cpSO[9]=
283 343 342 341 370 371 372 374 380 373 381 382 340 280 229 186 148 185 225 226 228 281 227 282 438 434 435 437 436 433 402 407 408 410 422 421 426 432 431 429 423 424 425 409 411 412 395 406 405 396 394 392 393 383 390 397 391 398 413 420 418 419 388 389 379 378 357 355 354 356 358 369 386 387 400 401 403 416 404 417 427 428 430 415 414 399 385 384 368 359 338 336 361 360 362 363 367 377 366 365 364 333 334 335 337 293 294 295 296 297 332 299 298 273 274 275 276 277 278 292 291 351 349 376 375 347 345 344 339 285 287 288 289 290 353 352 350 348 346 286 284 279 231 230 187 224 188 84 83 82 52 53 47 79 80 81 55 54 50 51 1 48 45 44 6 5 4 3 0 2 49 46 43 42 7 8 9 11 12 13 34 33 14 15 16 31 32 35 36 10 39 40 41 38 37 78 56 57 58 76 77 85 86 74 75 59 60 61 30 29 28 25 24 27 26 72 73 62 63 106 107 111 110 109 108 143 145 146 147 184 144 189 149 150 142 151 152 153 154 182 181 180 195 194 193 192 191 183 190 222 223 272 232 233 234 271 270 269 301 300 302 329 330 331 328 303 304 305 306 264 265 266 267 268 235 221 220 237 236 238 239 219 218 217 240 216 215 214 213 212 211 200 199 175 176 177 198 197 196 179 178 156 158 157 155 139 140 141 117 118 120 116 114 92 91 101 102 115 113 112 103 104 105 89 90 69 70 88 87 71 64 65 68 67 66 20 22 23 21 19 18 94 99 124 125 123 121 138 137 136 135 134 159 133 128 126 122 100 119 93 17 95 96 97 98 127 129 130 131 132 166 164 165 163 162 161 160 174 173 172 168 167 169 170 171 207 206 205 204 203 201 202 209 210 245 246 247 248 249 250 252 208 251 315 314 318 319 320 321 322 323 324 325 327 326 308 307 310 309 262 263 241 242 243 244 261 260 259 311 312 313 258 257 256 255 254 253 316 317 
cpTO[9]=151939.771687 
ini=
 best=136092.529121 position=2
331 329 330 328 327 326 325 324 322 323 321 320 310 311 312 260 261 309 308 262 241 263 307 306 305 266 265 264 237 238 239 240 217 216 197 198 199 200 175 174 160 161 159 158 176 178 177 196 179 195 194 193 182 191 183 192 218 219 220 236 235 221 190 222 271 270 269 300 301 302 303 304 267 268 234 232 233 223 189 184 143 107 87 70 71 65 64 23 22 21 20 19 17 18 66 67 68 69 88 89 90 91 101 103 106 105 104 113 112 102 114 116 119 93 92 94 95 96 97 99 100 122 124 98 127 129 128 126 125 123 121 139 154 180 181 153 152 150 149 142 151 141 140 115 117 118 120 138 155 156 157 137 136 135 134 133 162 163 130 131 132 166 164 165 172 173 203 201 202 204 249 209 206 205 171 170 169 168 167 207 250 208 252 251 253 254 248 247 246 245 210 211 212 213 215 214 244 242 243 259 258 257 256 255 313 315 314 318 319 316 317 401 403 404 416 417 430 428 427 415 414 399 400 387 386 385 384 377 366 368 367 363 362 361 364 365 333 332 299 272 273 274 275 276 277 278 293 295 296 297 298 334 335 336 294 337 369 359 360 338 358 357 356 355 354 353 351 352 350 349 347 348 346 345 344 378 376 375 379 389 388 420 419 418 413 398 391 390 392 393 381 382 383 394 397 396 395 405 406 411 412 426 423 424 408 425 429 432 431 421 422 409 410 407 402 433 437 435 436 434 438 282 283 343 342 341 340 372 370 371 373 374 380 339 287 288 279 284 285 286 289 290 292 291 231 230 224 187 188 186 229 280 281 228 227 226 225 185 148 82 83 84 52 53 81 80 79 56 57 78 55 54 46 47 49 50 51 48 1 2 0 3 4 5 6 7 8 9 10 40 42 45 44 43 41 38 37 39 11 12 13 14 15 16 32 36 35 33 34 77 85 86 76 58 75 74 60 59 61 31 29 30 28 27 25 26 63 24 62 72 73 108 145 146 144 147 109 110 111 
solution is:108787.263499.       temperature is:0.028953
Mon Dec 09 20:22:53 2013
times: 1
cpTO[0]=136057.164468 
cpSO[0]=
219 218 217 216 240 241 242 214 213 212 244 243 259 260 261 262 263 239 238 237 236 235 268 267 266 265 264 308 307 306 305 304 303 302 301 269 270 233 234 220 190 183 191 182 181 192 193 194 195 196 197 215 198 177 176 178 179 180 153 152 154 139 138 137 155 156 157 158 159 136 135 134 161 160 172 174 175 199 200 201 203 202 204 171 173 205 206 207 170 169 167 168 165 166 164 163 162 133 127 132 131 130 129 128 126 125 123 121 120 118 117 115 102 113 112 103 101 90 89 68 69 70 71 87 88 106 105 104 107 143 145 144 147 146 111 110 109 108 73 72 74 75 76 86 85 77 57 34 35 36 10 39 40 42 44 45 48 1 2 0 3 4 5 6 7 8 9 11 12 13 14 15 16 32 33 58 59 60 61 31 30 29 27 28 62 26 25 63 24 64 65 67 66 21 23 22 20 19 18 17 91 92 93 99 94 95 96 97 98 124 122 100 119 116 114 140 141 151 142 150 149 184 189 223 222 221 232 271 300 272 299 298 297 334 333 332 331 330 329 328 327 326 325 324 323 322 320 319 321 310 309 311 312 258 257 246 245 210 211 209 247 248 251 249 250 208 252 253 254 255 256 313 314 315 316 317 318 401 403 404 416 417 427 428 430 400 399 387 386 385 384 377 367 366 365 364 368 363 362 361 369 359 360 335 336 337 338 293 294 295 296 273 274 275 276 277 278 292 291 290 289 288 287 231 230 279 284 285 286 339 346 344 345 347 348 351 353 356 358 357 355 354 352 350 349 376 375 379 378 389 388 415 414 418 420 413 405 406 412 395 396 397 394 383 382 381 393 392 398 391 390 380 374 373 371 370 372 340 280 229 186 224 187 188 43 41 38 37 56 78 79 80 81 55 54 53 52 46 47 49 50 51 82 83 84 185 148 225 226 227 228 281 341 342 343 283 282 438 434 435 436 437 433 402 407 408 410 425 424 409 411 422 421 423 426 429 432 431 419 
cpTO[0]=136057.164468 
cpTO[1]=132985.553148 
cpSO[1]=
219 221 220 218 217 216 215 214 213 244 245 212 211 210 209 246 247 248 249 251 254 253 252 250 208 207 206 170 171 205 204 202 201 175 200 199 198 197 196 195 194 193 180 179 178 177 176 160 161 174 203 173 172 164 166 167 169 168 165 163 162 133 134 135 159 136 123 125 126 128 129 130 131 132 96 95 97 98 127 124 122 100 119 121 120 118 138 137 157 158 156 155 139 140 141 151 142 115 117 116 114 91 92 93 99 94 17 18 19 20 21 64 22 23 65 66 67 68 69 70 71 87 88 89 90 101 102 113 112 103 104 105 106 108 107 72 62 63 24 25 26 27 28 30 29 31 61 60 59 58 57 77 85 86 76 75 74 73 109 110 111 145 143 146 147 144 184 149 150 152 153 154 181 182 192 191 183 190 189 223 222 232 233 234 235 236 237 238 239 240 241 242 243 261 262 263 307 308 309 310 321 325 324 323 322 320 318 319 313 312 311 260 259 258 257 256 255 315 314 317 316 401 403 404 416 417 427 428 430 418 414 415 399 400 387 385 386 384 377 367 366 365 331 330 328 327 326 329 302 301 303 304 305 306 264 265 266 267 268 269 270 271 300 332 333 334 364 363 362 361 336 335 296 297 298 299 272 273 274 275 276 277 278 295 294 293 338 337 359 360 368 369 357 355 354 356 358 292 291 290 289 353 352 350 351 349 347 345 344 346 348 288 287 231 224 230 279 284 285 286 339 375 376 379 378 388 389 398 395 397 396 394 393 373 374 380 390 391 392 383 382 381 371 370 372 340 342 343 341 281 280 229 186 187 188 81 80 79 78 56 37 39 10 11 36 35 34 33 32 16 15 14 13 12 9 8 7 6 5 4 3 0 2 1 48 45 44 42 40 38 41 43 46 47 49 55 54 53 52 50 51 82 83 84 148 185 225 226 228 227 282 283 438 434 435 436 437 433 402 407 408 410 409 424 425 423 426 429 432 431 421 422 411 412 406 405 413 420 419 
cpTO[1]=132985.553148 
cpTO[2]=108754.757549 
cpSO[2]=
270 271 300 301 302 303 329 331 330 328 327 326 325 324 323 322 321 320 319 318 317 316 401 403 404 416 417 427 428 430 415 414 399 400 387 386 385 384 377 366 367 368 369 359 360 361 362 363 364 365 332 333 334 335 336 337 338 293 294 295 296 297 298 299 272 273 274 275 276 277 278 292 291 290 289 288 287 346 344 345 347 348 351 353 356 358 357 355 354 352 350 349 376 375 379 378 388 389 413 418 419 420 405 406 412 411 422 421 431 432 429 426 423 425 424 409 410 408 407 402 433 437 436 435 434 438 283 343 342 341 340 372 370 371 382 381 383 393 394 392 396 395 397 398 391 390 380 374 373 339 286 285 284 279 231 230 224 188 187 186 229 280 281 228 282 227 226 225 185 148 84 83 82 51 48 1 2 0 3 4 5 6 7 8 9 10 11 12 13 14 15 16 32 33 34 35 36 37 38 41 39 40 42 44 45 43 46 47 49 50 52 53 54 55 81 80 79 78 56 57 77 85 86 76 58 59 60 75 74 61 31 30 29 27 25 26 28 62 72 73 63 24 22 20 21 23 64 65 66 19 18 17 67 68 69 70 71 87 88 89 90 101 91 92 93 99 94 95 96 97 98 127 132 131 130 129 128 126 125 124 122 123 136 135 134 133 161 162 163 164 166 165 168 169 167 207 206 205 170 171 172 173 203 204 202 201 200 199 198 197 215 214 213 212 211 210 209 249 250 208 252 251 248 247 246 245 244 243 242 241 240 216 217 218 219 220 221 190 183 191 182 192 193 194 195 196 179 180 181 153 152 150 149 142 151 154 155 156 178 177 176 175 174 160 159 158 157 137 138 139 140 141 115 117 118 120 121 100 119 116 114 102 113 112 103 104 105 106 107 108 109 110 111 145 143 146 147 144 184 189 223 222 232 233 234 235 236 237 238 239 265 264 263 262 261 260 259 258 257 256 255 254 253 315 314 313 312 311 310 309 308 307 306 305 304 266 267 268 269 
cpTO[2]=108754.757549 
cpTO[3]=127948.492160 
cpSO[3]=
331 330 328 329 302 303 327 326 325 324 323 309 308 307 306 305 304 301 300 270 269 268 267 266 265 264 263 262 261 241 240 239 218 217 216 215 197 214 213 212 244 243 242 260 259 258 257 256 313 312 311 310 321 322 320 319 318 317 316 314 315 255 253 254 251 252 208 250 249 248 247 246 245 209 210 211 201 202 204 205 206 207 170 171 169 167 168 165 166 164 163 172 173 203 174 175 200 199 198 176 177 196 195 194 193 192 182 181 180 179 178 155 154 153 152 150 151 142 149 183 191 190 220 219 238 237 236 235 234 233 232 221 223 222 271 272 273 274 298 299 332 333 297 296 295 275 276 277 278 293 294 337 336 335 334 363 364 365 366 386 387 401 403 404 416 417 427 428 430 415 414 399 400 385 384 377 367 368 362 361 360 338 359 369 358 354 355 357 356 291 292 290 289 288 287 348 347 349 351 353 352 350 376 375 345 344 346 286 285 339 284 279 231 230 224 188 187 186 229 280 281 340 372 370 371 373 374 380 381 382 383 393 394 392 396 395 397 398 391 390 379 378 389 388 418 419 420 413 405 406 412 411 409 424 422 421 431 432 429 426 423 425 433 437 436 435 434 438 402 407 408 410 341 342 343 283 282 227 228 226 225 185 148 84 83 82 52 53 54 55 46 47 49 50 51 1 2 0 3 4 5 6 7 8 9 10 11 36 37 38 39 40 42 44 45 48 43 41 81 80 79 78 56 57 34 35 12 13 14 15 16 32 33 31 61 74 75 60 59 58 76 77 85 86 73 72 62 30 29 28 27 26 25 63 24 22 20 21 23 64 65 66 67 68 19 18 17 99 100 101 91 92 93 94 95 96 97 98 127 132 131 130 129 128 126 134 133 162 161 160 159 158 156 157 139 138 137 136 135 123 125 124 122 121 120 118 119 116 114 117 140 141 115 102 113 112 103 104 105 106 88 89 90 69 70 71 87 107 108 143 145 146 147 144 184 189 109 110 111 
cpTO[3]=127948.492160 
cpTO[4]=133009.597105 
cpSO[4]=
219 220 221 232 271 270 269 268 233 234 235 236 237 239 238 264 265 266 267 304 305 306 263 307 308 309 310 321 319 320 322 323 324 325 326 327 328 303 302 301 300 329 330 331 365 364 363 362 367 368 366 377 384 385 386 387 400 399 414 415 430 428 427 417 416 404 403 401 318 317 316 315 314 313 312 311 258 259 260 261 262 240 218 217 216 242 241 243 244 245 257 256 255 246 247 248 251 254 253 252 249 209 250 208 207 167 169 170 206 205 204 203 173 171 172 160 159 158 157 137 156 176 174 175 199 200 201 202 210 211 212 213 214 215 197 195 196 198 177 178 179 180 155 154 153 181 182 194 193 192 191 183 149 150 152 151 142 112 113 141 140 139 138 120 118 117 115 102 114 116 119 99 94 95 97 96 127 98 124 122 125 126 128 129 130 131 132 164 166 168 165 163 162 161 133 134 135 136 123 121 100 93 92 17 19 18 20 22 24 23 21 64 65 66 67 68 69 89 90 91 101 103 104 105 88 70 71 87 106 107 108 63 25 26 27 28 62 72 73 109 110 111 146 145 143 144 147 184 190 189 222 223 276 275 274 273 272 332 333 334 299 298 297 296 295 277 278 294 293 338 337 336 335 361 360 359 369 358 356 357 355 354 352 351 350 349 376 347 348 353 292 291 290 289 287 288 285 284 279 231 230 280 229 186 224 187 188 80 81 55 54 47 46 43 41 38 44 42 40 39 10 11 36 37 79 78 56 35 34 32 33 57 58 59 61 60 76 77 85 86 75 74 30 29 31 16 15 14 13 12 9 8 7 6 5 3 4 45 48 1 2 0 51 50 49 53 52 82 83 84 148 185 225 226 227 228 281 340 339 286 346 345 344 375 379 378 389 388 390 391 398 397 392 394 393 383 382 381 380 374 373 372 371 370 341 342 343 283 282 438 434 435 436 437 433 402 407 408 425 410 409 424 423 426 429 432 431 421 422 411 412 396 395 406 405 413 420 418 419 
cpTO[4]=133009.597105 
cpTO[5]=129031.275065 
cpSO[5]=
33 32 16 15 14 13 12 34 35 36 37 38 41 43 46 47 48 1 2 0 3 4 5 6 7 8 9 10 11 39 40 42 44 45 51 49 50 52 53 54 55 81 80 79 78 56 57 77 58 59 60 61 74 75 76 86 85 188 187 224 186 148 82 83 84 185 226 225 280 229 230 231 279 284 285 286 339 281 228 282 227 283 343 342 341 340 372 370 371 380 373 374 381 382 383 394 393 392 397 396 438 434 435 436 437 433 402 407 408 410 409 424 425 423 426 429 431 432 421 422 411 412 406 405 395 398 391 390 413 418 419 420 389 388 378 379 375 376 349 350 352 354 353 351 347 345 344 346 348 287 288 289 290 291 292 356 355 357 358 369 359 360 338 337 336 335 334 333 332 299 298 295 296 297 294 293 278 277 276 275 274 272 273 271 232 233 234 235 221 222 223 189 190 183 191 182 181 180 196 195 194 193 192 218 219 220 236 237 238 266 267 268 269 270 300 301 302 329 303 304 326 327 328 330 331 365 364 362 361 363 368 367 366 377 384 385 386 387 400 399 414 415 430 428 427 417 416 404 403 401 322 323 324 325 305 265 264 306 307 308 321 320 319 318 317 316 315 314 313 256 257 258 259 312 311 310 309 260 261 262 263 239 217 240 241 242 243 244 245 246 210 211 212 213 214 215 216 197 198 199 200 177 176 175 203 201 202 204 209 249 250 251 248 247 255 254 253 252 208 207 206 205 170 169 167 168 165 171 173 172 174 160 161 133 134 162 163 164 166 132 131 130 128 126 129 127 98 124 100 97 96 95 94 99 93 92 91 101 103 104 105 112 113 115 117 118 120 137 138 139 140 141 151 142 143 108 107 106 88 87 71 65 64 24 63 25 26 27 28 30 31 29 62 72 73 109 110 111 145 146 147 144 184 149 150 152 153 154 155 156 179 178 157 158 159 136 135 125 123 122 121 119 116 114 102 69 70 89 90 68 67 17 18 19 66 21 20 22 23 
cpTO[5]=129031.275065 
cpTO[6]=136828.847779 
cpSO[6]=
47 46 43 45 48 49 50 51 1 2 0 3 4 5 6 7 8 9 11 10 39 40 42 44 41 38 37 36 35 34 33 57 56 188 187 224 186 229 280 340 341 342 281 228 282 227 226 225 185 148 84 83 82 52 53 54 55 81 80 79 78 77 85 86 76 75 74 61 60 59 58 32 12 13 14 15 16 31 30 29 27 26 25 28 62 72 73 63 24 23 22 20 21 19 18 17 93 92 91 101 90 89 70 69 68 67 66 65 64 71 87 88 106 105 104 103 112 113 102 115 141 152 153 154 155 156 180 181 182 193 192 191 183 190 189 184 147 146 111 110 109 108 107 143 145 144 149 150 142 151 140 139 138 137 157 136 123 125 126 98 97 96 95 94 99 100 119 114 116 117 118 120 121 122 124 127 128 135 134 133 162 163 129 130 131 132 164 165 166 168 167 169 170 206 205 204 209 247 248 249 207 208 250 252 251 254 253 255 315 314 316 317 318 401 403 404 416 417 427 428 430 415 414 399 400 385 384 377 367 368 363 362 361 360 359 369 358 356 357 355 354 353 351 352 350 349 348 347 345 346 344 376 375 379 378 389 388 418 419 420 413 405 398 406 412 411 422 421 431 432 429 426 423 425 424 409 410 408 407 433 437 436 435 434 438 283 343 402 395 397 396 392 394 393 383 381 382 370 372 371 390 391 380 374 373 339 286 285 284 279 230 231 287 288 289 290 291 292 338 337 294 293 278 277 276 275 296 295 336 335 334 333 297 298 299 332 364 365 366 386 387 327 328 330 331 329 302 303 301 300 272 273 274 223 222 221 220 194 195 196 179 178 177 176 158 159 160 161 172 171 173 202 201 203 174 175 200 199 198 197 215 214 213 212 211 210 245 244 259 260 243 242 241 262 261 309 310 311 258 257 246 256 313 312 319 320 321 322 323 324 308 307 263 239 240 216 217 218 219 238 237 236 235 234 233 232 271 270 269 268 265 264 306 325 326 304 305 266 267 
cpTO[6]=136828.847779 
cpTO[7]=134842.136033 
cpSO[7]=
397 392 394 393 383 381 382 371 370 372 374 373 342 343 283 341 340 339 286 285 284 279 231 230 224 186 187 188 81 80 79 78 56 57 58 77 85 86 76 59 60 74 75 61 62 30 29 31 33 32 16 15 14 13 12 11 34 35 36 37 39 10 9 8 7 6 5 4 3 0 2 1 47 46 48 45 44 42 40 38 41 43 55 54 53 52 49 50 51 82 83 84 148 185 226 225 280 229 281 228 227 282 438 434 435 436 437 433 425 424 409 410 408 407 402 423 426 429 432 431 421 422 411 412 406 395 396 380 390 391 398 405 413 420 419 418 414 415 388 389 379 378 376 375 344 345 347 348 346 287 288 289 290 353 351 349 350 352 354 355 357 358 356 291 292 293 294 336 337 338 359 369 360 361 362 363 335 334 333 365 364 368 367 366 377 384 385 386 387 400 399 416 427 430 428 417 404 403 401 316 317 318 319 314 313 257 256 255 315 254 253 252 251 248 247 246 245 244 243 242 241 215 197 196 195 194 193 192 182 181 191 183 149 142 151 150 152 153 154 155 157 158 156 180 179 178 177 198 176 175 199 200 201 202 204 205 206 207 208 250 249 209 210 211 212 213 214 216 217 218 219 220 190 189 184 144 143 108 107 106 105 104 103 112 113 115 114 102 101 91 92 93 100 99 94 95 122 124 128 126 125 123 121 120 119 116 117 118 141 140 139 138 137 136 135 159 161 134 133 162 172 160 174 203 173 171 170 169 167 168 165 163 164 166 132 131 130 129 127 98 97 96 17 18 19 20 21 66 67 68 69 90 89 88 87 70 71 64 65 23 22 24 63 25 26 28 27 72 73 111 110 109 145 146 147 223 222 221 233 232 271 270 269 268 234 235 236 237 238 239 240 264 265 266 267 301 302 303 329 300 272 273 274 275 276 277 278 295 296 297 298 299 332 331 330 328 327 326 325 324 323 322 320 321 307 308 309 310 311 312 258 259 260 261 262 263 306 305 304 
cpTO[7]=134842.136033 
cpTO[8]=128478.737033 
cpSO[8]=
50 51 1 2 0 82 83 84 148 185 226 225 227 228 281 340 341 342 343 283 282 438 435 434 436 437 433 402 407 408 410 409 424 425 423 426 429 432 431 421 422 411 412 395 406 405 420 419 418 413 398 391 390 397 396 392 394 393 383 381 382 371 370 372 373 374 380 379 389 388 378 376 375 344 345 346 347 348 349 350 352 353 354 356 355 357 358 292 291 290 289 351 288 287 339 286 285 284 279 231 188 187 224 230 229 280 186 52 53 54 55 81 79 80 46 47 49 48 45 4 3 5 6 7 8 9 10 11 12 13 14 15 16 32 33 34 35 36 37 39 40 42 44 43 41 38 78 56 57 58 77 85 86 76 75 74 59 60 61 31 30 29 28 27 26 25 62 72 73 108 107 143 145 111 110 109 146 147 144 184 189 223 222 272 273 274 275 276 277 278 293 294 295 337 336 338 360 359 369 368 363 362 361 335 334 333 332 297 296 298 299 300 301 302 303 304 305 306 307 308 261 260 259 312 311 309 310 321 320 322 323 324 325 326 327 328 330 329 331 365 364 367 366 377 384 385 386 387 400 399 414 415 428 430 427 417 416 404 403 401 316 317 318 319 313 314 315 255 256 257 258 245 244 243 242 241 262 263 264 265 266 267 268 269 270 271 232 233 234 235 221 220 219 236 237 238 239 218 217 216 240 214 215 197 196 195 194 193 192 183 190 191 182 181 153 152 150 149 151 142 112 113 103 104 105 106 87 88 70 71 63 24 64 65 23 22 21 20 19 17 18 66 67 68 69 90 89 101 91 92 93 100 122 124 99 94 95 96 97 98 127 128 129 130 131 132 166 164 165 163 162 161 160 172 173 171 168 167 169 170 207 208 250 249 252 253 254 251 248 247 246 209 210 211 212 213 199 198 177 176 178 179 180 154 141 140 139 118 117 115 102 114 116 119 121 120 138 155 156 157 137 123 125 126 133 134 135 136 159 158 174 175 200 201 202 203 204 205 206 
cpTO[8]=128478.737033 
cpTO[9]=133458.484210 
cpSO[9]=
283 343 342 341 372 371 370 382 381 380 374 373 340 224 188 187 186 148 185 84 83 82 52 53 54 55 81 80 79 49 47 46 43 42 44 45 48 51 50 1 2 0 3 4 5 6 7 8 9 11 12 13 14 15 16 31 32 33 34 35 36 10 39 40 41 38 37 78 56 57 58 76 77 85 86 74 75 59 60 61 30 29 28 27 26 25 24 63 62 72 73 65 64 71 87 88 70 69 90 89 68 67 66 21 22 23 20 19 18 17 93 99 94 95 96 97 98 127 129 130 131 132 166 164 165 163 162 161 160 174 172 173 171 170 168 169 167 207 206 205 204 203 201 202 200 199 175 176 177 198 197 196 179 178 156 155 157 158 159 137 136 135 134 133 128 126 124 125 123 122 100 119 121 138 139 140 141 117 118 120 116 114 92 91 101 102 115 113 112 103 104 105 106 107 108 109 110 111 145 143 146 147 144 184 189 149 150 142 151 152 153 154 180 181 182 195 194 193 192 191 183 190 222 223 272 273 274 275 276 277 278 292 291 290 351 289 288 287 286 339 285 284 279 231 230 229 280 281 228 225 226 227 282 438 434 435 436 437 433 402 407 408 410 409 424 425 423 426 429 432 431 421 422 411 412 395 396 397 394 383 393 392 391 390 398 406 405 413 420 419 418 388 389 379 378 376 375 347 345 344 346 348 349 350 352 353 356 354 355 357 358 369 359 338 337 336 335 334 297 296 295 294 293 360 361 362 363 367 377 386 401 403 404 416 417 427 428 430 415 414 399 400 387 385 384 368 366 365 364 333 332 299 298 300 301 302 329 330 331 328 303 304 305 264 265 266 267 268 235 269 270 271 232 233 234 221 220 236 237 238 239 219 218 217 240 216 215 214 213 212 211 209 210 245 246 247 248 249 250 208 252 251 255 256 257 258 313 312 311 259 260 261 244 243 242 241 262 263 308 309 310 307 306 327 326 325 324 323 322 321 320 319 318 314 315 254 253 316 317 
cpTO[9]=133458.484210 
ini=
 best=108754.757549 position=2
270 271 300 301 302 303 329 331 330 328 327 326 325 324 323 322 321 320 319 318 317 316 401 403 404 416 417 427 428 430 415 414 399 400 387 386 385 384 377 366 367 368 369 359 360 361 362 363 364 365 332 333 334 335 336 337 338 293 294 295 296 297 298 299 272 273 274 275 276 277 278 292 291 290 289 288 287 346 344 345 347 348 351 353 356 358 357 355 354 352 350 349 376 375 379 378 388 389 413 418 419 420 405 406 412 411 422 421 431 432 429 426 423 425 424 409 410 408 407 402 433 437 436 435 434 438 283 343 342 341 340 372 370 371 382 381 383 393 394 392 396 395 397 398 391 390 380 374 373 339 286 285 284 279 231 230 224 188 187 186 229 280 281 228 282 227 226 225 185 148 84 83 82 51 48 1 2 0 3 4 5 6 7 8 9 10 11 12 13 14 15 16 32 33 34 35 36 37 38 41 39 40 42 44 45 43 46 47 49 50 52 53 54 55 81 80 79 78 56 57 77 85 86 76 58 59 60 75 74 61 31 30 29 27 25 26 28 62 72 73 63 24 22 20 21 23 64 65 66 19 18 17 67 68 69 70 71 87 88 89 90 101 91 92 93 99 94 95 96 97 98 127 132 131 130 129 128 126 125 124 122 123 136 135 134 133 161 162 163 164 166 165 168 169 167 207 206 205 170 171 172 173 203 204 202 201 200 199 198 197 215 214 213 212 211 210 209 249 250 208 252 251 248 247 246 245 244 243 242 241 240 216 217 218 219 220 221 190 183 191 182 192 193 194 195 196 179 180 181 153 152 150 149 142 151 154 155 156 178 177 176 175 174 160 159 158 157 137 138 139 140 141 115 117 118 120 121 100 119 116 114 102 113 112 103 104 105 106 107 108 109 110 111 145 143 146 147 144 184 189 223 222 232 233 234 235 236 237 238 239 265 264 263 262 261 260 259 258 257 256 255 254 253 315 314 313 312 311 310 309 308 307 306 305 304 266 267 268 269 
solution is:108397.366365.       temperature is:0.007884
Mon Dec 09 20:24:01 2013
times: 2
cpTO[0]=133290.679913 
cpSO[0]=
219 218 217 216 240 241 242 214 213 212 244 243 259 260 261 262 263 239 238 237 236 235 268 267 266 265 264 308 307 306 305 304 303 302 301 269 270 233 234 220 190 183 191 182 181 192 193 194 195 196 197 215 198 177 176 178 179 180 153 152 154 139 138 137 155 156 157 158 159 136 135 134 161 160 172 174 175 199 200 201 203 202 204 173 171 205 206 207 170 169 167 168 165 166 164 163 162 133 128 126 125 123 121 120 118 114 116 119 100 122 124 129 130 131 132 127 98 97 96 95 94 99 93 92 91 17 18 19 20 22 23 21 66 67 65 64 24 63 25 26 27 28 62 29 30 31 61 60 59 58 33 32 16 15 14 13 12 11 9 8 7 6 5 4 3 0 2 1 48 45 44 42 40 39 10 36 35 34 57 77 85 86 76 75 74 72 73 108 109 110 111 146 147 144 145 143 107 106 105 104 88 87 71 70 68 69 89 90 101 103 112 113 102 115 117 140 141 151 142 150 149 184 189 223 222 221 232 271 300 272 299 298 297 334 333 332 331 330 329 328 327 326 325 324 323 322 320 319 321 310 309 311 312 258 257 246 245 211 210 209 247 248 251 249 250 208 252 253 254 255 256 313 314 315 316 317 318 401 403 404 416 417 427 428 430 399 400 387 386 385 384 377 367 366 365 364 363 368 362 361 369 359 360 335 336 337 338 293 294 295 296 273 274 275 276 277 278 292 291 290 289 288 287 231 230 279 284 285 286 339 346 344 345 347 348 351 353 356 358 357 355 354 352 350 349 376 375 379 378 389 388 415 414 418 420 413 395 396 397 394 383 382 381 393 392 398 391 390 380 374 373 371 370 372 340 280 229 186 224 187 188 79 78 56 37 38 41 43 80 81 55 54 53 52 46 47 49 50 51 82 83 84 148 185 225 226 227 228 281 341 342 343 283 282 438 434 435 436 437 433 402 407 408 410 425 424 409 423 426 429 432 431 421 422 411 412 406 405 419 
cpTO[0]=133290.679913 
cpTO[1]=130602.656820 
cpSO[1]=
219 221 220 218 217 216 215 214 213 244 245 212 211 210 209 246 247 248 249 251 254 253 252 250 208 207 206 170 171 205 204 202 201 175 200 199 198 197 196 195 194 193 180 179 178 177 176 160 161 174 203 173 172 169 167 168 165 166 164 163 162 133 134 135 159 136 123 125 126 128 129 130 131 132 96 95 97 98 127 124 122 100 119 121 120 118 138 137 157 158 156 155 139 140 141 151 142 115 117 116 114 91 92 93 99 94 17 18 19 20 22 23 21 64 65 66 67 68 69 70 71 87 88 89 90 101 102 113 112 103 104 105 106 108 107 72 62 63 24 25 26 27 28 29 30 31 61 60 59 58 57 77 85 86 76 75 74 73 109 110 111 145 143 146 147 144 184 149 150 152 153 154 181 182 192 191 183 190 189 223 222 232 233 234 235 236 237 238 239 240 241 242 243 261 262 263 307 308 309 310 321 325 324 323 322 320 319 318 313 312 311 260 259 258 257 256 255 315 314 317 316 401 403 404 416 417 427 428 430 418 414 415 399 400 387 386 385 384 377 367 366 365 331 330 328 327 326 329 302 301 303 304 305 306 264 265 266 267 268 269 270 271 300 332 333 334 364 363 368 362 335 296 297 298 299 272 273 274 275 276 277 278 295 294 293 338 337 336 361 360 359 369 357 355 354 356 358 292 291 290 289 353 352 350 351 349 347 345 344 346 348 288 287 231 224 230 279 284 285 286 339 375 376 379 378 388 389 373 374 380 390 391 398 397 395 396 394 392 393 383 381 382 371 370 372 340 341 343 342 281 280 229 186 187 188 81 80 79 78 56 37 39 10 11 36 35 34 33 32 16 15 14 13 12 9 8 7 6 5 4 3 0 2 1 48 45 44 42 40 38 41 43 46 47 49 55 54 53 52 50 51 82 83 84 148 185 225 226 228 227 282 283 438 434 435 436 437 433 402 407 408 410 409 424 425 423 426 429 432 431 421 422 411 412 406 405 413 420 419 
cpTO[1]=130602.656820 
cpTO[2]=108351.769704 
cpSO[2]=
58 59 60 75 74 61 31 30 29 27 25 26 28 62 72 73 63 24 22 20 21 23 64 65 66 19 18 17 67 68 69 70 71 87 88 89 90 101 91 92 93 99 94 95 96 97 98 127 129 130 131 132 166 164 165 163 162 161 159 160 174 175 203 173 172 171 170 169 168 167 207 206 205 204 202 201 200 199 198 197 196 195 194 193 192 190 183 191 182 181 180 179 178 177 176 158 157 156 155 154 153 152 150 149 142 151 141 140 139 138 137 136 135 134 133 128 126 125 123 124 122 100 121 119 116 120 118 117 115 114 102 113 112 103 104 105 106 107 108 109 110 111 145 143 146 147 144 184 189 223 222 221 232 233 234 235 236 237 220 219 218 217 216 215 214 213 212 211 210 209 249 250 208 252 251 248 247 246 245 244 243 242 241 240 239 238 265 264 263 262 261 260 259 258 257 256 255 254 253 315 314 313 312 311 310 309 308 307 306 305 304 266 267 268 269 270 271 300 301 302 303 329 331 330 328 327 326 325 324 323 322 321 320 319 318 317 316 401 403 404 416 417 427 428 430 415 414 399 400 387 386 385 384 377 366 367 368 369 359 360 361 362 363 364 365 332 333 334 335 336 337 338 293 294 295 296 297 298 299 272 273 274 275 276 277 278 292 291 290 289 288 287 346 344 345 347 348 351 353 356 358 357 355 354 352 350 349 376 375 379 378 389 388 418 419 420 413 405 406 412 411 422 421 431 432 429 426 423 425 424 409 410 408 407 402 433 437 436 435 434 438 283 343 342 341 340 372 370 371 382 381 383 393 394 392 396 395 397 398 391 390 380 374 373 339 286 285 284 279 231 230 224 188 187 186 229 280 281 228 282 227 226 225 185 148 84 83 82 52 53 54 55 81 80 79 78 56 37 38 39 40 42 41 43 44 45 48 46 47 49 50 51 1 2 0 3 4 5 6 7 8 9 10 11 12 13 14 15 16 32 33 34 35 36 57 77 85 86 76 
cpTO[2]=108351.769704 
cpTO[3]=121657.182439 
cpSO[3]=
331 330 328 329 302 303 327 326 325 324 323 322 321 309 308 307 306 305 304 301 300 271 270 269 268 267 266 265 264 263 262 261 241 240 239 218 217 216 215 197 214 213 212 244 243 242 260 259 258 257 256 313 312 311 310 320 319 318 317 316 314 315 255 253 254 251 252 208 250 249 248 247 246 245 209 210 211 201 202 204 205 206 207 170 171 169 167 168 165 166 164 163 172 173 203 174 175 200 199 198 176 177 196 195 194 193 192 182 181 180 179 178 158 159 160 161 162 133 134 135 136 137 120 121 122 124 123 125 126 128 129 130 131 132 127 98 97 96 95 94 17 18 19 67 68 66 65 64 23 21 20 22 24 63 25 26 27 28 29 30 62 72 73 86 85 77 76 58 59 60 75 74 61 31 33 32 16 15 14 13 12 35 34 57 56 78 79 80 81 41 43 48 45 44 42 40 39 38 37 36 11 10 9 8 7 6 5 4 3 0 2 1 51 50 49 47 46 55 54 53 52 82 83 84 148 185 225 226 228 227 282 283 343 342 341 438 434 435 436 437 433 402 407 408 410 409 424 425 423 426 429 432 431 421 422 411 412 406 405 413 420 419 418 388 389 378 379 390 391 398 397 395 396 392 394 393 383 382 381 380 374 373 371 370 372 340 281 280 229 186 187 188 224 230 231 279 284 285 286 339 344 346 345 375 376 350 352 353 351 349 347 348 287 288 289 290 291 292 356 354 355 357 358 369 359 338 360 361 362 368 367 377 384 385 400 399 414 415 430 428 427 417 416 404 403 401 387 386 366 365 364 363 334 335 336 337 294 293 278 277 276 275 295 296 297 333 332 299 298 274 273 272 223 222 221 232 233 234 235 236 237 238 219 220 190 191 183 149 142 151 150 152 153 154 155 156 157 138 139 140 141 115 117 118 119 116 100 99 93 92 91 101 102 114 113 112 103 104 105 106 88 89 90 69 70 71 87 107 108 143 145 146 147 144 184 189 109 110 111 
cpTO[3]=121657.182439 
cpTO[4]=129410.018313 
cpSO[4]=
219 220 221 190 189 184 147 144 143 145 146 111 110 109 73 72 62 28 27 26 25 63 108 107 106 87 71 70 88 105 104 103 101 91 90 89 69 68 67 66 65 64 21 23 24 22 20 19 18 17 92 93 99 94 95 97 96 127 98 124 122 125 126 128 129 130 131 132 164 166 168 165 163 162 161 133 134 135 136 123 121 100 119 116 114 102 115 117 118 120 138 139 140 141 113 112 142 151 152 150 149 183 191 192 193 194 182 181 153 154 155 180 179 178 177 198 196 195 197 215 214 213 212 211 210 202 201 200 199 175 174 176 156 137 157 158 159 160 172 171 173 203 204 205 206 170 169 167 207 208 250 209 249 252 253 254 251 248 247 246 255 256 257 245 244 243 242 241 216 217 218 240 262 261 260 259 258 311 312 313 314 315 316 317 318 401 403 404 416 417 427 428 430 415 414 399 400 387 386 385 384 377 366 367 368 362 363 364 365 331 330 329 300 301 302 303 328 327 326 325 324 323 322 320 319 321 310 309 308 307 263 306 305 304 267 266 265 264 239 238 237 236 235 234 233 268 269 270 271 232 222 223 276 275 274 273 272 297 298 299 332 333 334 296 295 277 278 294 293 338 337 336 335 361 360 359 369 358 356 357 355 354 352 351 353 292 291 290 289 288 287 285 231 230 279 284 286 339 346 348 350 349 347 345 344 376 375 379 378 388 389 390 391 398 397 396 392 394 393 383 382 381 380 374 373 372 371 370 340 229 280 186 224 187 188 80 81 55 54 47 46 43 41 38 44 42 40 39 10 11 36 37 79 78 56 35 34 33 32 57 58 76 77 85 86 75 74 59 60 61 30 29 31 16 15 14 13 12 9 8 7 6 5 3 4 45 48 1 2 0 51 50 49 53 52 82 83 84 148 185 225 226 227 228 281 341 342 343 283 282 438 434 435 436 437 433 402 407 408 425 410 409 424 423 426 429 432 431 421 422 411 412 395 406 405 413 420 418 419 
cpTO[4]=129410.018313 
cpTO[5]=125974.023276 
cpSO[5]=
33 32 16 15 14 13 12 34 35 36 37 38 41 43 46 47 48 45 44 42 40 39 10 11 9 8 7 6 5 4 3 0 2 1 51 50 49 52 53 54 55 81 80 79 78 56 57 77 58 59 60 61 74 75 76 86 85 188 187 224 186 148 82 83 84 185 226 225 280 229 230 231 279 284 285 286 339 281 228 227 282 283 343 342 341 340 372 370 371 373 374 380 381 382 383 393 394 392 397 396 438 434 435 436 437 433 402 407 408 410 409 424 425 423 426 429 432 431 421 422 411 412 406 405 395 398 391 390 413 420 419 418 388 389 378 379 375 376 349 350 352 354 353 351 347 345 344 346 348 287 288 289 290 291 292 356 355 357 358 369 359 360 338 337 336 335 334 333 332 299 298 297 296 295 294 293 278 277 276 275 274 273 272 271 300 301 302 329 303 304 326 327 328 330 331 365 364 362 361 363 368 367 366 377 384 385 386 387 400 399 414 415 430 428 427 417 416 404 403 401 322 323 324 325 305 265 264 306 307 308 321 320 319 318 317 316 315 314 313 256 257 258 259 312 311 310 309 260 261 262 263 239 217 240 241 242 243 244 245 246 210 211 212 213 214 216 215 197 198 199 200 177 176 175 203 201 202 204 209 249 250 251 248 247 255 254 253 252 208 207 206 205 170 169 167 168 165 171 173 172 174 160 161 134 133 162 163 164 166 132 131 130 129 127 128 126 125 123 135 136 159 158 157 178 179 196 195 194 193 192 218 219 220 236 237 238 266 267 268 269 270 235 234 233 232 221 222 223 189 190 183 191 182 181 180 156 155 154 153 152 150 149 184 144 147 146 145 111 110 109 73 72 62 30 31 29 28 27 26 25 63 24 64 65 71 87 88 106 107 108 143 142 151 141 140 139 138 137 120 118 117 115 112 113 102 114 116 119 121 100 122 124 98 97 96 95 94 99 93 92 91 101 103 104 105 90 89 70 69 68 67 17 18 19 66 21 20 22 23 
cpTO[5]=125974.023276 
cpTO[6]=131879.671437 
cpSO[6]=
47 46 43 45 48 49 50 51 1 2 0 3 4 5 6 7 8 9 11 10 39 40 42 44 41 38 37 36 35 34 33 57 56 78 79 80 81 55 54 53 52 82 83 84 148 185 225 226 227 282 228 281 342 341 340 280 229 186 224 187 188 85 77 86 76 75 74 61 60 59 58 32 12 13 14 15 16 31 30 29 27 25 26 28 62 72 73 63 24 22 23 21 20 19 18 17 93 92 91 101 90 89 70 69 68 67 66 65 64 71 87 88 106 105 104 103 112 113 102 115 141 151 142 150 149 144 145 143 107 108 109 110 111 146 147 184 189 190 183 191 192 193 182 181 180 156 155 154 153 152 140 139 138 137 157 136 123 125 126 124 122 121 120 118 117 114 116 119 100 99 94 95 96 97 98 127 128 135 134 133 162 163 129 130 131 132 166 164 165 168 167 169 170 206 207 209 247 248 249 250 208 252 251 254 253 255 315 314 258 257 246 256 313 312 311 310 309 261 262 241 242 243 260 259 244 245 210 211 212 213 214 215 197 198 199 200 175 174 203 201 202 204 205 173 171 172 161 160 159 158 176 177 178 179 196 195 194 218 217 216 240 239 263 264 265 305 304 326 325 306 307 308 324 323 322 321 320 319 317 316 318 401 403 404 416 417 427 428 430 415 414 399 400 387 386 385 384 377 366 367 368 363 362 361 360 359 369 358 356 357 355 354 353 351 352 350 349 348 347 345 346 344 376 375 379 378 389 388 418 419 420 413 398 405 406 412 411 422 421 431 432 429 426 423 425 424 409 410 408 407 433 437 436 435 434 438 283 343 402 395 396 397 392 394 393 383 371 372 370 382 381 391 390 380 374 373 339 286 285 284 279 230 231 287 288 289 290 291 292 338 337 294 293 278 277 276 275 296 295 336 335 334 333 297 298 299 332 364 365 331 330 328 327 329 303 302 301 300 272 273 274 223 222 221 220 219 238 237 236 235 234 233 232 271 270 269 268 266 267 
cpTO[6]=131879.671437 
cpTO[7]=128728.938674 
cpSO[7]=
397 392 381 371 382 383 393 394 396 395 398 391 390 380 374 373 372 370 343 283 342 341 340 339 286 285 284 279 231 230 224 186 187 188 81 80 79 78 56 57 77 85 86 76 58 59 60 75 74 61 31 33 32 16 15 14 13 12 11 34 35 36 37 39 10 9 8 7 6 5 4 3 0 2 1 47 46 48 45 44 42 40 38 41 43 55 54 53 52 49 50 51 82 83 84 148 185 226 225 280 229 281 228 227 282 438 434 435 436 437 433 402 407 408 410 425 409 424 423 426 429 432 431 421 422 411 412 406 405 413 420 419 418 414 415 388 389 379 378 376 375 344 345 347 348 346 287 288 289 290 353 351 349 350 352 354 355 357 358 356 291 292 278 277 276 275 274 273 272 271 270 269 268 267 266 265 264 240 239 238 237 236 235 234 233 232 221 222 223 147 146 145 111 110 109 73 72 62 30 29 28 27 26 25 63 24 22 23 65 64 71 70 87 88 89 90 69 68 67 66 21 20 19 18 17 94 95 96 97 98 127 129 130 131 132 166 164 163 165 168 167 169 170 171 173 203 174 160 172 162 133 134 161 159 135 136 137 138 139 140 141 117 118 116 119 120 121 123 125 126 128 124 122 100 99 93 92 91 101 102 114 115 113 112 103 104 105 106 107 108 143 144 184 189 190 220 219 218 217 216 215 197 196 195 194 193 192 181 182 191 183 149 142 151 150 152 153 154 155 157 158 156 180 179 178 177 198 176 175 199 200 201 202 204 205 206 207 208 250 249 209 210 211 212 213 214 241 242 243 244 245 246 247 248 252 251 254 253 315 255 256 257 313 314 319 318 317 316 401 403 404 416 417 427 430 428 399 400 387 386 385 384 377 366 367 368 364 365 333 334 335 363 362 361 360 369 359 336 337 338 293 294 295 296 297 298 299 332 300 301 302 303 329 331 330 328 327 326 325 324 323 322 320 321 307 308 309 310 311 312 258 259 260 261 262 263 306 305 304 
cpTO[7]=128728.938674 
cpTO[8]=126614.222362 
cpSO[8]=
50 49 51 1 2 0 82 83 84 148 185 225 226 227 228 281 340 341 342 343 283 282 438 434 435 436 437 433 402 407 408 410 409 424 425 423 426 429 432 431 421 422 411 412 395 406 405 420 419 418 413 398 391 390 397 396 392 394 393 383 381 382 371 370 372 373 374 380 379 389 388 378 376 375 344 345 347 346 348 349 350 352 353 354 356 355 357 358 292 291 290 289 351 288 287 339 286 285 284 279 231 188 187 224 230 229 280 186 52 53 54 55 81 80 79 46 47 48 45 4 3 5 6 7 8 9 10 11 12 13 14 15 16 32 33 34 35 36 37 39 40 42 44 43 41 38 78 56 57 58 77 85 86 76 75 74 59 60 61 31 30 29 28 27 26 25 62 72 73 63 24 64 65 23 22 21 20 19 17 18 66 67 68 69 70 71 87 88 89 90 101 91 92 93 100 122 124 99 94 95 96 97 98 127 128 129 130 131 132 166 164 165 163 162 161 160 158 159 136 135 134 133 126 125 123 137 157 156 155 138 120 121 119 116 114 102 115 117 118 139 140 141 154 180 179 178 176 177 198 199 215 197 196 195 194 193 192 190 183 191 182 181 153 152 149 150 151 142 112 113 103 104 105 106 107 108 109 110 111 145 143 146 147 144 184 189 223 222 272 273 274 275 276 277 278 293 294 295 336 337 338 360 359 369 368 363 362 361 335 334 333 332 297 296 298 299 300 301 302 303 304 305 306 307 308 261 260 259 312 311 309 310 321 320 322 323 324 325 326 327 328 330 329 331 365 364 367 366 377 384 385 386 387 400 399 414 415 430 428 427 417 416 404 403 401 316 317 318 319 313 314 315 255 256 257 258 245 244 243 242 241 262 263 264 265 266 267 268 269 270 271 232 233 234 235 221 220 219 236 237 238 239 218 217 216 240 214 213 212 211 210 209 246 247 248 251 254 253 252 249 250 208 207 169 168 167 170 171 173 172 174 175 200 201 202 203 204 205 206 
cpTO[8]=126614.222362 
cpTO[9]=130939.486169 
cpSO[9]=
283 343 342 341 372 370 371 382 381 380 374 373 340 224 188 187 186 148 185 84 83 82 52 53 54 55 81 80 79 43 42 44 45 48 46 47 49 50 51 1 2 0 3 4 5 6 7 8 9 11 12 13 14 15 16 31 32 33 34 35 36 10 39 40 41 38 37 78 56 57 58 76 77 85 86 74 75 59 60 61 30 29 28 27 26 25 62 72 73 63 24 64 65 71 87 88 70 89 90 69 68 67 66 21 23 22 20 19 18 17 93 99 94 95 96 97 98 127 129 130 131 132 166 164 165 163 162 161 160 174 172 173 171 170 169 168 167 207 206 205 204 202 203 201 200 199 175 176 177 198 197 196 179 178 156 155 157 158 159 137 136 135 134 133 128 126 123 125 124 122 100 119 121 138 139 140 141 117 118 120 116 114 92 91 101 102 115 113 112 103 104 105 106 107 108 109 110 111 145 143 146 147 144 184 189 149 150 142 151 152 153 154 180 181 182 195 194 193 192 191 183 190 222 223 272 273 274 275 276 277 278 292 291 290 289 351 288 287 339 286 285 284 279 231 230 229 280 281 228 225 226 227 282 438 434 435 436 437 433 402 407 408 410 409 424 425 423 426 429 432 431 421 422 411 412 395 396 397 394 383 393 392 390 391 398 406 405 413 420 419 418 388 389 379 378 376 375 347 345 344 346 348 349 350 352 353 354 356 355 357 358 293 294 295 296 297 334 335 336 337 338 359 369 360 361 362 363 368 384 385 387 400 399 414 415 430 428 427 417 416 404 403 401 386 377 367 366 365 364 333 332 298 299 300 301 302 329 331 330 328 303 304 305 264 265 266 267 268 235 269 270 271 232 233 234 221 220 236 237 238 239 219 218 217 240 216 215 214 213 212 211 210 209 245 246 247 248 249 250 208 252 251 255 256 257 258 313 312 311 259 260 261 244 243 242 241 262 263 309 310 308 307 306 327 326 325 324 323 322 321 320 319 318 314 315 254 253 316 317 
cpTO[9]=130939.486169 
ini=
 best=108351.769704 position=2
58 59 60 75 74 61 31 30 29 27 25 26 28 62 72 73 63 24 22 20 21 23 64 65 66 19 18 17 67 68 69 70 71 87 88 89 90 101 91 92 93 99 94 95 96 97 98 127 129 130 131 132 166 164 165 163 162 161 159 160 174 175 203 173 172 171 170 169 168 167 207 206 205 204 202 201 200 199 198 197 196 195 194 193 192 190 183 191 182 181 180 179 178 177 176 158 157 156 155 154 153 152 150 149 142 151 141 140 139 138 137 136 135 134 133 128 126 125 123 124 122 100 121 119 116 120 118 117 115 114 102 113 112 103 104 105 106 107 108 109 110 111 145 143 146 147 144 184 189 223 222 221 232 233 234 235 236 237 220 219 218 217 216 215 214 213 212 211 210 209 249 250 208 252 251 248 247 246 245 244 243 242 241 240 239 238 265 264 263 262 261 260 259 258 257 256 255 254 253 315 314 313 312 311 310 309 308 307 306 305 304 266 267 268 269 270 271 300 301 302 303 329 331 330 328 327 326 325 324 323 322 321 320 319 318 317 316 401 403 404 416 417 427 428 430 415 414 399 400 387 386 385 384 377 366 367 368 369 359 360 361 362 363 364 365 332 333 334 335 336 337 338 293 294 295 296 297 298 299 272 273 274 275 276 277 278 292 291 290 289 288 287 346 344 345 347 348 351 353 356 358 357 355 354 352 350 349 376 375 379 378 389 388 418 419 420 413 405 406 412 411 422 421 431 432 429 426 423 425 424 409 410 408 407 402 433 437 436 435 434 438 283 343 342 341 340 372 370 371 382 381 383 393 394 392 396 395 397 398 391 390 380 374 373 339 286 285 284 279 231 230 224 188 187 186 229 280 281 228 282 227 226 225 185 148 84 83 82 52 53 54 55 81 80 79 78 56 37 38 39 40 42 41 43 44 45 48 46 47 49 50 51 1 2 0 3 4 5 6 7 8 9 10 11 12 13 14 15 16 32 33 34 35 36 57 77 85 86 76 
solution is:108492.647759.       temperature is:0.034710
Mon Dec 09 20:25:09 2013
times: 3
cpTO[0]=131376.688812 
cpSO[0]=
219 218 217 216 240 241 242 214 213 212 244 243 259 260 261 262 263 239 238 237 236 235 268 267 266 265 264 308 307 306 305 304 303 302 301 269 270 233 234 220 190 183 191 182 181 192 193 194 195 196 197 215 198 177 176 178 179 180 153 152 154 139 138 137 155 156 157 158 159 136 135 134 161 160 203 204 202 201 200 199 175 174 172 173 171 205 206 207 170 169 167 168 165 166 164 163 162 133 128 126 125 123 121 120 118 114 116 119 100 122 124 129 130 131 132 127 98 97 96 95 94 99 93 92 91 17 18 19 20 22 23 21 66 67 65 64 24 63 25 26 27 28 62 30 29 31 61 60 59 58 33 32 16 15 14 13 12 11 9 8 7 6 5 4 3 0 2 1 48 45 44 42 40 39 10 36 35 34 57 77 85 86 76 75 74 72 73 108 109 110 111 146 147 144 145 143 107 106 105 104 88 87 71 70 68 69 89 90 101 103 112 113 102 115 117 140 141 151 142 150 149 184 189 223 222 221 232 271 300 272 299 298 297 334 333 332 331 329 330 328 327 326 325 324 323 322 320 319 321 310 309 311 312 258 257 246 245 211 210 209 247 248 251 249 250 208 252 253 254 255 256 313 314 315 316 317 318 401 403 404 416 417 427 428 430 399 400 387 386 385 384 377 367 366 365 364 363 368 362 361 369 359 360 335 336 337 338 293 294 295 296 273 274 275 276 277 278 292 291 290 289 288 287 231 230 279 284 285 286 339 344 346 345 347 348 351 353 356 358 357 355 354 352 350 349 376 375 379 378 388 389 398 392 393 381 382 383 394 397 396 395 391 390 380 374 373 371 370 372 340 280 229 186 224 187 188 79 78 56 37 38 41 43 80 81 55 54 53 52 46 47 49 50 51 82 83 84 148 185 225 226 227 228 281 341 342 343 283 282 438 434 435 436 437 433 402 407 408 410 409 424 425 423 426 429 432 431 421 422 411 412 406 405 413 420 414 415 418 419 
cpTO[0]=131376.688812 
cpTO[1]=129967.752639 
cpSO[1]=
219 221 220 218 217 216 215 214 213 244 245 212 211 210 209 246 247 248 249 251 254 253 252 250 208 207 206 170 171 205 204 202 201 175 200 199 198 197 196 195 194 193 180 179 178 177 176 160 161 174 203 173 172 169 167 168 165 166 164 163 162 133 134 135 159 136 123 125 126 128 129 130 131 132 96 95 97 98 127 124 122 100 119 121 120 118 138 137 157 158 156 155 139 140 141 151 142 115 117 116 114 91 92 93 99 94 17 18 19 20 22 23 21 64 65 66 67 68 69 70 71 87 88 89 90 101 102 113 112 103 104 105 106 107 108 63 24 25 26 27 28 29 30 31 61 60 59 58 57 77 85 86 76 75 74 62 72 73 109 110 111 145 143 146 147 144 184 149 150 152 153 154 181 182 192 191 183 190 189 223 222 232 233 234 235 236 237 238 239 240 241 242 243 261 262 263 307 308 309 310 321 325 324 323 322 320 319 318 313 312 311 260 259 258 257 256 255 315 314 317 316 401 403 404 416 417 427 428 430 418 414 415 399 400 387 386 385 384 377 367 366 365 331 330 328 327 326 329 302 301 303 304 305 306 264 265 266 267 268 269 270 271 300 332 333 334 296 297 298 299 272 273 274 275 276 277 278 295 294 293 338 337 336 335 362 368 363 364 361 360 359 369 357 355 354 356 358 292 291 290 289 353 352 350 351 349 347 345 344 346 348 288 287 231 224 230 279 284 285 286 339 375 376 379 378 388 389 373 374 380 390 391 398 397 395 396 394 392 393 383 381 382 371 370 372 340 341 343 342 281 280 229 186 187 188 81 80 79 78 56 37 39 10 11 36 35 34 33 32 16 15 14 13 12 9 8 7 6 5 4 3 0 2 1 48 45 44 42 40 38 41 43 46 47 49 55 54 53 52 50 51 82 83 84 148 185 225 226 228 227 282 283 438 434 435 436 437 433 402 407 408 410 409 424 425 423 426 429 432 431 421 422 411 412 406 405 413 420 419 
cpTO[1]=129967.752639 
cpTO[2]=108492.647759 
cpSO[2]=
82 83 84 148 185 225 226 227 282 228 281 280 229 186 187 188 224 230 231 279 284 285 286 339 373 374 380 390 391 398 397 395 396 392 394 393 383 381 382 371 370 372 340 341 342 343 283 438 434 435 436 437 433 402 407 408 410 409 424 425 423 426 429 432 431 421 422 411 412 406 405 420 419 418 413 389 388 378 379 375 376 352 354 355 357 358 356 353 351 350 349 348 347 345 344 346 287 288 289 290 291 292 278 277 276 275 274 273 272 299 298 297 296 295 294 293 338 337 336 335 334 333 332 365 364 363 362 361 360 359 369 368 367 366 377 384 385 386 387 400 399 414 415 430 428 427 417 416 404 403 401 316 317 318 319 320 321 322 323 324 325 326 327 328 330 331 329 303 302 301 300 271 270 269 268 267 304 305 306 307 308 309 310 311 312 313 314 315 253 254 255 256 257 258 259 260 261 262 263 264 265 266 236 237 238 239 240 241 242 243 244 245 246 247 248 251 252 208 250 249 209 210 211 212 213 214 215 216 217 218 219 220 235 234 233 232 221 222 223 189 184 144 147 146 143 145 111 110 109 108 107 106 105 104 103 112 113 102 114 116 119 100 121 120 118 117 115 138 139 140 141 151 142 149 150 152 153 154 155 156 158 157 137 136 135 134 133 162 161 159 160 174 175 176 177 178 179 180 181 182 191 183 190 192 193 194 195 196 197 198 199 200 201 202 204 203 173 172 171 205 206 207 170 169 167 168 165 163 164 166 132 131 130 129 128 126 125 123 122 124 98 127 96 97 95 94 99 93 92 91 101 90 89 88 87 71 70 69 68 67 17 18 19 66 65 64 23 21 20 22 24 63 73 72 62 28 26 25 27 29 30 31 61 74 75 60 59 58 76 86 85 77 57 56 78 79 80 81 55 54 53 52 50 49 47 46 43 48 45 44 42 40 39 41 38 37 36 35 34 33 32 16 15 14 13 12 11 10 9 8 7 6 5 4 3 0 2 1 51 
cpTO[2]=108492.647759 
cpTO[3]=120919.868710 
cpSO[3]=
331 330 328 329 302 303 327 326 325 324 323 322 321 309 308 307 306 305 304 301 300 271 270 269 268 267 266 265 264 263 262 261 241 240 239 218 217 216 215 197 214 213 212 244 243 242 260 259 258 257 256 313 312 311 310 320 319 318 317 316 314 315 255 253 254 251 252 208 250 249 248 247 246 245 209 210 211 201 202 204 205 206 207 170 171 169 167 168 165 166 164 163 172 173 203 174 175 200 199 198 196 195 194 193 192 182 181 180 179 178 177 176 158 159 160 161 162 133 134 135 136 137 157 156 155 154 153 152 150 151 142 149 183 191 190 220 219 238 237 236 235 234 233 232 221 222 223 272 273 274 298 299 332 333 297 296 295 275 276 277 278 293 294 337 336 335 334 363 364 365 366 386 387 401 403 404 416 417 427 428 430 415 414 399 400 385 384 377 367 368 362 361 360 338 359 369 358 357 355 354 356 292 291 290 289 288 287 348 347 349 351 353 352 350 376 375 345 346 344 339 286 285 284 279 231 230 224 188 187 186 229 280 281 340 372 370 371 373 374 380 381 382 383 393 394 392 396 395 397 398 391 390 379 378 389 388 418 419 420 413 405 406 412 411 422 421 431 432 429 426 423 425 424 409 410 408 407 402 433 437 436 435 434 438 343 342 341 283 282 227 228 226 225 185 148 84 83 82 52 53 54 55 46 47 49 50 51 1 2 0 3 4 5 6 7 8 9 10 11 36 37 38 39 40 42 44 45 48 43 41 81 80 79 78 56 57 34 35 12 13 14 15 16 32 33 31 61 74 75 60 59 58 76 77 85 86 73 72 62 30 29 28 27 26 25 63 24 22 20 21 23 64 65 66 68 67 19 18 17 94 95 96 97 98 127 132 131 130 129 128 126 125 123 124 122 121 120 138 139 140 141 115 117 118 116 119 100 99 93 92 91 101 102 114 113 112 103 104 105 106 88 89 90 69 70 71 87 107 108 143 145 146 147 144 184 189 109 110 111 
cpTO[3]=120919.868710 
cpTO[4]=128568.962720 
cpSO[4]=
219 220 221 190 189 184 147 144 143 145 146 111 110 109 73 72 62 28 27 26 25 63 108 107 106 87 71 70 88 105 104 103 101 91 90 89 69 68 67 66 65 64 21 23 24 22 20 19 18 17 92 93 99 94 95 97 96 127 98 124 122 125 126 128 129 130 131 132 164 166 168 165 163 162 161 133 134 135 136 123 121 100 119 116 114 102 115 117 118 120 138 139 140 141 113 112 142 151 152 150 149 183 191 192 193 194 182 181 153 154 155 180 179 178 177 198 196 195 197 215 214 213 212 211 210 202 201 200 199 175 174 176 156 137 157 158 159 160 172 171 173 203 204 205 206 170 169 167 207 208 250 209 249 252 253 254 251 248 247 246 255 256 257 245 244 243 242 241 216 217 218 240 262 261 260 259 258 311 312 313 314 315 316 317 318 401 403 404 416 417 427 428 430 415 414 399 400 387 386 385 384 377 366 367 368 362 363 364 365 331 330 329 300 301 302 303 328 327 326 325 324 323 322 320 319 321 310 309 308 307 263 306 305 304 267 266 265 264 239 238 237 236 235 234 233 268 269 270 271 232 222 223 272 273 274 275 276 278 277 295 296 297 298 299 332 333 334 294 293 338 337 336 335 361 360 359 369 358 356 357 355 354 352 351 353 292 291 290 289 288 287 285 231 230 279 284 286 339 346 348 350 349 347 345 344 376 375 379 378 388 389 390 391 398 397 396 392 394 393 383 382 381 380 374 373 372 371 370 340 280 229 186 224 187 188 80 81 55 54 47 46 43 41 38 44 42 40 39 10 11 36 37 79 78 56 35 34 33 32 57 58 76 77 85 86 74 75 59 60 61 30 29 31 16 15 14 13 12 9 8 7 6 5 3 4 45 48 1 2 0 51 50 49 53 52 82 83 84 148 185 225 226 227 228 281 341 342 343 283 282 438 434 435 436 437 433 402 407 408 425 410 409 424 423 426 429 432 431 421 422 411 412 395 406 405 413 420 418 419 
cpTO[4]=128568.962720 
cpTO[5]=125791.879457 
cpSO[5]=
33 32 16 15 14 13 12 34 35 36 37 38 41 43 46 47 48 45 44 42 40 39 10 11 9 8 7 6 5 4 3 0 2 1 51 50 49 52 53 54 55 81 80 79 78 56 57 77 58 59 60 61 74 75 76 86 85 188 187 224 186 148 82 83 84 185 226 225 280 229 230 231 279 284 285 286 339 281 228 227 282 283 343 342 341 340 372 370 371 373 374 380 381 382 383 393 394 392 397 396 438 434 435 436 437 433 402 407 408 410 409 424 425 423 426 429 432 431 421 422 411 412 406 405 395 398 391 390 413 420 419 418 388 389 378 379 375 376 349 350 352 354 353 351 347 345 344 346 348 287 288 289 290 291 292 356 355 357 358 369 359 360 338 337 336 335 334 333 332 299 298 297 296 295 294 293 278 277 276 275 274 273 272 271 300 301 302 329 303 304 326 327 328 330 331 365 364 363 362 361 368 367 366 377 384 385 386 387 400 399 414 415 430 428 427 417 416 404 403 401 322 323 324 325 305 265 264 306 307 308 321 320 319 318 317 316 315 314 313 256 257 258 259 312 311 310 309 260 261 262 263 239 217 240 241 242 243 244 245 246 210 211 212 213 214 216 215 197 198 199 200 177 176 175 203 201 202 204 209 249 250 251 248 247 255 254 253 252 208 207 206 205 170 169 167 168 165 171 173 172 174 160 161 134 133 162 163 164 166 132 131 130 129 127 128 126 125 123 136 135 159 158 157 178 179 196 195 194 193 192 218 219 220 236 237 238 266 267 268 269 270 235 234 233 232 221 222 223 189 190 183 191 182 181 180 156 155 154 153 152 150 149 184 144 147 146 145 111 110 109 73 72 62 30 31 29 28 27 26 25 63 24 64 65 71 87 88 106 107 108 143 142 151 141 140 139 138 137 120 118 117 115 112 113 102 114 116 119 121 100 122 124 98 97 96 95 94 99 93 92 91 101 103 104 105 90 89 70 69 68 67 17 18 19 66 21 20 22 23 
cpTO[5]=125791.879457 
cpTO[6]=131121.467232 
cpSO[6]=
47 46 43 45 48 49 50 51 1 2 0 3 4 5 6 7 8 9 11 10 39 40 42 44 41 38 37 36 35 34 33 57 56 78 79 80 81 55 54 53 52 82 83 84 148 185 225 226 227 282 228 281 342 341 340 280 229 186 224 187 188 85 77 86 76 75 74 61 60 59 58 32 12 13 14 15 16 31 30 29 27 25 26 28 62 72 73 63 24 22 23 21 20 19 18 17 93 92 91 101 90 89 70 69 68 67 66 65 64 71 87 88 106 105 104 103 112 113 102 115 141 151 142 150 149 144 145 143 107 108 109 110 111 146 147 184 189 190 183 191 192 193 182 181 180 156 155 154 153 152 140 139 138 137 157 136 123 125 126 124 122 121 120 118 117 114 116 119 100 99 94 95 96 97 98 127 128 135 134 133 162 163 129 130 131 132 166 164 165 168 167 169 170 206 207 209 247 248 249 250 208 252 251 254 253 255 315 314 313 256 246 257 258 312 311 310 309 261 262 241 242 243 260 259 244 245 210 211 212 213 214 215 197 198 199 200 175 174 203 201 202 204 205 171 173 172 161 160 159 158 176 177 178 179 196 195 194 218 217 216 240 239 263 264 265 305 304 303 327 326 325 306 307 308 324 323 322 321 320 319 318 317 316 401 403 404 416 417 427 428 430 415 414 399 400 387 386 385 384 377 366 367 368 363 362 361 360 359 369 358 356 357 355 354 353 351 352 350 349 348 347 345 346 344 376 375 379 378 389 388 418 419 420 413 398 405 406 412 411 422 421 431 432 429 426 423 425 424 409 410 408 407 433 437 436 435 434 438 283 343 402 395 396 397 392 394 393 383 382 370 372 371 381 391 390 380 374 373 339 286 285 284 279 230 231 287 288 289 290 291 292 338 337 294 293 278 277 276 275 296 295 336 335 334 333 297 298 299 332 364 365 331 330 328 329 302 301 300 272 273 274 223 222 221 220 219 238 237 236 235 234 233 232 271 270 269 268 266 267 
cpTO[6]=131121.467232 
cpTO[7]=128031.863406 
cpSO[7]=
397 395 396 394 381 371 382 383 393 392 398 391 390 380 374 373 372 370 343 283 342 341 340 339 286 285 284 279 231 230 224 186 187 188 81 80 79 78 56 57 77 85 86 76 58 59 60 75 74 61 31 33 32 16 15 14 13 12 11 34 35 36 37 39 10 9 8 7 6 5 4 3 0 2 1 47 46 48 45 44 42 40 38 41 43 55 54 53 52 49 50 51 82 83 84 148 185 226 225 280 229 281 228 227 282 438 434 435 436 437 433 402 407 408 410 409 424 425 423 426 429 432 431 421 422 411 412 406 405 413 420 419 418 414 415 388 389 379 378 376 375 344 345 347 348 346 287 288 289 290 353 351 349 350 352 354 355 357 358 356 291 292 278 277 276 275 274 273 272 298 297 296 295 294 293 338 337 336 359 369 360 361 362 363 335 334 333 299 332 365 364 368 367 366 377 384 385 386 387 400 399 428 430 427 417 416 404 403 401 316 317 318 319 314 313 312 311 310 309 308 307 321 320 322 323 324 325 326 327 328 330 331 329 303 302 301 300 271 270 269 268 267 266 265 264 240 239 238 237 236 235 234 233 232 221 222 223 147 146 145 111 110 109 73 72 62 30 29 28 27 26 25 63 24 22 23 65 64 71 70 87 88 89 90 69 68 67 66 21 20 19 18 17 94 95 96 97 98 127 129 130 131 132 166 164 163 165 168 167 169 170 171 173 203 174 160 172 162 133 134 161 159 135 136 137 138 139 140 141 117 118 116 119 120 121 123 125 126 128 124 122 100 99 93 92 91 101 102 114 115 113 112 103 104 105 106 107 108 143 144 184 189 190 220 219 218 217 216 215 197 196 195 194 193 192 181 182 191 183 149 142 151 150 152 153 154 155 157 158 156 180 179 178 177 198 176 175 199 200 201 202 204 205 206 207 208 250 249 209 210 211 212 213 214 241 242 243 244 245 246 247 248 252 251 254 253 315 255 256 257 258 259 260 261 262 263 306 305 304 
cpTO[7]=128031.863406 
cpTO[8]=126394.567677 
cpSO[8]=
50 49 51 1 2 0 82 83 84 148 185 225 226 227 228 281 340 341 342 343 283 282 438 434 435 436 437 433 402 407 408 410 409 424 425 423 426 429 432 431 421 422 411 412 395 406 405 420 419 418 413 398 391 390 397 396 392 394 393 383 381 382 371 370 372 373 374 380 379 389 388 378 376 375 344 345 347 346 348 349 350 352 353 354 356 355 357 358 292 291 290 289 351 288 287 339 286 285 284 279 231 188 187 224 230 229 280 186 52 53 54 55 81 80 79 46 47 48 45 4 3 5 6 7 8 9 10 11 12 13 14 15 16 32 33 34 35 36 37 39 40 42 44 43 41 38 78 56 57 58 77 85 86 76 75 74 59 60 61 31 30 29 28 27 26 25 62 72 73 63 24 22 23 64 65 21 20 19 17 18 66 67 68 69 70 71 87 88 89 90 101 91 92 93 100 122 124 99 94 95 96 97 98 127 128 129 130 131 132 166 164 165 163 162 161 160 159 158 136 135 134 133 126 125 123 137 157 156 155 138 120 121 119 116 114 102 115 117 118 139 140 141 154 180 179 178 176 177 198 199 215 197 196 195 194 193 192 190 183 191 182 181 153 152 151 150 149 142 112 113 103 104 105 106 107 108 109 110 111 145 143 146 147 144 184 189 223 222 272 273 274 275 276 277 278 293 294 295 336 337 338 360 359 369 368 363 362 361 335 334 333 332 296 297 298 299 300 301 302 303 304 305 306 307 308 261 260 259 312 311 309 310 321 320 322 323 324 325 326 327 328 330 329 331 365 364 367 366 377 384 385 386 387 400 399 414 415 430 428 427 417 416 404 403 401 316 317 318 319 313 314 315 255 256 257 258 245 244 243 242 241 262 263 264 265 266 267 268 269 270 271 232 233 234 235 221 220 219 236 237 238 239 218 217 216 240 214 213 212 211 210 209 246 247 248 251 254 253 252 249 250 208 207 167 168 169 170 171 173 172 174 175 200 201 202 203 204 205 206 
cpTO[8]=126394.567677 
cpTO[9]=128536.461324 
cpSO[9]=
283 343 342 341 372 370 371 382 381 383 393 392 394 397 396 395 398 391 390 380 374 373 340 280 281 228 225 226 227 282 438 434 435 436 437 433 402 407 408 410 409 424 425 423 426 429 432 431 421 422 411 412 406 405 413 420 419 418 388 389 379 378 376 375 344 345 347 346 348 288 287 339 286 285 284 279 231 230 229 224 188 187 186 148 185 84 83 82 52 53 54 55 81 80 79 78 40 39 10 36 35 34 33 32 31 16 15 14 13 12 11 9 8 7 6 5 4 3 0 2 1 51 50 49 47 46 48 45 44 42 43 41 38 37 56 57 58 76 77 85 86 74 75 59 60 61 30 29 28 27 26 25 62 72 73 63 24 64 65 71 87 88 70 89 90 69 68 67 66 21 23 22 20 19 18 17 93 99 94 95 96 97 98 127 129 130 131 132 166 164 165 163 162 161 160 174 172 173 171 170 169 168 167 207 206 205 204 202 203 201 200 199 175 176 177 198 197 196 179 178 156 155 157 158 159 137 136 135 134 133 128 126 125 123 124 122 100 119 121 138 139 140 141 117 118 120 116 114 92 91 101 102 115 113 112 103 104 105 106 107 108 109 110 111 145 143 146 147 144 184 189 149 150 142 151 152 153 154 180 181 182 195 194 193 192 191 183 190 222 223 272 273 274 275 276 277 278 292 291 290 289 351 349 350 352 353 354 356 355 357 358 293 294 295 296 297 334 335 336 337 338 359 369 360 361 362 363 368 367 377 384 385 387 400 399 414 415 430 428 427 417 416 404 403 401 386 366 365 364 332 333 298 299 300 301 302 329 331 330 328 303 304 305 264 265 266 267 268 235 269 270 271 232 233 234 221 220 236 237 238 239 219 218 217 240 216 215 214 213 212 211 210 209 245 246 247 248 249 250 208 252 251 255 256 257 258 313 312 311 259 260 261 244 243 242 241 262 263 309 310 308 307 306 327 326 325 324 323 322 321 320 319 318 314 315 254 253 316 317 
cpTO[9]=128536.461324 
ini=
 best=108492.647759 position=2
82 83 84 148 185 225 226 227 282 228 281 280 229 186 187 188 224 230 231 279 284 285 286 339 373 374 380 390 391 398 397 395 396 392 394 393 383 381 382 371 370 372 340 341 342 343 283 438 434 435 436 437 433 402 407 408 410 409 424 425 423 426 429 432 431 421 422 411 412 406 405 420 419 418 413 389 388 378 379 375 376 352 354 355 357 358 356 353 351 350 349 348 347 345 344 346 287 288 289 290 291 292 278 277 276 275 274 273 272 299 298 297 296 295 294 293 338 337 336 335 334 333 332 365 364 363 362 361 360 359 369 368 367 366 377 384 385 386 387 400 399 414 415 430 428 427 417 416 404 403 401 316 317 318 319 320 321 322 323 324 325 326 327 328 330 331 329 303 302 301 300 271 270 269 268 267 304 305 306 307 308 309 310 311 312 313 314 315 253 254 255 256 257 258 259 260 261 262 263 264 265 266 236 237 238 239 240 241 242 243 244 245 246 247 248 251 252 208 250 249 209 210 211 212 213 214 215 216 217 218 219 220 235 234 233 232 221 222 223 189 184 144 147 146 143 145 111 110 109 108 107 106 105 104 103 112 113 102 114 116 119 100 121 120 118 117 115 138 139 140 141 151 142 149 150 152 153 154 155 156 158 157 137 136 135 134 133 162 161 159 160 174 175 176 177 178 179 180 181 182 191 183 190 192 193 194 195 196 197 198 199 200 201 202 204 203 173 172 171 205 206 207 170 169 167 168 165 163 164 166 132 131 130 129 128 126 125 123 122 124 98 127 96 97 95 94 99 93 92 91 101 90 89 88 87 71 70 69 68 67 17 18 19 66 65 64 23 21 20 22 24 63 73 72 62 28 26 25 27 29 30 31 61 74 75 60 59 58 76 86 85 77 57 56 78 79 80 81 55 54 53 52 50 49 47 46 43 48 45 44 42 40 39 41 38 37 36 35 34 33 32 16 15 14 13 12 11 10 9 8 7 6 5 4 3 0 2 1 51 
solution is:108412.933006.       temperature is:0.619121
Mon Dec 09 20:26:17 2013
times: 4
cpTO[0]=131168.431023 
cpSO[0]=
219 218 217 216 240 241 242 214 213 212 244 243 259 260 261 262 263 239 238 237 236 235 268 267 266 265 264 308 307 306 305 304 303 302 301 269 270 233 234 220 190 183 191 182 181 192 193 194 195 196 197 215 198 177 176 178 179 180 153 152 154 139 138 137 155 156 157 158 159 136 135 134 161 160 175 199 200 201 202 204 203 174 172 173 171 205 206 207 170 169 167 168 165 166 164 163 162 133 128 126 125 123 121 120 118 114 116 119 100 122 124 129 130 131 132 127 98 97 96 95 94 99 93 92 91 17 18 19 20 22 23 21 66 67 65 64 24 63 25 26 27 28 62 30 29 31 61 60 59 58 33 32 16 15 14 13 12 11 9 8 7 6 5 4 3 0 2 1 48 45 44 42 40 39 10 36 35 34 57 77 85 86 76 75 74 72 73 108 109 110 111 146 147 144 145 143 107 106 105 104 88 87 71 70 68 69 89 90 101 103 112 113 102 115 117 140 141 151 142 150 149 184 189 223 222 221 232 271 300 272 299 298 297 334 333 332 331 329 330 328 327 326 325 324 323 322 320 319 321 310 309 311 312 258 257 246 245 211 210 209 247 248 251 249 250 208 252 253 254 255 256 313 314 315 316 317 318 401 403 404 416 417 427 428 430 399 400 387 386 385 384 377 367 366 365 364 363 368 362 361 369 359 360 335 336 337 338 293 294 295 296 273 274 275 276 277 278 292 291 290 289 288 287 231 230 279 284 285 286 339 344 346 345 347 348 351 353 356 358 357 355 354 352 350 349 376 375 379 378 388 389 398 397 395 396 394 383 382 381 393 392 391 390 380 374 373 371 370 372 340 280 229 186 224 187 188 79 78 56 37 38 41 43 80 81 55 54 53 52 46 47 49 50 51 82 83 84 148 185 225 226 227 228 281 341 342 343 283 282 438 434 435 436 437 433 402 407 408 410 409 424 425 423 426 429 432 431 421 422 411 412 406 405 413 420 414 415 418 419 
cpTO[0]=131168.431023 
cpTO[1]=129594.684768 
cpSO[1]=
219 221 220 218 217 216 215 214 213 244 245 212 211 210 209 246 247 248 249 251 254 253 252 250 208 207 206 170 171 205 204 202 201 175 200 199 198 197 196 195 194 193 180 179 178 177 176 160 161 174 203 173 172 169 167 168 165 166 164 163 162 133 134 135 159 136 123 125 126 128 129 130 131 132 96 95 97 98 127 124 122 100 119 121 120 118 138 137 157 158 156 155 139 140 141 151 142 115 117 116 114 91 92 93 99 94 17 18 19 20 22 23 21 64 65 66 67 68 69 70 71 87 88 89 90 101 102 113 112 103 104 105 106 107 108 63 24 25 26 27 28 29 30 31 61 60 59 58 57 77 85 86 76 75 74 62 72 73 109 110 111 145 143 146 147 144 184 149 150 152 153 154 181 182 192 191 183 190 189 223 222 232 233 234 235 236 237 238 239 240 241 242 243 261 262 263 307 308 309 310 321 325 324 323 322 320 319 318 313 312 311 260 259 258 257 256 255 315 314 317 316 401 403 404 416 417 427 428 430 418 414 415 399 400 387 386 385 384 377 367 366 365 331 330 328 327 326 329 302 301 303 304 305 306 264 265 266 267 268 269 270 271 300 332 333 334 296 297 298 299 272 273 274 275 276 277 278 295 294 293 338 337 336 335 363 364 368 362 361 360 359 369 357 355 354 356 358 292 291 290 289 353 352 350 351 349 347 345 344 346 348 288 287 231 224 230 279 284 285 286 339 375 376 379 378 388 389 373 374 380 390 391 398 397 395 396 392 394 393 383 381 382 371 370 372 340 341 342 343 281 280 229 186 187 188 81 80 79 78 56 37 39 10 11 36 35 34 33 32 16 15 14 13 12 9 8 7 6 5 4 3 0 2 1 48 45 44 42 40 38 41 43 46 47 49 55 54 53 52 50 51 82 83 84 148 185 225 226 228 227 282 283 438 434 435 436 437 433 402 407 408 410 409 424 425 423 426 429 432 431 421 422 411 412 406 405 413 420 419 
cpTO[1]=129594.684768 
cpTO[2]=108412.933006 
cpSO[2]=
363 364 365 332 333 334 335 336 337 338 293 294 295 296 297 298 299 272 273 274 275 276 277 278 292 291 290 289 288 287 346 344 345 347 348 351 353 356 358 357 355 354 352 350 349 376 375 379 378 388 389 413 418 419 420 405 406 412 411 422 421 431 432 429 426 423 425 424 409 410 408 407 402 433 437 436 435 434 438 283 343 342 341 340 372 370 371 382 381 383 393 394 392 396 395 397 398 391 390 380 374 373 339 286 285 284 279 231 230 224 188 187 186 229 280 281 228 282 227 226 225 185 148 84 83 82 50 51 1 2 0 3 4 5 6 7 8 9 10 11 12 13 14 15 16 32 33 34 35 36 37 38 39 40 42 41 43 44 45 48 46 47 49 52 53 54 55 81 80 79 78 56 57 77 85 86 76 58 59 60 75 74 61 31 30 29 27 25 26 28 62 72 73 63 24 22 20 21 23 64 65 66 19 18 17 67 68 69 70 71 87 88 89 90 101 91 92 93 99 94 95 96 97 98 127 132 131 130 129 128 126 125 124 100 122 123 136 135 134 133 161 162 163 164 166 165 168 167 169 170 207 206 205 171 172 173 203 204 202 201 200 199 198 197 196 195 194 193 192 190 183 191 182 181 180 179 178 177 176 175 174 160 159 158 157 156 155 154 153 152 150 149 142 151 141 140 139 138 137 121 119 120 118 117 115 116 114 102 113 112 103 104 105 106 107 108 109 110 111 145 143 146 147 144 184 189 223 222 221 220 219 218 217 216 215 214 213 212 211 210 209 249 250 208 252 251 248 247 246 245 244 243 242 241 240 239 238 237 236 235 234 233 232 271 270 269 268 267 266 265 264 263 262 261 260 259 258 257 256 255 254 253 315 314 313 312 311 310 309 308 307 306 305 304 303 301 300 302 329 331 330 328 327 326 325 324 323 322 321 320 319 318 317 316 401 403 404 416 417 427 428 430 415 414 399 400 387 386 385 384 377 366 367 368 369 359 360 361 362 
cpTO[2]=108412.933006 
cpTO[3]=120919.868710 
cpSO[3]=
331 330 328 329 302 303 327 326 325 324 323 322 321 309 308 307 306 305 304 301 300 271 270 269 268 267 266 265 264 263 262 261 241 240 239 218 217 216 215 197 214 213 212 244 243 242 260 259 258 257 256 313 312 311 310 320 319 318 317 316 314 315 255 253 254 251 252 208 250 249 248 247 246 245 209 210 211 201 202 204 205 206 207 170 171 169 167 168 165 166 164 163 172 173 203 174 175 200 199 198 196 195 194 193 192 182 181 180 179 178 177 176 158 159 160 161 162 133 134 135 136 137 157 156 155 154 153 152 150 151 142 149 183 191 190 220 219 238 237 236 235 234 233 232 221 222 223 272 273 274 298 299 332 333 297 296 295 275 276 277 278 293 294 337 336 335 334 363 364 365 366 386 387 401 403 404 416 417 427 428 430 415 414 399 400 385 384 377 367 368 362 361 360 338 359 369 358 357 355 354 356 292 291 290 289 288 287 348 347 349 351 353 352 350 376 375 345 346 344 339 286 285 284 279 231 230 224 188 187 186 229 280 281 340 372 370 371 373 374 380 381 382 383 393 394 392 396 395 397 398 391 390 379 378 389 388 418 419 420 413 405 406 412 411 422 421 431 432 429 426 423 425 424 409 410 408 407 402 433 437 436 435 434 438 343 342 341 283 282 227 228 226 225 185 148 84 83 82 52 53 54 55 46 47 49 50 51 1 2 0 3 4 5 6 7 8 9 10 11 36 37 38 39 40 42 44 45 48 43 41 81 80 79 78 56 57 34 35 12 13 14 15 16 32 33 31 61 74 75 60 59 58 76 77 85 86 73 72 62 30 29 28 27 26 25 63 24 22 20 21 23 64 65 66 68 67 19 18 17 94 95 96 97 98 127 132 131 130 129 128 126 125 123 124 122 121 120 138 139 140 141 115 117 118 116 119 100 99 93 92 91 101 102 114 113 112 103 104 105 106 88 89 90 69 70 71 87 107 108 143 145 146 147 144 184 189 109 110 111 
cpTO[3]=120919.868710 
cpTO[4]=128315.786624 
cpSO[4]=
219 220 221 190 189 184 147 144 143 145 146 111 110 109 73 72 62 28 27 26 25 63 108 107 106 87 71 70 88 105 104 103 101 91 90 89 69 68 67 66 65 64 21 23 24 22 20 19 18 17 92 93 99 94 95 97 96 127 98 124 122 125 126 128 129 130 131 132 164 166 168 165 163 162 161 133 134 135 136 123 121 100 119 116 114 102 115 117 118 120 138 139 140 141 113 112 142 151 152 150 149 183 191 192 193 194 182 181 153 154 155 180 179 178 177 198 196 195 197 215 214 213 212 211 210 202 201 200 199 175 174 176 156 137 157 158 159 160 172 171 173 203 204 205 206 170 169 167 207 208 250 209 249 252 253 254 251 248 247 246 255 256 257 245 244 243 242 241 216 217 218 240 262 261 260 259 258 311 312 313 314 315 316 317 318 401 403 404 416 417 427 428 430 415 414 399 400 387 386 385 384 377 366 367 368 362 363 364 365 331 330 329 300 301 302 303 328 327 326 325 324 323 322 320 319 321 310 309 308 307 263 306 305 304 267 266 265 264 239 238 237 236 235 234 233 268 269 270 271 232 222 223 272 273 274 275 276 277 278 293 338 294 295 296 297 298 299 332 333 334 335 336 337 361 360 359 369 358 356 357 355 354 352 351 353 292 291 290 289 288 287 285 231 230 279 284 286 339 346 348 350 349 347 345 344 376 375 379 378 388 389 390 391 398 397 396 392 394 393 383 382 381 380 374 373 372 371 370 340 280 229 186 224 187 188 80 81 55 54 47 46 43 41 38 44 42 40 39 10 11 36 37 79 78 56 35 34 33 32 57 58 76 77 85 86 74 75 59 60 61 30 29 31 16 15 14 13 12 9 8 7 6 5 3 4 45 48 1 2 0 51 50 49 53 52 82 83 84 148 185 225 226 227 228 281 341 342 343 283 282 438 434 435 436 437 433 402 407 408 425 410 409 424 423 426 429 432 431 421 422 411 412 395 406 405 413 420 418 419 
cpTO[4]=128315.786624 
cpTO[5]=125791.879457 
cpSO[5]=
33 32 16 15 14 13 12 34 35 36 37 38 41 43 46 47 48 45 44 42 40 39 10 11 9 8 7 6 5 4 3 0 2 1 51 50 49 52 53 54 55 81 80 79 78 56 57 77 58 59 60 61 74 75 76 86 85 188 187 224 186 148 82 83 84 185 226 225 280 229 230 231 279 284 285 286 339 281 228 227 282 283 343 342 341 340 372 370 371 373 374 380 381 382 383 393 394 392 397 396 438 434 435 436 437 433 402 407 408 410 409 424 425 423 426 429 432 431 421 422 411 412 406 405 395 398 391 390 413 420 419 418 388 389 378 379 375 376 349 350 352 354 353 351 347 345 344 346 348 287 288 289 290 291 292 356 355 357 358 369 359 360 338 337 336 335 334 333 332 299 298 297 296 295 294 293 278 277 276 275 274 273 272 271 300 301 302 329 303 304 326 327 328 330 331 365 364 363 362 361 368 367 366 377 384 385 386 387 400 399 414 415 430 428 427 417 416 404 403 401 322 323 324 325 305 265 264 306 307 308 321 320 319 318 317 316 315 314 313 256 257 258 259 312 311 310 309 260 261 262 263 239 217 240 241 242 243 244 245 246 210 211 212 213 214 216 215 197 198 199 200 177 176 175 203 201 202 204 209 249 250 251 248 247 255 254 253 252 208 207 206 205 170 169 167 168 165 171 173 172 174 160 161 134 133 162 163 164 166 132 131 130 129 127 128 126 125 123 136 135 159 158 157 178 179 196 195 194 193 192 218 219 220 236 237 238 266 267 268 269 270 235 234 233 232 221 222 223 189 190 183 191 182 181 180 156 155 154 153 152 150 149 184 144 147 146 145 111 110 109 73 72 62 30 31 29 28 27 26 25 63 24 64 65 71 87 88 106 107 108 143 142 151 141 140 139 138 137 120 118 117 115 112 113 102 114 116 119 121 100 122 124 98 97 96 95 94 99 93 92 91 101 103 104 105 90 89 70 69 68 67 17 18 19 66 21 20 22 23 
cpTO[5]=125791.879457 
cpTO[6]=131121.467232 
cpSO[6]=
47 46 43 45 48 49 50 51 1 2 0 3 4 5 6 7 8 9 11 10 39 40 42 44 41 38 37 36 35 34 33 57 56 78 79 80 81 55 54 53 52 82 83 84 148 185 225 226 227 282 228 281 342 341 340 280 229 186 224 187 188 85 77 86 76 75 74 61 60 59 58 32 12 13 14 15 16 31 30 29 27 25 26 28 62 72 73 63 24 22 23 21 20 19 18 17 93 92 91 101 90 89 70 69 68 67 66 65 64 71 87 88 106 105 104 103 112 113 102 115 141 151 142 150 149 144 145 143 107 108 109 110 111 146 147 184 189 190 183 191 192 193 182 181 180 156 155 154 153 152 140 139 138 137 157 136 123 125 126 124 122 121 120 118 117 114 116 119 100 99 94 95 96 97 98 127 128 135 134 133 162 163 129 130 131 132 166 164 165 168 167 169 170 206 207 209 247 248 249 250 208 252 251 254 253 255 315 314 313 256 246 257 258 312 311 310 309 261 262 241 242 243 260 259 244 245 210 211 212 213 214 215 197 198 199 200 175 174 203 201 202 204 205 171 173 172 161 160 159 158 176 177 178 179 196 195 194 218 217 216 240 239 263 264 265 305 304 303 327 326 325 306 307 308 324 323 322 321 320 319 318 317 316 401 403 404 416 417 427 428 430 415 414 399 400 387 386 385 384 377 366 367 368 363 362 361 360 359 369 358 356 357 355 354 353 351 352 350 349 348 347 345 346 344 376 375 379 378 389 388 418 419 420 413 398 405 406 412 411 422 421 431 432 429 426 423 425 424 409 410 408 407 433 437 436 435 434 438 283 343 402 395 396 397 392 394 393 383 382 370 372 371 381 391 390 380 374 373 339 286 285 284 279 230 231 287 288 289 290 291 292 338 337 294 293 278 277 276 275 296 295 336 335 334 333 297 298 299 332 364 365 331 330 328 329 302 301 300 272 273 274 223 222 221 220 219 238 237 236 235 234 233 232 271 270 269 268 266 267 
cpTO[6]=131121.467232 
cpTO[7]=126838.217355 
cpSO[7]=
397 395 396 394 383 382 371 381 393 392 398 391 390 380 374 373 372 370 343 283 342 341 340 281 280 229 339 286 285 284 279 231 230 224 186 187 188 81 80 79 78 56 57 77 85 86 76 58 59 60 75 74 61 31 33 32 16 15 14 13 12 11 34 35 36 37 39 10 9 8 7 6 5 4 3 0 2 1 47 46 48 45 44 42 40 38 41 43 55 54 53 52 49 50 51 82 83 84 148 185 225 226 228 227 282 438 434 435 436 437 433 402 407 408 410 409 424 425 423 426 429 432 431 421 422 411 412 406 405 413 420 419 418 414 415 388 389 379 378 376 375 344 345 347 348 346 287 288 289 290 353 351 349 350 352 354 355 357 358 356 291 292 278 277 276 275 274 273 272 298 297 296 295 294 293 338 337 336 359 369 360 361 362 363 335 334 333 299 332 365 364 368 367 366 377 384 385 386 387 400 399 430 428 427 417 416 404 403 401 316 317 318 319 314 313 312 311 310 309 308 307 321 320 322 323 324 325 326 327 328 330 331 329 303 302 301 300 271 270 269 268 267 266 265 264 240 239 238 237 236 235 234 233 232 221 222 223 147 146 145 111 110 109 73 72 62 30 29 28 27 26 25 63 24 22 23 65 64 71 70 87 88 89 90 69 68 67 66 21 20 19 18 17 94 95 96 97 98 127 129 130 131 132 166 164 163 165 168 167 169 170 171 173 203 174 160 172 162 133 134 161 159 135 136 137 138 139 140 141 117 118 116 119 120 121 123 125 126 128 124 122 100 99 93 92 91 101 102 114 115 113 112 103 104 105 106 107 108 143 144 184 189 190 220 219 218 217 216 215 197 196 195 194 193 192 181 182 191 183 149 142 151 150 152 153 154 155 157 158 156 180 179 178 177 198 176 175 199 200 201 202 204 205 206 207 208 250 249 209 210 211 212 213 214 241 242 243 244 245 246 247 248 252 251 254 253 315 255 256 257 258 259 260 261 262 263 306 305 304 
cpTO[7]=126838.217355 
cpTO[8]=126394.567677 
cpSO[8]=
50 49 51 1 2 0 82 83 84 148 185 225 226 227 228 281 340 341 342 343 283 282 438 434 435 436 437 433 402 407 408 410 409 424 425 423 426 429 432 431 421 422 411 412 395 406 405 420 419 418 413 398 391 390 397 396 392 394 393 383 381 382 371 370 372 373 374 380 379 389 388 378 376 375 344 345 347 346 348 349 350 352 353 354 356 355 357 358 292 291 290 289 351 288 287 339 286 285 284 279 231 188 187 224 230 229 280 186 52 53 54 55 81 80 79 46 47 48 45 4 3 5 6 7 8 9 10 11 12 13 14 15 16 32 33 34 35 36 37 39 40 42 44 43 41 38 78 56 57 58 77 85 86 76 75 74 59 60 61 31 30 29 28 27 26 25 62 72 73 63 24 22 23 64 65 21 20 19 17 18 66 67 68 69 70 71 87 88 89 90 101 91 92 93 100 122 124 99 94 95 96 97 98 127 128 129 130 131 132 166 164 165 163 162 161 160 159 158 136 135 134 133 126 125 123 137 157 156 155 138 120 121 119 116 114 102 115 117 118 139 140 141 154 180 179 178 176 177 198 199 215 197 196 195 194 193 192 190 183 191 182 181 153 152 151 150 149 142 112 113 103 104 105 106 107 108 109 110 111 145 143 146 147 144 184 189 223 222 272 273 274 275 276 277 278 293 294 295 336 337 338 360 359 369 368 363 362 361 335 334 333 332 296 297 298 299 300 301 302 303 304 305 306 307 308 261 260 259 312 311 309 310 321 320 322 323 324 325 326 327 328 330 329 331 365 364 367 366 377 384 385 386 387 400 399 414 415 430 428 427 417 416 404 403 401 316 317 318 319 313 314 315 255 256 257 258 245 244 243 242 241 262 263 264 265 266 267 268 269 270 271 232 233 234 235 221 220 219 236 237 238 239 218 217 216 240 214 213 212 211 210 209 246 247 248 251 254 253 252 249 250 208 207 167 168 169 170 171 173 172 174 175 200 201 202 203 204 205 206 
cpTO[8]=126394.567677 
cpTO[9]=128327.677967 
cpSO[9]=
283 343 342 341 372 370 371 382 381 383 393 394 392 397 396 395 398 391 390 380 374 373 340 280 281 228 225 226 227 282 438 434 435 436 437 433 402 407 408 410 409 424 425 423 426 429 432 431 421 422 411 412 406 405 413 420 419 418 388 389 379 378 376 375 344 345 347 346 348 288 287 339 286 285 284 279 231 230 229 224 188 187 186 148 185 84 83 82 52 53 54 55 81 80 79 78 38 41 43 42 44 45 48 46 47 49 50 51 1 2 0 3 4 5 6 7 8 9 11 12 13 14 15 16 31 32 33 34 35 36 10 39 40 37 56 57 58 76 77 85 86 74 75 59 60 61 30 29 28 27 26 25 62 72 73 63 24 64 65 71 87 88 70 89 90 69 68 67 66 21 23 22 20 19 18 17 93 99 94 95 96 97 98 127 129 130 131 132 166 164 165 163 162 161 160 174 172 173 171 170 169 168 167 207 206 205 204 202 203 201 200 199 175 176 177 198 197 196 179 178 156 155 157 158 159 137 136 135 134 133 128 126 125 123 124 122 100 119 121 138 139 140 141 117 118 120 116 114 92 91 101 102 115 113 112 103 104 105 106 107 108 109 110 111 145 143 146 147 144 184 189 149 150 142 151 152 153 154 180 181 182 195 194 193 192 191 183 190 222 223 272 273 274 275 276 277 278 292 291 290 289 351 349 350 352 353 354 356 355 357 358 293 294 295 296 297 334 335 336 337 338 359 369 360 361 362 363 368 367 377 384 385 387 400 399 414 415 430 428 427 417 416 404 403 401 386 366 365 364 332 333 298 299 300 301 302 329 331 330 328 303 304 305 264 265 266 267 268 235 269 270 271 232 233 234 221 220 236 237 238 239 219 218 217 240 216 215 214 213 212 211 210 209 245 246 247 248 249 250 208 252 251 255 256 257 258 313 312 311 259 260 261 244 243 242 241 262 263 309 310 308 307 306 327 326 325 324 323 322 321 320 319 318 314 315 254 253 316 317 
cpTO[9]=128327.677967 
ini=
 best=108412.933006 position=2
363 364 365 332 333 334 335 336 337 338 293 294 295 296 297 298 299 272 273 274 275 276 277 278 292 291 290 289 288 287 346 344 345 347 348 351 353 356 358 357 355 354 352 350 349 376 375 379 378 388 389 413 418 419 420 405 406 412 411 422 421 431 432 429 426 423 425 424 409 410 408 407 402 433 437 436 435 434 438 283 343 342 341 340 372 370 371 382 381 383 393 394 392 396 395 397 398 391 390 380 374 373 339 286 285 284 279 231 230 224 188 187 186 229 280 281 228 282 227 226 225 185 148 84 83 82 50 51 1 2 0 3 4 5 6 7 8 9 10 11 12 13 14 15 16 32 33 34 35 36 37 38 39 40 42 41 43 44 45 48 46 47 49 52 53 54 55 81 80 79 78 56 57 77 85 86 76 58 59 60 75 74 61 31 30 29 27 25 26 28 62 72 73 63 24 22 20 21 23 64 65 66 19 18 17 67 68 69 70 71 87 88 89 90 101 91 92 93 99 94 95 96 97 98 127 132 131 130 129 128 126 125 124 100 122 123 136 135 134 133 161 162 163 164 166 165 168 167 169 170 207 206 205 171 172 173 203 204 202 201 200 199 198 197 196 195 194 193 192 190 183 191 182 181 180 179 178 177 176 175 174 160 159 158 157 156 155 154 153 152 150 149 142 151 141 140 139 138 137 121 119 120 118 117 115 116 114 102 113 112 103 104 105 106 107 108 109 110 111 145 143 146 147 144 184 189 223 222 221 220 219 218 217 216 215 214 213 212 211 210 209 249 250 208 252 251 248 247 246 245 244 243 242 241 240 239 238 237 236 235 234 233 232 271 270 269 268 267 266 265 264 263 262 261 260 259 258 257 256 255 254 253 315 314 313 312 311 310 309 308 307 306 305 304 303 301 300 302 329 331 330 328 327 326 325 324 323 322 321 320 319 318 317 316 401 403 404 416 417 427 428 430 415 414 399 400 387 386 385 384 377 366 367 368 369 359 360 361 362 
solution is:108216.670834.       temperature is:1.880640
Mon Dec 09 20:27:25 2013
The average run time for the algorithm is : 89.988200
The average solution for the algorithm is : 108461.376293
The maxx solution for the algorithm is : 108787.263499
 The minn solution for the algorithm is : 108216.670834 
The average error for the algorithm is : 0.011606
