var1=:0.999995205
var2=:0.999990409
a=0.004489
cpTO[0]=33506.929676 
cpSO[0]=
22 163 139 20 153 101 69 75 143 149 90 93 181 94 167 184 49 85 138 71 61 82 128 102 113 97 87 27 38 129 37 70 195 4 104 136 112 194 175 132 42 177 151 55 147 199 170 140 57 33 89 142 24 16 145 7 21 133 182 154 74 53 186 5 108 106 156 111 119 126 185 134 41 54 63 19 161 66 46 30 64 176 159 78 12 14 122 197 26 190 144 84 131 39 146 11 0 52 114 116 110 45 171 120 173 158 23 31 135 60 25 137 8 77 198 6 81 123 36 183 28 109 17 48 189 178 117 15 50 62 193 121 115 187 43 152 65 118 165 164 95 125 86 51 10 83 169 47 103 196 44 96 80 32 155 99 73 56 35 174 9 91 18 98 13 191 148 105 92 162 3 100 192 127 59 107 68 141 179 130 188 2 72 58 88 40 166 157 76 79 150 160 124 180 1 34 67 29 168 172 
cpTO[1]=33137.191972 
cpSO[1]=
114 116 110 120 45 171 173 158 23 31 60 135 25 198 6 81 77 8 137 123 36 117 178 15 50 62 193 121 115 187 43 152 65 169 83 51 10 86 125 95 165 164 103 47 118 18 189 17 183 28 109 48 11 39 146 162 92 105 148 98 91 9 174 196 44 96 80 32 155 99 56 73 35 13 191 3 100 192 127 166 59 107 68 141 179 130 188 2 72 58 40 88 153 20 139 163 29 67 168 34 160 76 157 79 150 124 180 1 22 172 149 143 101 69 75 181 93 90 94 167 184 61 82 71 49 138 85 194 112 175 132 136 42 104 4 195 177 151 55 70 129 37 27 38 147 87 113 97 199 170 140 57 128 145 102 33 89 142 24 16 7 21 133 182 154 74 53 186 5 108 106 156 111 126 185 134 41 54 119 46 30 64 176 66 161 63 19 159 78 12 14 122 197 26 190 144 84 131 0 52 
cpTO[2]=32392.463659 
cpSO[2]=
185 126 119 111 106 108 5 53 74 182 154 7 21 133 128 145 16 24 142 89 33 102 57 140 170 199 97 113 87 147 38 27 37 70 55 151 177 195 42 104 4 136 132 175 112 194 181 85 138 129 71 82 61 184 167 49 94 93 90 149 143 69 75 101 153 20 139 163 22 172 168 34 1 67 29 180 124 160 150 186 156 46 30 66 176 64 79 76 157 166 40 88 58 72 2 188 130 179 141 68 107 191 13 73 56 35 98 174 9 91 18 118 196 44 32 99 155 80 96 103 47 83 165 164 95 125 86 51 10 169 121 115 187 43 152 65 178 62 193 50 15 117 123 137 8 77 81 6 198 25 135 31 60 36 183 28 17 109 189 48 148 105 92 162 3 100 59 127 192 11 146 39 171 45 120 173 23 158 110 116 114 52 0 131 84 144 190 26 197 122 14 12 78 159 161 19 63 54 41 134 
cpTO[3]=32632.596031 
cpSO[3]=
152 178 15 117 123 137 8 77 81 6 198 25 60 135 31 23 158 173 120 45 171 48 109 17 28 183 36 50 193 62 43 187 115 121 169 83 51 10 165 95 86 125 164 103 47 118 18 98 91 196 44 96 80 32 155 99 73 56 35 174 9 13 191 3 100 59 107 68 141 179 130 188 2 72 58 88 40 166 127 192 157 76 180 184 49 138 85 194 112 175 132 136 42 104 4 195 177 151 55 70 37 27 38 129 71 82 61 167 172 22 143 149 90 94 93 181 75 69 101 153 20 139 163 168 29 67 34 1 124 160 79 64 150 186 5 53 108 156 106 74 154 182 21 133 7 128 145 102 113 97 87 147 199 57 170 140 33 89 142 24 16 126 111 119 46 30 66 54 185 41 134 19 63 161 159 78 176 12 14 122 197 26 190 144 84 131 0 52 114 116 110 39 146 11 162 92 105 148 189 65 
cpTO[4]=32575.339574 
cpSO[4]=
111 154 182 7 16 24 142 89 33 140 170 57 199 97 147 87 113 102 145 128 133 21 74 108 106 156 46 119 66 30 186 5 53 82 61 184 167 49 94 85 138 71 129 70 38 27 37 195 177 55 151 4 104 42 136 132 175 112 194 181 93 90 149 172 1 180 124 160 150 64 79 157 76 34 22 143 69 75 101 153 20 139 163 168 67 29 88 40 58 2 72 188 130 179 141 68 107 191 59 166 127 192 100 3 162 92 105 148 189 178 152 65 118 18 98 91 9 174 13 35 56 73 99 155 32 44 196 80 96 103 164 95 125 86 165 47 83 10 51 169 115 121 187 43 62 193 50 15 117 48 17 109 28 183 36 123 137 8 77 81 6 198 25 60 135 31 23 158 173 120 171 45 11 146 39 131 110 116 114 52 0 84 144 190 26 197 122 14 12 176 78 159 161 19 63 54 41 134 185 126 
cpTO[5]=358382.541492 
cpSO[5]=
162 181 161 134 145 44 37 97 130 40 18 151 6 199 95 153 76 71 2 110 122 36 26 166 147 15 188 64 117 124 137 19 165 143 184 66 73 108 123 74 156 191 9 168 61 0 176 12 56 197 182 39 29 131 142 129 90 4 174 85 14 118 88 31 146 157 65 32 33 43 101 178 89 93 107 28 47 154 116 99 51 20 159 77 120 63 79 50 11 193 112 126 105 170 121 24 133 94 46 57 72 96 180 62 100 82 136 160 132 25 114 109 70 98 186 125 91 135 115 67 179 150 30 8 48 27 192 86 83 164 68 187 5 140 17 22 194 141 1 183 175 78 152 13 42 10 149 3 81 41 75 138 54 139 84 52 38 111 172 163 35 113 171 195 185 119 173 198 189 102 80 127 128 34 53 106 196 177 87 167 23 7 169 69 155 16 45 60 144 55 92 49 104 103 59 58 190 21 158 148 
cpTO[6]=336497.817102 
cpSO[6]=
128 35 191 82 155 113 89 54 184 142 64 42 186 79 188 146 132 40 152 106 150 139 151 4 49 65 125 127 109 177 112 117 105 179 195 199 6 137 10 97 172 73 175 121 27 196 74 8 160 14 81 31 36 115 107 194 52 144 183 185 189 20 90 164 19 190 26 95 181 197 15 56 87 173 131 111 2 84 176 96 124 13 11 16 80 99 39 83 88 47 149 70 48 85 53 25 78 169 94 154 116 148 157 58 153 133 171 166 77 5 156 174 24 101 18 126 43 123 143 29 59 86 71 114 178 68 168 32 21 46 45 33 28 120 44 22 147 66 102 192 17 145 170 67 140 104 62 23 110 98 193 129 93 138 163 182 76 61 0 159 167 100 51 130 7 162 63 72 119 41 34 122 75 187 92 57 55 198 60 91 12 37 30 3 118 103 50 38 69 158 108 180 161 165 9 136 135 134 141 1 
cpTO[7]=334202.446246 
cpSO[7]=
132 12 194 148 189 67 176 11 164 165 192 170 124 7 77 120 154 160 149 199 187 190 34 157 139 142 91 10 182 175 151 145 169 22 185 97 66 72 2 147 127 180 141 94 50 122 3 156 19 6 78 89 88 134 1 197 17 136 112 29 150 153 86 49 129 33 186 191 40 61 39 87 101 9 103 133 107 195 58 138 178 193 73 115 158 135 188 114 146 90 143 20 45 25 23 42 0 184 13 4 179 137 172 105 54 81 84 121 163 130 140 76 70 71 166 43 8 161 32 125 128 28 93 106 173 26 102 162 96 51 171 116 14 123 95 30 159 75 41 37 59 167 111 62 55 60 181 85 80 47 46 65 48 118 83 100 52 44 56 5 183 99 98 69 16 196 63 15 38 24 82 131 64 117 168 18 113 144 21 57 110 35 79 92 119 31 198 126 109 36 27 155 108 53 152 74 177 104 174 68 
cpTO[8]=338846.160873 
cpSO[8]=
160 195 26 28 131 167 30 112 88 173 95 127 162 14 143 128 113 107 103 154 99 22 179 67 60 147 39 185 184 155 76 106 171 102 11 142 46 140 169 15 144 150 136 0 115 3 98 37 190 41 72 123 70 24 9 101 75 199 82 13 57 118 186 187 134 64 89 58 91 54 12 198 4 178 27 74 42 159 38 129 63 137 52 73 25 61 145 156 163 7 83 132 80 125 146 59 35 122 189 31 181 40 119 66 34 19 51 18 8 196 44 116 53 114 79 111 166 170 87 191 81 110 56 108 197 32 139 2 152 168 47 153 174 85 105 92 50 120 5 93 10 130 172 100 192 176 183 96 133 164 175 97 161 149 135 148 180 36 77 45 126 141 62 20 117 109 151 138 17 121 6 43 16 71 21 104 188 158 157 86 69 68 1 194 48 165 177 193 23 33 55 84 124 90 78 65 49 94 29 182 
cpTO[9]=353080.902413 
cpSO[9]=
163 134 20 162 126 26 157 116 16 89 92 14 137 71 42 161 40 13 78 127 31 90 130 18 154 136 148 144 196 53 198 86 29 149 93 160 23 129 169 47 184 180 28 152 11 187 106 79 60 119 44 123 35 76 12 101 52 124 190 32 142 102 43 96 110 192 65 94 133 179 151 108 55 117 138 120 34 45 5 54 147 186 170 178 113 177 104 166 172 155 24 70 195 181 17 25 140 84 37 103 6 191 41 33 66 188 156 132 19 61 77 27 131 118 87 193 128 165 63 38 164 91 99 72 174 49 199 83 62 88 85 182 105 189 59 171 68 168 0 175 75 98 36 197 146 185 139 74 194 111 115 56 39 109 8 100 22 150 141 122 46 107 73 67 121 21 95 97 64 48 145 50 112 51 58 9 1 114 173 143 183 80 30 2 167 4 125 153 135 158 159 10 81 176 69 57 82 3 7 15 
times: 0
y=40762.826231
40991.442949   999.995205
40896.494272   414.681883
40698.526021   414.675917
40634.893514   346.010450
40632.555718   346.008790
40588.087601   346.002153
40523.731870   346.000494
40511.639300   345.998835
40428.862507   325.900774
40353.898565   315.378305
40261.722306   315.376792
40005.654780   294.477534
39929.506186   294.476122
39773.384397   269.131921
39640.088993   269.130630
39487.471311   269.129339
39398.424470   269.125468
39279.840284   226.548403
39197.770241   226.544057
38939.109758   226.542971
38900.097775   226.539712
38719.384927   226.512555
38567.821896   226.491917
38488.608109   226.489745
38404.107189   226.488659
38400.792925   185.061176
38229.563388   185.060289
38221.819522   185.058514
38204.141040   165.079176
38180.281348   165.078384
38166.538308   135.270284
38128.059944   135.268987
37821.102612   135.267041
37748.152164   130.522910
37699.248915   130.521658
37677.893466   130.519780
37465.596294   130.517902
37362.380349   130.515399
37258.773892   129.902852
36897.098142   129.901606
36873.072990   129.900983
36834.572141   129.900360
36826.473709   129.895377
36681.187096   129.893508
36341.953634   126.839779
36200.861483   99.431046
36197.206207   99.424848
36101.165327   96.786659
36099.432157   96.782482
36069.408323   90.762854
36063.641118   90.761549
35979.225931   90.761113
35955.386417   90.758937
35907.625979   90.718470
35906.928790   86.346461
35855.042726   86.343976
35633.409780   86.343562
35535.493524   86.343148
35363.867514   86.340250
35331.986903   72.126280
35331.330960   72.125588
35274.557643   72.124205
35236.393501   72.120746
35179.137996   72.120055
35110.146142   72.119017
35081.717125   72.113138
34994.193072   71.990133
34785.628247   71.989788
34783.970783   71.987371
34780.107451   71.987026
34744.199800   71.950098
34680.593674   71.948718
34667.165649   67.176984
34513.705333   67.176018
34070.154203   67.175696
34021.317508   64.936980
33852.251289   39.116625
33773.579999   36.867961
33597.625842   36.021074
33500.618937   35.987751
33433.319540   35.987060
33301.323739   35.986543
33277.697466   35.986198
33271.476819   35.986025
33150.109318   28.726256
32992.037850   28.724741
32980.958418   28.724603
32932.764073   28.721573
32667.872042   28.720471
32531.009010   28.719369
32515.138971   28.718681
32515.049485   28.698856
32494.541895   24.441476
32424.650672   24.430344
32407.185438   22.322384
32392.123387   20.055774
32216.826347   19.161586
32125.892799   19.161494
31977.970030   19.160392
31931.998394   19.159381
31831.240752   19.159289
31541.339793   19.093892
31527.011578   3.164651
31439.695967   3.164499
31395.642076   2.402397
31336.150050   2.402317
31271.126078   2.402305
31182.540344   2.401752
31157.770162   2.401683
31152.792658   2.401545
31085.988563   2.401050
31034.782263   943.381928
30956.829580   943.372880
30900.189028   398.974097
30847.223236   398.970271
30835.063740   396.046118
30696.498272   396.042319
30669.435335   396.034723
30625.110599   396.030924
30555.536920   261.302215
30542.246184   261.262120
30530.770081   261.259614
30446.414524   261.257109
30439.414710   204.518458
30405.168187   204.494921
30360.766480   204.489038
30318.619551   204.485115
30297.516957   163.687136
30232.392453   147.961906
30216.539594   143.729448
30212.762105   143.455389
30205.662711   131.359919
30184.492388   131.347321
30142.854086   130.228424
30060.245431   114.919733
30028.231543   114.915325
29993.837511   110.661328
29991.993633   110.653898
29986.142141   100.965167
29940.798712   100.960326
29902.330969   100.958389
29851.850292   100.951611
29849.512496   100.947738
29826.783560   88.121689
29823.353317   88.117463
29803.899662   88.115773
29802.088157   61.051749
29786.487214   39.250106
29782.122535   39.248601
29777.889348   39.245589
29735.871891   39.244837
29716.620921   30.728007
29711.082019   30.110685
29706.487169   29.814983
29672.082709   29.813839
29632.021088   29.807263
29621.648457   29.712502
29619.247325   29.710792
29603.625580   25.648898
29597.708792   20.925965
29568.360021   20.888668
29555.362391   17.238887
29494.102869   17.135532
29490.126404   3.587615
29487.788608   3.587512
29480.792780   2.950534
29423.282579   0.723323
29415.383034   0.723267
29415.186691   0.723219
29411.756449   0.723066
t=0.002500solution is:29411.756449.       temperature is:0.723066
Mon Dec 09 14:59:15 2013
times: 1
y=36645.312630
37073.974849   999.990409
37050.491206   112.315519
36879.378205   112.314980
36819.601407   103.012963
36790.222219   103.010494
36772.228701   103.010000
36720.326794   103.009012
36696.187791   103.004072
36505.940727   103.003084
36467.630969   97.139580
36385.606610   94.713155
36356.702089   94.708159
36218.934664   94.704980
36187.528966   94.698168
35908.529668   94.697260
35838.295139   94.694989
35697.924822   94.688178
35608.641713   94.687724
35448.569552   94.686362
35440.670007   94.685453
35339.376863   94.684999
35061.086014   72.344860
35042.349071   72.342431
35029.159989   64.876907
34999.164955   64.876285
34902.818124   64.875973
34658.530241   64.872551
34574.668193   64.871929
34501.098678   64.863841
34392.819510   64.863530
34363.435061   64.861042
34315.948589   64.859176
34267.487434   64.857932
34242.765991   61.904459
33906.199859   61.904162
33810.713229   61.903271
33698.630692   46.735404
33428.315594   46.734731
33215.373747   46.733387
32985.150675   46.732714
32868.156972   46.731146
32867.811163   27.300446
32861.941211   23.602925
32820.888866   23.588781
32753.227516   23.588668
32751.940448   23.587311
32534.186968   23.359592
32498.274879   21.848143
32478.954833   21.847409
32425.396608   21.846781
32271.646096   21.845628
32271.242430   21.831490
32247.677315   16.999669
32131.790953   16.999425
32006.358289   16.999017
31878.003868   14.036871
31844.844715   14.036332
31820.987634   14.035256
31701.254719   14.034852
31611.330273   14.034784
31577.861289   8.927153
31570.195065   8.926896
31512.132233   5.150099
31463.584834   5.150001
31416.345639   5.149581
31208.984876   5.149507
31198.019835   4.006782
31177.639284   4.006590
31173.259668   2.097269
31163.693115   0.238947
31055.236239   0.238939
31029.218081   0.224240
31028.262910   0.224214
30854.555040   0.224131
30846.942822   0.224113
30773.823144   0.224089
30772.993322   590.343786
30757.299404   590.332462
30716.907898   450.961616
30522.258748   450.957291
30491.401716   450.952966
30482.304116   367.305501
30452.236463   367.235052
30432.694227   367.231530
30366.574148   367.228008
30337.112974   367.224486
30259.470220   367.206876
30252.737147   367.203354
30228.000876   367.143488
30219.734914   134.103177
30194.906799   121.761864
30131.617139   103.846657
30104.696672   103.842673
30008.984562   95.069832
29964.648797   93.898144
29959.361855   89.759446
29931.212541   64.969571
29916.141096   64.907289
29907.788028   64.906666
29901.675194   64.905421
29890.773080   64.901686
29880.502679   48.935227
29774.096955   48.930065
29769.732276   48.928657
29752.978703   31.982467
29736.820356   31.979707
29730.578276   31.974800
29728.920811   31.974186
29726.661695   30.937668
29648.926920   30.937075
29641.142825   30.877789
29562.949355   30.877492
29541.378272   20.739150
29524.508411   20.671830
29521.164140   17.059281
29478.415687   14.894362
29449.203517   1.040471
29448.192467   0.003543
29447.956524   0.003510
29431.574656   0.003501
29425.824745   0.003499
29417.504055   0.003478
t=0.002500solution is:29417.504055.       temperature is:0.003478
Mon Dec 09 14:59:42 2013
times: 2
y=37979.054250
37971.607657   999.990409
37960.665815   999.985614
37947.746937   999.980818
37924.250097   999.961637
37838.365043   999.956842
37792.040457   999.932866
37691.038621   134.420596
37568.789253   134.419307
37434.986893   134.418662
37086.938393   134.418017
36858.932543   134.408349
36728.746634   103.615415
36458.412303   103.613924
36325.576723   103.613427
36296.177638   103.610446
36269.260051   103.603490
36250.770175   103.602993
36139.608234   103.601503
36125.649139   103.453061
36115.004508   103.450085
35982.211212   103.446612
35923.702953   100.013029
35880.610645   80.489668
35806.330176   80.488510
35730.434654   80.485808
35688.701296   80.485036
35647.047093   73.547832
35570.003494   73.547126
35379.896130   73.545010
35354.629750   73.086548
35308.747623   73.086198
35191.158371   69.592972
35101.346103   69.592638
35074.733466   68.697710
35023.352485   68.695733
34964.667329   68.685192
34680.343191   68.680911
34577.640446   56.401632
34571.272919   52.145595
34391.743913   52.143844
34330.006750   47.219975
34328.382041   47.219522
34272.414915   47.218843
34160.093377   47.218390
34109.681829   47.166339
34085.965767   47.164756
34084.876808   47.164304
34031.235631   47.135588
34017.743496   47.132424
33908.085122   47.131294
33854.890538   47.107568
33830.525849   46.653896
33798.644438   46.653449
33679.750059   46.650540
33669.562404   46.650317
33618.222827   46.648751
33591.248261   46.648527
33566.308232   46.646961
33485.869982   41.563385
33465.628694   41.562987
33396.856961   41.562588
33394.961539   41.562389
33364.513765   38.150333
33314.637517   38.149967
33232.472218   38.149052
33212.340777   38.147223
33181.185369   34.689625
33149.929650   34.689459
33023.724511   34.683804
32985.308183   34.683305
32793.332589   34.682307
32752.836263   26.078126
32709.562558   26.074875
32708.218479   26.025655
32664.538646   26.025031
32565.252903   26.024532
32557.353358   26.024157
32537.759357   26.024033
32496.547732   26.020663
32477.867258   26.016421
32474.706804   26.015922
32377.034385   22.518924
32299.541003   22.513634
32297.410851   18.423606
32286.386960   18.422281
32152.638138   18.421751
32014.124447   15.903924
31991.365596   15.902628
31926.856069   15.897824
31877.952820   15.897595
31814.928137   15.355264
31780.074413   15.354749
31770.351889   15.353644
31659.306226   14.651736
31597.206469   14.567175
31521.630723   10.979142
31487.490423   10.978668
31472.930589   4.493269
31338.955526   4.492257
31304.491020   0.978677
31016.672979   0.188154
30995.127327   0.188140
30949.548890   0.188130
30862.664825   0.029761
30795.187540   581.727522
30771.561267   581.721943
30753.575797   371.892409
30711.062653   371.885276
30675.426368   299.056221
30631.238870   299.016069
30611.955972   299.001730
30590.907374   298.987392
30555.287035   298.984524
30553.983601   252.300998
30549.174319   232.312464
30358.106708   225.023097
30342.835861   225.018780
30242.796912   225.014464
30179.394565   225.010148
30143.053926   120.490960
30137.894624   115.217709
30109.494481   115.169098
30032.472305   110.302116
29925.571634   110.297884
29925.225509   92.959966
29845.508265   69.433188
29753.111737   69.425863
29751.884939   52.953368
29750.050694   51.734998
29669.660578   51.734006
29598.387491   34.885528
29582.229144   34.877833
29533.023308   34.877499
29452.377189   15.769952
29442.886892   0.095172
t=0.002500solution is:29442.886892.       temperature is:0.095172
Mon Dec 09 15:00:08 2013
times: 3
y=36747.934705
36996.234398   999.985614
36979.814952   126.831264
36893.767751   123.029091
36803.813614   123.027911
36727.839372   120.224918
36675.874423   115.320016
36640.690447   115.316145
36539.966293   115.315592
36450.307241   115.313380
36388.387601   115.312827
36358.293650   103.747670
36347.226000   90.479081
36227.999327   90.478647
36008.502353   90.477780
35965.280865   90.473007
35892.270843   90.471705
35778.751842   90.470838
35705.860177   90.469536
35608.722292   90.467801
35513.015630   90.456956
35503.236003   86.543783
35419.801017   86.542123
35167.304267   86.541708
35163.947606   69.082577
35073.726699   64.942896
35002.027600   64.263200
34991.798376   64.262275
34864.365446   64.261967
34779.332397   64.261351
34587.956776   64.260734
34581.102955   60.791563
34507.610581   60.788939
34408.621524   60.788648
34390.323558   50.801875
34217.054458   50.800901
34149.569838   50.800657
34021.293863   50.800170
34014.781283   44.744515
33958.543221   44.742584
33895.140874   44.742370
33885.244059   44.741941
33840.269597   44.741082
33739.878681   44.729498
33698.867361   44.728211
33691.201136   44.727353
33668.294856   39.764207
33642.914400   39.763826
33635.377288   39.753530
33612.058032   39.749527
33606.655811   39.675446
33590.012176   39.675256
33270.351468   39.164112
33187.573510   29.744544
33151.100553   29.744116
33079.525661   29.742832
33056.888637   29.633067
32978.646859   29.632215
32945.422723   29.631788
32914.020405   29.624116
32895.683441   29.623832
32861.582206   29.623548
32758.177658   29.120297
32635.564156   29.119320
32597.174387   29.117644
32589.461085   29.117505
32449.113623   29.115131
32440.947533   29.114712
32369.324920   29.112199
32316.311668   29.111501
32144.343338   29.106894
32118.281191   16.879769
31989.471556   16.879283
31989.275214   16.879202
31927.474232   16.877907
31816.312291   16.877584
31796.843118   16.871676
31792.953035   16.871191
31508.157139   14.825248
31482.486989   14.824040
31451.140922   14.823471
31381.802055   8.977941
31337.955873   2.487498
31305.897347   2.486627
31289.683585   2.486592
31115.156616   2.486043
31091.145123   2.485495
31081.262819   2.485006
31036.963966   2.477308
30988.213436   2.477237
30984.421912   611.997733
30844.959810   611.956647
30793.665884   380.792960
30764.047714   380.789308
30664.761971   380.785656
30657.796414   380.778352
30558.709535   215.929609
30542.264335   215.925467
30420.014966   215.921325
30352.260595   215.917184
30344.594370   215.915113
30277.558532   215.902688
30248.036038   215.898547
30177.642199   215.896476
30158.282768   215.894406
30148.053544   215.892335
30087.338856   109.453786
30084.910947   109.449587
30050.519285   79.206470
30036.427950   63.444296
30026.494853   56.568099
30019.642755   56.565929
30005.607982   55.927756
30003.362575   52.566268
29985.683962   52.565259
29976.007853   50.830023
29973.903652   43.428645
29961.460216   41.771674
29897.120424   41.771273
29894.359832   40.706594
29887.701779   36.404913
29832.165818   36.384668
29765.250420   36.382225
29734.680360   36.380480
29733.641959   4.819211
29723.681403   4.818471
29673.715631   4.599292
29672.024709   0.830440
29663.884802   0.817809
29632.184699   0.817676
29624.366240   0.113823
29581.181192   0.005510
29527.367597   0.005510
29489.627520   0.005510
t=0.002500solution is:29489.627520.       temperature is:0.005510
Mon Dec 09 15:00:34 2013
times: 4
y=39025.049648
38888.305182   999.995205
38770.536943   999.985614
38742.444104   181.742057
38461.573356   181.702843
38366.577142   181.698486
38357.128674   181.697615
38341.988513   159.043689
38280.915534   159.042164
38143.673378   159.038350
38043.041154   159.034537
37938.479641   159.033774
37929.068804   154.420919
37911.040429   152.218188
37863.907496   152.215268
37811.096823   152.214538
37786.937113   152.181694
37763.800426   130.781669
37615.631248   130.780415
37491.580366   130.759721
37464.318213   130.757212
37416.074743   130.755331
37313.519234   125.792456
37299.351134   125.791853
37273.756290   122.260985
37238.505632   122.226984
37225.386455   122.226398
37135.351828   122.218779
36977.382233   122.218193
36926.647185   117.026953
36875.772968   117.024708
36829.905079   117.023586
36567.361561   117.022463
36345.446705   106.365754
36219.309167   85.500545
35871.840607   85.496855
35869.964272   85.496445
35793.198398   85.492755
35753.826226   85.486606
35705.627711   85.486196
35595.568644   83.170786
35587.474993   83.159220
35455.780686   79.782198
35238.493657   79.779520
35211.011881   79.777990
35148.713546   79.776077
35109.711420   66.271157
34966.127668   66.161924
34912.188782   66.161607
34776.971611   56.758154
34752.743391   56.757609
34652.884768   56.751622
34572.056892   56.751077
34559.338115   52.829711
34517.811420   52.734793
34408.367689   52.732012
34328.632214   52.731253
34267.943778   50.204892
34123.515034   50.204170
34088.696248   50.202003
33980.585566   45.576754
33886.088074   45.445805
33862.340287   45.342188
33806.553368   45.341753
33534.331931   45.338491
33401.341040   45.336752
33360.273158   45.326752
33121.570331   45.324796
33043.376861   45.324361
33019.718848   45.321536
32898.545587   45.321318
32880.552069   45.320884
32778.392761   45.320014
32751.702184   45.319145
32741.979661   45.318710
32636.503943   45.316537
32585.774212   26.553112
32558.908895   26.550056
32544.950248   26.549547
32489.402244   26.232274
32474.590087   26.230890
32381.975511   26.210520
32361.909005   26.201095
32197.648614   26.196698
32156.940107   26.196070
32132.800579   26.194688
32007.472166   26.193558
31758.780234   26.192427
31708.742524   13.922036
31621.935141   13.921769
31488.173725   9.788738
31411.877574   9.788644
31333.232913   9.787940
31186.709584   5.497622
31134.647079   0.637694
31124.320354   0.176364
31060.310152   862.582087
31046.279303   835.532509
30884.341669   835.524496
30856.859894   835.516482
30822.719594   835.508469
30800.219366   835.492443
30749.388805   835.452378
30598.397922   630.049683
30589.690779   630.037597
30560.941596   337.243731
30537.165816   337.237262
30524.613629   337.230793
30507.725510   239.341617
30501.612676   239.339322
30419.350846   234.609770
30388.063856   211.259061
30387.342778   190.636091
30384.738315   190.608667
30378.046933   171.269043
30339.543222   160.979701
30323.098021   160.971982
30287.102435   138.779654
30281.379329   133.120301
30265.868534   133.112641
30205.491768   133.111364
30150.466756   133.107534
30082.074301   133.106257
30004.339525   133.102428
29965.498770   133.098598
29927.956688   82.983444
29880.077506   82.982648
29803.313770   82.981852
29791.987249   74.561594
29774.437259   74.551583
29773.937169   74.545863
29750.080089   74.545148
29733.634888   74.543003
29729.079394   74.536569
29721.496126   74.530851
29649.550705   43.680116
29627.026139   43.676346
29601.976851   36.923225
29579.059835   36.919684
29560.777770   25.607359
29542.297870   16.729715
29541.064991   9.877609
29539.919361   8.254093
29539.904839   8.253618
29522.940775   8.251639
29520.990755   8.106753
29501.403848   8.105120
29470.475511   0.192759
29453.760901   0.192611
29433.657702   0.192609
29395.436092   0.192500
t=0.002500solution is:29395.436092.       temperature is:0.192500
Mon Dec 09 15:01:01 2013
The average run time for the algorithm is : 27.406600
The average solution for the algorithm is : 29431.442202
The maxx solution for the algorithm is : 29489.627520
 The minn solution for the algorithm is : 29395.436092 
The average error for the algorithm is : 0.002160
