var1=:0.999994865
var2=:0.999989731
times: 0
cpTO1[0]=1821.125733 
j=0
cpTO2[0]=1799.928016 
cpSO[0]=
14 12 8 3 27 44 1 31 11 34 39 41 21 28 5 29 30 24 19 40 10 46 49 45 42 43 38 18 33 7 6 36 37 22 16 2 23 13 20 50 25 26 35 0 9 17 47 15 48 32 4 
cpTO1[1]=1524.567475 
j=1
cpTO2[1]=1502.806017 
cpSO[1]=
11 45 17 42 5 29 35 19 47 37 41 14 50 4 40 25 7 18 16 3 6 8 31 48 9 26 21 13 12 10 0 34 15 22 24 44 32 43 28 36 1 33 2 46 27 23 38 39 49 20 30 
cpTO1[2]=1707.934734 
j=2
cpTO2[2]=1638.771215 
cpSO[2]=
10 40 21 49 7 17 14 43 2 24 8 38 48 31 45 27 5 47 11 13 15 42 36 26 16 22 33 34 3 1 18 12 50 41 46 6 28 4 37 19 35 44 29 32 9 30 0 25 39 23 20 
cpTO1[3]=1734.241705 
j=3
cpTO2[3]=1692.270203 
cpSO[3]=
46 28 12 27 6 32 8 10 4 36 26 40 5 29 49 43 48 0 35 33 19 22 24 1 37 42 25 17 47 9 2 18 14 31 13 30 3 45 15 50 21 23 41 44 7 11 39 20 34 16 38 
cpTO1[4]=1746.972065 
j=4
cpTO2[4]=1730.264081 
cpSO[4]=
48 32 33 41 3 14 42 38 5 45 43 44 21 9 34 0 13 10 26 16 4 19 39 15 30 1 18 37 7 40 12 46 36 2 23 11 49 27 22 20 17 6 35 8 31 25 24 29 47 28 50 
cpTO1[5]=1622.846395 
j=5
cpTO2[5]=1543.861097 
cpSO[5]=
44 18 16 15 2 6 47 48 32 7 11 34 21 10 0 1 17 49 26 25 23 27 50 3 45 8 20 28 5 12 38 30 19 43 4 29 40 46 33 13 24 37 22 42 39 35 41 9 31 14 36 
cpTO1[6]=1609.709659 
j=6
cpTO2[6]=1549.937254 
cpSO[6]=
22 25 27 34 20 24 39 14 33 0 19 23 7 32 13 26 45 16 37 43 31 9 5 49 17 36 15 46 21 50 3 18 4 28 35 30 8 44 48 2 10 47 42 29 11 38 12 41 6 1 40 
cpTO1[7]=1569.436109 
j=7
cpTO2[7]=1536.935298 
cpSO[7]=
26 31 47 2 40 37 6 30 8 34 45 9 23 7 21 5 18 17 3 32 19 42 46 44 12 22 25 20 38 29 13 50 16 39 28 14 10 0 27 24 48 36 43 1 35 11 49 33 4 41 15 
cpTO1[8]=1591.330544 
j=8
cpTO2[8]=1566.789119 
cpSO[8]=
39 26 11 38 3 12 21 46 1 27 41 45 36 32 14 20 8 31 0 49 4 30 16 40 44 22 33 29 13 18 24 19 10 34 28 43 35 17 15 50 37 5 23 42 25 2 6 7 9 47 48 
cpTO1[9]=1716.222098 
j=9
cpTO2[9]=1716.222098 
cpSO[9]=
20 41 5 32 24 16 39 6 29 27 38 44 42 25 34 3 48 26 19 40 22 9 35 23 31 2 4 8 30 7 17 36 47 43 14 11 49 37 1 12 45 28 50 33 15 18 46 21 0 10 13 
ini=
 best=1502.806017 position=1
11 45 17 42 5 29 35 19 47 37 41 14 50 4 40 25 7 18 16 3 6 8 31 48 9 26 21 13 12 10 0 34 15 22 24 44 32 43 28 36 1 33 2 46 27 23 38 39 49 20 30 
solution is:428.871756.       temperature is:3.343236
Wed Dec 11 19:58:27 2013
times: 1
cpTO1[0]=1799.928016 
j=0
cpTO2[0]=1797.951449 
cpSO[0]=
14 12 8 3 27 44 1 31 11 34 39 41 21 28 5 29 30 24 19 40 10 46 49 45 42 43 38 18 33 7 6 37 36 22 16 2 23 13 20 50 25 26 35 0 9 17 47 15 48 32 4 
cpTO1[1]=428.871756 
j=1
cpTO2[1]=428.871756 
cpSO[1]=
11 46 17 3 16 36 4 37 10 31 0 21 7 25 30 27 2 35 34 19 28 1 15 49 20 33 29 8 48 9 38 32 44 14 43 41 18 39 40 12 24 13 23 42 6 22 47 5 26 50 45 
cpTO1[2]=1638.771215 
j=2
cpTO2[2]=1543.523390 
cpSO[2]=
10 40 21 49 7 42 14 43 2 24 8 38 48 31 45 27 5 47 11 13 15 17 36 26 16 22 33 34 1 3 18 12 50 41 46 6 28 4 37 19 35 44 29 32 9 30 0 25 39 23 20 
cpTO1[3]=1692.270203 
j=3
cpTO2[3]=1586.711982 
cpSO[3]=
46 5 12 27 6 32 8 10 4 36 26 40 44 41 23 21 50 15 45 3 30 31 13 14 18 2 9 47 17 25 42 37 1 24 22 19 33 35 0 48 43 49 29 28 7 11 39 20 34 16 38 
cpTO1[4]=1730.264081 
j=4
cpTO2[4]=1703.542950 
cpSO[4]=
48 32 33 41 3 14 42 38 5 45 43 44 21 34 9 0 13 10 26 16 4 19 39 15 30 1 18 37 7 40 12 46 36 2 23 11 49 27 22 20 17 6 35 8 31 25 24 29 47 50 28 
cpTO1[5]=1543.861097 
j=5
cpTO2[5]=1543.861097 
cpSO[5]=
44 18 16 15 2 6 47 48 32 7 11 34 21 10 0 1 17 49 26 25 23 27 50 3 45 8 20 28 5 12 38 30 19 43 4 29 40 46 33 13 24 37 22 42 39 35 41 9 31 14 36 
cpTO1[6]=1549.937254 
j=6
cpTO2[6]=1493.602176 
cpSO[6]=
22 25 27 34 20 24 39 14 33 38 11 29 42 47 10 2 48 44 8 30 35 28 4 18 3 50 21 46 15 36 17 49 9 5 31 43 37 16 45 26 13 32 7 23 19 0 12 41 6 1 40 
cpTO1[7]=1536.935298 
j=7
cpTO2[7]=1483.821026 
cpSO[7]=
26 31 47 2 37 40 6 30 8 34 45 9 23 7 21 5 42 19 32 3 17 18 46 44 12 22 25 20 38 29 13 50 16 39 28 14 10 0 27 24 48 36 43 1 35 11 49 33 4 41 15 
cpTO1[8]=1566.789119 
j=8
cpTO2[8]=1550.152871 
cpSO[8]=
39 26 11 38 3 12 21 46 1 27 40 45 36 32 14 20 8 31 0 49 4 30 16 41 44 22 33 29 13 18 24 19 10 34 28 43 35 17 15 50 37 5 23 42 25 2 6 7 9 47 48 
cpTO1[9]=1716.222098 
j=9
cpTO2[9]=1677.535277 
cpSO[9]=
20 41 5 32 24 16 39 6 29 27 38 44 42 25 34 3 48 26 19 45 22 9 35 23 31 2 4 8 30 7 17 36 47 43 14 11 49 37 1 12 40 28 50 33 15 18 46 21 0 10 13 
ini=
 best=428.871756 position=1
11 46 17 3 16 36 4 37 10 31 0 21 7 25 30 27 2 35 34 19 28 1 15 49 20 33 29 8 48 9 38 32 44 14 43 41 18 39 40 12 24 13 23 42 6 22 47 5 26 50 45 
solution is:428.871756.       temperature is:6.520401
Wed Dec 11 19:58:30 2013
The average run time for the algorithm is : 3.492500
The average solution for the algorithm is : 428.871756
The maxx solution for the algorithm is : 428.871756
 The minn solution for the algorithm is : 428.871756 
The average error for the algorithm is : 0.006741
times: 0
cpTO1[0]=1568.922118 
j=0
cpTO2[0]=1550.475664 
cpSO[0]=
2 10 1 17 32 42 31 24 3 40 22 37 45 5 50 21 7 4 27 15 38 43 18 46 49 34 19 0 47 12 26 16 23 13 33 8 25 9 41 28 35 48 14 39 29 44 20 6 36 30 11 
cpTO1[1]=1666.328706 
j=1
cpTO2[1]=1650.831734 
cpSO[1]=
50 27 13 22 3 34 8 38 45 24 29 21 25 5 43 28 30 36 6 2 37 15 46 20 0 44 16 4 32 1 9 47 35 42 41 17 10 19 39 11 40 18 48 14 12 26 33 23 7 31 49 
cpTO1[2]=1732.967026 
j=2
cpTO2[2]=1697.339411 
cpSO[2]=
21 42 13 34 15 9 22 46 33 14 47 35 11 17 48 38 45 40 0 4 7 26 32 18 44 12 16 50 8 23 36 10 30 31 6 43 25 3 24 29 5 41 28 39 20 1 2 19 37 27 49 
cpTO1[3]=1741.141076 
j=3
cpTO2[3]=1710.250827 
cpSO[3]=
45 15 21 22 20 30 7 33 48 39 23 0 18 32 1 41 25 27 12 28 8 3 34 16 43 14 5 46 26 38 4 47 9 17 10 44 11 31 40 50 49 35 6 42 36 29 2 24 37 13 19 
cpTO1[4]=1651.527410 
j=4
cpTO2[4]=1621.371572 
cpSO[4]=
38 8 10 4 23 2 46 41 50 36 48 47 27 37 18 9 34 24 25 11 22 6 16 28 45 13 15 42 17 39 26 5 44 21 0 49 29 35 3 7 32 1 31 30 33 20 14 12 40 43 19 
cpTO1[5]=1530.186172 
j=5
cpTO2[5]=1508.870549 
cpSO[5]=
34 44 8 28 20 25 48 27 39 14 32 50 46 24 41 42 1 49 12 13 40 43 17 7 18 36 37 4 16 21 35 3 47 19 38 33 9 26 0 6 31 2 22 5 29 11 45 30 15 10 23 
cpTO1[6]=1670.082521 
j=6
cpTO2[6]=1666.788423 
cpSO[6]=
10 24 21 19 40 18 29 33 31 50 30 44 8 17 11 5 49 26 0 4 20 23 46 38 12 6 2 7 41 47 15 13 43 9 3 27 16 14 37 39 1 34 35 25 32 45 22 36 48 28 42 
cpTO1[7]=1862.155793 
j=7
cpTO2[7]=1859.792225 
cpSO[7]=
44 37 48 25 35 42 27 45 26 14 31 18 1 12 21 24 8 0 5 29 32 38 13 9 15 16 39 47 40 22 49 6 36 20 30 11 50 4 43 10 34 3 7 33 23 19 41 2 17 46 28 
cpTO1[8]=1586.219954 
j=8
cpTO2[8]=1543.311655 
cpSO[8]=
8 16 1 9 50 19 2 33 30 5 40 4 38 36 37 47 11 23 32 15 3 6 49 27 24 46 31 21 12 42 43 26 0 7 48 20 34 44 28 10 39 17 13 14 41 18 29 35 25 22 45 
cpTO1[9]=1688.347886 
j=9
cpTO2[9]=1673.679300 
cpSO[9]=
19 44 7 35 12 25 10 2 47 9 43 38 39 48 36 42 31 37 18 50 14 40 21 29 3 30 16 1 5 28 33 49 32 20 0 6 22 13 34 45 27 4 26 23 11 24 15 8 41 17 46 
ini=
 best=1508.870549 position=5
34 44 8 28 20 25 48 27 39 14 32 50 46 24 41 42 1 49 12 13 40 43 17 7 18 36 37 4 16 21 35 3 47 19 38 33 9 26 0 6 31 2 22 5 29 11 45 30 15 10 23 
solution is:428.871756.       temperature is:1.110037
Wed Dec 11 19:58:34 2013
times: 1
cpTO1[0]=1550.475664 
j=0
cpTO2[0]=1550.475664 
cpSO[0]=
2 10 1 17 32 42 31 24 3 40 22 37 45 5 50 21 7 4 27 15 38 43 18 46 49 34 19 0 47 12 26 16 23 13 33 8 25 9 41 28 35 48 14 39 29 44 20 6 36 30 11 
cpTO1[1]=1650.831734 
j=1
cpTO2[1]=1622.374216 
cpSO[1]=
50 27 13 22 3 34 8 38 45 24 29 43 5 25 21 28 30 36 6 2 37 15 46 20 0 44 16 4 32 1 9 47 35 42 41 17 10 19 39 11 40 18 48 14 12 26 33 23 7 31 49 
cpTO1[2]=1697.339411 
j=2
cpTO2[2]=1693.203033 
cpSO[2]=
21 42 13 34 15 9 22 46 33 14 47 35 11 17 48 38 45 40 0 4 7 26 32 18 44 12 28 41 5 29 24 3 25 43 6 31 30 10 36 23 8 50 16 39 20 1 2 19 37 27 49 
cpTO1[3]=1710.250827 
j=3
cpTO2[3]=1687.740735 
cpSO[3]=
45 15 21 22 20 30 7 33 48 39 23 0 18 32 1 41 25 27 12 29 8 3 34 16 43 14 5 46 26 38 4 47 9 17 10 44 11 31 40 50 49 35 6 42 36 28 2 24 37 13 19 
cpTO1[4]=1621.371572 
j=4
cpTO2[4]=1556.800738 
cpSO[4]=
38 8 2 23 4 10 46 41 50 36 48 47 27 7 18 9 34 24 25 11 22 6 16 28 45 13 42 15 17 39 26 5 44 21 0 49 29 35 3 37 32 1 31 30 33 20 14 12 40 43 19 
cpTO1[5]=428.871756 
j=5
cpTO2[5]=428.871756 
cpSO[5]=
3 16 36 4 37 10 31 0 21 7 25 30 27 2 35 34 19 28 1 15 49 20 33 29 8 48 9 38 32 44 14 43 41 18 39 40 12 24 13 23 42 6 22 47 5 26 50 45 11 46 17 
cpTO1[6]=1666.788423 
j=6
cpTO2[6]=1628.918224 
cpSO[6]=
10 24 21 19 40 18 29 33 31 50 30 22 8 17 11 5 49 26 0 3 9 43 13 15 47 41 7 2 6 12 38 46 23 20 4 27 16 14 37 39 1 34 35 25 32 45 44 36 48 28 42 
cpTO1[7]=1859.792225 
j=7
cpTO2[7]=1732.381846 
cpSO[7]=
44 37 48 25 35 7 26 34 10 43 4 50 11 30 20 36 6 49 22 40 47 39 16 15 9 13 38 32 29 5 0 8 24 21 1 12 18 31 14 3 45 27 42 33 23 19 41 2 17 46 28 
cpTO1[8]=1543.311655 
j=8
cpTO2[8]=1537.672668 
cpSO[8]=
8 16 1 9 50 19 2 33 30 5 40 4 38 36 37 47 11 23 32 15 3 6 49 27 24 46 31 21 12 42 43 26 7 0 48 20 34 44 28 10 39 17 13 14 41 18 29 35 25 22 45 
cpTO1[9]=1673.679300 
j=9
cpTO2[9]=1608.856737 
cpSO[9]=
19 44 7 35 12 25 10 2 47 9 43 38 39 48 36 42 31 37 18 50 14 40 21 29 3 30 16 1 15 28 33 49 32 20 0 6 22 13 34 45 27 4 26 23 24 11 5 8 41 17 46 
ini=
 best=428.871756 position=5
3 16 36 4 37 10 31 0 21 7 25 30 27 2 35 34 19 28 1 15 49 20 33 29 8 48 9 38 32 44 14 43 41 18 39 40 12 24 13 23 42 6 22 47 5 26 50 45 11 46 17 
solution is:428.871756.       temperature is:1.376060
Wed Dec 11 19:58:37 2013
The average run time for the algorithm is : 3.491000
The average solution for the algorithm is : 857.743513
The maxx solution for the algorithm is : 428.871756
 The minn solution for the algorithm is : 428.871756 
The average error for the algorithm is : 1.013482
times: 0
cpTO1[0]=1783.052465 
j=0
cpTO2[0]=1735.112310 
cpSO[0]=
17 33 48 4 18 49 15 2 9 24 42 46 29 31 12 35 38 41 39 27 47 30 3 37 22 1 10 6 36 34 26 14 32 21 16 8 40 0 13 7 44 45 5 20 25 19 43 28 50 11 23 
cpTO1[1]=1723.718796 
j=1
cpTO2[1]=1707.430943 
cpSO[1]=
14 50 3 4 13 20 7 1 21 38 9 48 17 40 28 11 30 24 25 43 29 41 15 35 5 31 19 16 44 2 36 42 6 26 33 8 39 49 23 34 45 32 47 12 10 37 46 18 0 27 22 
cpTO1[2]=1620.172962 
j=2
cpTO2[2]=1539.768028 
cpSO[2]=
4 12 43 36 49 9 34 29 40 25 16 32 15 14 2 41 13 21 17 42 47 27 6 23 39 19 30 26 3 44 50 28 48 20 38 35 33 10 22 7 11 37 18 46 8 0 5 1 31 45 24 
cpTO1[3]=1538.998710 
j=3
cpTO2[3]=1465.455468 
cpSO[3]=
9 50 10 39 14 44 29 23 21 22 0 25 19 4 32 27 28 34 2 47 42 15 20 37 8 13 30 12 36 1 16 40 33 41 3 46 24 18 7 48 38 45 6 35 17 11 43 31 5 26 49 
cpTO1[4]=1722.478718 
j=4
cpTO2[4]=1722.478718 
cpSO[4]=
24 21 39 33 23 18 20 29 49 19 5 32 17 14 4 42 8 6 50 47 9 3 28 10 25 35 44 40 0 11 26 34 30 36 48 13 22 46 12 7 45 2 1 27 16 38 43 15 41 37 31 
cpTO1[5]=1578.401608 
j=5
cpTO2[5]=1568.902173 
cpSO[5]=
12 14 4 31 6 43 49 29 11 35 42 46 24 15 0 47 45 44 30 13 23 8 25 37 27 22 5 36 39 10 3 18 41 9 17 33 32 21 2 38 26 28 48 34 19 40 16 50 7 1 20 
cpTO1[6]=1684.893056 
j=6
cpTO2[6]=1682.533454 
cpSO[6]=
14 41 32 36 45 34 26 8 22 44 29 47 39 15 42 23 9 50 31 11 12 19 3 16 37 40 6 46 21 38 20 28 4 13 0 10 1 43 25 7 49 24 5 2 33 30 35 18 48 27 17 
cpTO1[7]=1612.461046 
j=7
cpTO2[7]=1612.461046 
cpSO[7]=
2 27 42 10 28 43 24 40 4 23 44 15 20 21 26 5 0 34 12 48 49 19 1 3 22 18 16 32 46 6 50 7 13 8 14 39 25 37 17 9 45 33 35 11 41 47 29 30 38 36 31 
cpTO1[8]=1710.577006 
j=8
cpTO2[8]=1690.974177 
cpSO[8]=
26 43 7 42 50 33 1 20 8 38 2 48 23 46 11 18 10 6 32 36 16 9 12 5 44 15 25 29 40 4 49 37 3 30 24 39 0 31 19 17 28 47 13 27 22 35 41 21 34 45 14 
cpTO1[9]=1599.305973 
j=9
cpTO2[9]=1541.048109 
cpSO[9]=
12 5 44 10 47 45 24 11 8 41 14 17 37 9 25 30 35 48 34 46 38 15 13 40 3 22 36 28 33 27 29 0 21 1 32 7 42 31 43 16 19 2 20 18 6 39 50 4 49 26 23 
ini=
 best=1465.455468 position=3
9 50 10 39 14 44 29 23 21 22 0 25 19 4 32 27 28 34 2 47 42 15 20 37 8 13 30 12 36 1 16 40 33 41 3 46 24 18 7 48 38 45 6 35 17 11 43 31 5 26 49 
solution is:428.871756.       temperature is:3.133791
Wed Dec 11 19:58:41 2013
times: 1
cpTO1[0]=1735.112310 
j=0
cpTO2[0]=1701.469368 
cpSO[0]=
17 33 48 4 18 49 15 2 9 24 42 46 29 12 31 35 38 41 39 27 37 3 30 47 22 1 10 6 36 34 26 14 0 21 16 8 40 32 13 7 44 45 5 20 25 19 43 28 50 11 23 
cpTO1[1]=1707.430943 
j=1
cpTO2[1]=1693.592165 
cpSO[1]=
14 28 3 4 13 20 7 1 21 38 9 48 17 40 50 11 30 24 25 43 29 41 15 35 5 31 19 16 44 2 36 42 6 26 33 8 39 49 23 45 34 32 47 12 10 37 46 18 0 27 22 
cpTO1[2]=1539.768028 
j=2
cpTO2[2]=1501.197761 
cpSO[2]=
4 12 43 36 49 9 34 29 40 25 16 32 15 14 2 28 13 17 21 42 47 27 6 23 39 19 30 26 3 44 50 41 48 20 38 35 33 10 22 7 11 37 18 46 8 0 5 1 31 45 24 
cpTO1[3]=428.871756 
j=3
cpTO2[3]=428.871756 
cpSO[3]=
44 14 43 41 18 39 40 12 24 13 23 42 6 22 47 5 26 50 45 11 46 17 3 16 36 4 37 10 31 0 21 7 25 30 27 2 35 34 19 28 1 15 49 20 33 29 8 48 9 38 32 
cpTO1[4]=1722.478718 
j=4
cpTO2[4]=1720.973274 
cpSO[4]=
24 21 39 33 23 18 20 29 49 19 5 32 17 14 4 22 13 48 36 30 34 26 11 0 40 44 35 25 10 28 3 9 47 50 6 8 42 46 12 7 45 2 1 27 16 38 43 15 41 37 31 
cpTO1[5]=1568.902173 
j=5
cpTO2[5]=1547.736019 
cpSO[5]=
12 14 4 31 6 43 49 29 11 35 44 45 47 0 15 24 46 42 30 13 23 8 25 37 27 22 5 36 39 10 3 18 41 9 17 33 32 21 2 38 26 28 48 34 19 40 16 50 7 1 20 
cpTO1[6]=1682.533454 
j=6
cpTO2[6]=1671.996322 
cpSO[6]=
14 41 32 36 45 34 26 8 22 44 29 47 39 15 42 23 9 50 31 11 12 19 3 16 40 37 6 46 21 38 20 28 4 13 0 10 1 43 25 7 49 24 5 2 33 30 35 18 48 27 17 
cpTO1[7]=1612.461046 
j=7
cpTO2[7]=1541.054486 
cpSO[7]=
2 27 42 10 28 43 24 40 4 23 44 15 20 21 26 5 0 34 22 48 49 19 1 3 12 18 16 32 46 6 50 7 13 8 14 39 25 37 17 9 33 45 35 11 41 47 29 30 38 36 31 
cpTO1[8]=1690.974177 
j=8
cpTO2[8]=1678.914241 
cpSO[8]=
26 43 7 42 50 33 1 21 41 35 22 27 13 47 28 17 19 31 0 39 24 30 3 37 49 4 40 29 25 15 44 5 12 9 16 36 32 6 10 18 11 46 23 48 2 38 8 20 34 14 45 
cpTO1[9]=1541.048109 
j=9
cpTO2[9]=1528.624130 
cpSO[9]=
12 5 44 10 47 45 24 11 8 41 14 17 37 9 25 30 35 48 34 46 38 15 13 40 3 36 22 28 33 27 29 0 21 1 32 7 42 31 43 16 19 2 20 18 6 39 50 4 49 26 23 
ini=
 best=428.871756 position=3
44 14 43 41 18 39 40 12 24 13 23 42 6 22 47 5 26 50 45 11 46 17 3 16 36 4 37 10 31 0 21 7 25 30 27 2 35 34 19 28 1 15 49 20 33 29 8 48 9 38 32 
solution is:428.981647.       temperature is:2.857786
Wed Dec 11 19:58:44 2013
The average run time for the algorithm is : 3.494000
The average solution for the algorithm is : 1286.670215
The maxx solution for the algorithm is : 428.981647
 The minn solution for the algorithm is : 428.871756 
The average error for the algorithm is : 2.020353
times: 0
cpTO1[0]=1675.922302 
j=0
cpTO2[0]=1664.266653 
cpSO[0]=
26 23 15 30 39 34 35 46 49 42 18 36 21 31 16 50 33 45 14 7 17 13 25 38 0 9 43 24 10 32 22 5 2 1 48 41 3 11 44 29 37 12 19 20 8 6 27 4 40 28 47 
cpTO1[1]=1515.217951 
j=1
cpTO2[1]=1514.315100 
cpSO[1]=
37 2 0 35 45 47 33 15 4 38 11 40 16 43 41 20 22 49 8 48 28 24 32 5 3 42 7 34 23 1 26 44 14 19 30 17 13 36 25 46 39 18 10 29 9 50 27 31 12 21 6 
cpTO1[2]=1532.796181 
j=2
cpTO2[2]=1505.108379 
cpSO[2]=
32 26 19 23 15 33 34 45 31 42 2 44 12 43 24 29 9 22 25 10 13 6 7 38 37 11 3 47 39 17 14 50 28 49 8 18 5 4 36 20 16 1 21 30 27 0 35 40 41 48 46 
cpTO1[3]=1639.014082 
j=3
cpTO2[3]=1638.114217 
cpSO[3]=
6 26 34 28 8 38 31 35 15 19 18 20 12 16 10 24 43 37 49 2 32 44 7 39 13 14 22 21 17 33 29 36 4 3 42 9 47 0 46 23 48 50 11 5 41 25 30 40 27 1 45 
cpTO1[4]=1625.092227 
j=4
cpTO2[4]=1625.092227 
cpSO[4]=
19 1 49 4 0 35 6 3 38 18 24 27 11 37 43 23 9 36 41 30 44 22 25 17 13 39 47 50 42 48 15 34 45 26 32 12 2 46 21 40 7 31 16 5 33 8 14 20 29 10 28 
cpTO1[5]=1569.038216 
j=5
cpTO2[5]=1513.878363 
cpSO[5]=
29 36 12 24 47 17 23 31 37 16 48 32 46 33 30 9 26 50 20 14 19 35 5 13 40 42 43 4 8 49 41 3 6 45 0 22 15 7 21 34 10 1 38 18 2 27 39 11 44 28 25 
cpTO1[6]=1546.733082 
j=6
cpTO2[6]=1537.158333 
cpSO[6]=
35 38 19 20 14 50 32 26 43 4 46 8 45 0 25 22 6 1 12 24 5 28 7 34 31 30 27 36 39 47 21 2 15 41 44 23 49 13 29 17 9 3 11 33 10 48 37 16 18 42 40 
cpTO1[7]=1551.998898 
j=7
cpTO2[7]=1537.609239 
cpSO[7]=
4 35 5 20 10 24 36 9 7 22 25 23 41 0 11 31 48 3 13 30 37 44 40 50 16 28 49 27 21 17 14 45 12 15 6 42 47 8 39 1 43 32 38 46 2 19 34 29 26 18 33 
cpTO1[8]=1627.199764 
j=8
cpTO2[8]=1627.199764 
cpSO[8]=
30 28 14 32 39 0 45 10 48 26 13 25 27 7 18 9 3 17 15 23 16 19 38 44 47 1 31 6 43 50 46 22 33 42 5 8 41 20 29 37 21 11 35 12 24 2 4 49 36 40 34 
cpTO1[9]=1761.886355 
j=9
cpTO2[9]=1697.100289 
cpSO[9]=
18 7 39 16 17 21 28 10 26 41 19 49 9 22 47 50 25 36 12 37 30 4 48 13 11 15 23 14 29 31 42 38 20 1 5 34 43 6 8 2 0 46 33 24 44 35 27 32 45 3 40 
ini=
 best=1505.108379 position=2
32 26 19 23 15 33 34 45 31 42 2 44 12 43 24 29 9 22 25 10 13 6 7 38 37 11 3 47 39 17 14 50 28 49 8 18 5 4 36 20 16 1 21 30 27 0 35 40 41 48 46 
solution is:428.871756.       temperature is:1.386798
Wed Dec 11 19:58:48 2013
times: 1
cpTO1[0]=1664.266653 
j=0
cpTO2[0]=1664.266653 
cpSO[0]=
26 23 15 30 39 34 35 46 49 42 18 36 21 31 16 50 33 45 14 7 17 13 25 38 0 9 43 24 10 32 22 5 2 1 48 41 3 11 44 29 37 12 19 20 8 6 27 4 40 28 47 
cpTO1[1]=1514.315100 
j=1
cpTO2[1]=1467.452721 
cpSO[1]=
37 2 0 35 45 47 33 15 4 38 11 40 16 43 41 20 22 49 8 48 28 3 32 5 24 42 7 34 23 1 26 44 14 19 30 17 13 36 25 46 39 18 10 29 9 50 27 12 31 21 6 
cpTO1[2]=428.871756 
j=2
cpTO2[2]=428.871756 
cpSO[2]=
23 42 6 22 47 5 26 50 45 11 46 17 3 16 36 4 37 10 31 0 21 7 25 30 27 2 35 34 19 28 1 15 49 20 33 29 8 48 9 38 32 44 14 43 41 18 39 40 12 24 13 
cpTO1[3]=1638.114217 
j=3
cpTO2[3]=1551.847688 
cpSO[3]=
6 26 34 28 8 38 31 35 15 19 18 20 39 16 24 10 43 37 49 2 32 44 7 12 13 14 22 21 30 25 41 5 11 50 48 23 46 0 47 9 42 3 4 36 29 33 17 40 27 1 45 
cpTO1[4]=1625.092227 
j=4
cpTO2[4]=1578.317366 
cpSO[4]=
19 1 49 4 0 35 6 3 38 18 44 27 11 37 43 23 9 36 41 30 24 22 25 17 13 39 47 50 42 48 15 34 45 26 32 8 33 5 16 31 7 40 21 46 2 12 14 20 29 10 28 
cpTO1[5]=1513.878363 
j=5
cpTO2[5]=1504.597902 
cpSO[5]=
11 36 12 24 47 17 23 31 37 16 48 32 46 33 30 9 26 50 20 14 19 35 5 13 40 42 43 4 8 49 41 3 6 45 0 22 15 7 21 34 10 1 38 18 2 27 39 29 44 28 25 
cpTO1[6]=1537.158333 
j=6
cpTO2[6]=1432.927793 
cpSO[6]=
35 38 19 20 14 50 32 26 43 4 46 13 45 0 25 22 6 1 12 24 5 28 7 34 31 30 27 36 39 47 21 2 15 41 17 29 8 49 23 44 9 3 11 33 10 48 37 16 18 42 40 
cpTO1[7]=1537.609239 
j=7
cpTO2[7]=1537.609239 
cpSO[7]=
4 35 5 20 10 24 36 9 7 22 25 23 41 0 11 31 48 3 13 30 37 44 40 50 16 28 49 27 21 17 14 45 12 15 6 42 47 8 39 1 43 32 38 46 2 19 34 29 26 18 33 
cpTO1[8]=1627.199764 
j=8
cpTO2[8]=1585.638209 
cpSO[8]=
30 28 33 32 39 0 45 10 48 26 13 25 27 7 18 9 3 17 6 31 1 47 44 38 19 16 23 15 43 50 46 22 14 42 5 8 41 20 29 37 21 11 35 12 24 2 4 49 36 40 34 
cpTO1[9]=1697.100289 
j=9
cpTO2[9]=1695.985038 
cpSO[9]=
18 7 39 16 17 21 28 49 19 41 26 10 9 22 47 50 25 36 12 37 30 4 48 13 11 15 23 14 29 31 42 38 20 1 5 34 43 6 8 2 0 46 33 24 44 35 27 32 45 3 40 
ini=
 best=428.871756 position=2
23 42 6 22 47 5 26 50 45 11 46 17 3 16 36 4 37 10 31 0 21 7 25 30 27 2 35 34 19 28 1 15 49 20 33 29 8 48 9 38 32 44 14 43 41 18 39 40 12 24 13 
solution is:428.871756.       temperature is:12.708425
Wed Dec 11 19:58:51 2013
The average run time for the algorithm is : 3.489000
The average solution for the algorithm is : 1715.541971
The maxx solution for the algorithm is : 428.981647
 The minn solution for the algorithm is : 428.871756 
The average error for the algorithm is : 3.027094
times: 0
cpTO1[0]=1757.307374 
j=0
cpTO2[0]=1691.216929 
cpSO[0]=
28 40 27 12 20 6 21 43 50 8 32 44 29 47 24 35 15 41 42 25 0 22 1 13 38 36 4 23 39 14 30 34 10 7 5 19 17 49 16 31 45 46 37 2 48 33 3 11 26 18 9 
cpTO1[1]=1598.153451 
j=1
cpTO2[1]=1566.466085 
cpSO[1]=
27 34 5 30 33 26 7 36 50 20 11 13 47 48 17 15 1 31 12 9 38 19 40 28 8 10 6 42 23 32 16 2 41 22 35 44 29 39 3 18 14 46 24 0 45 25 21 43 37 4 49 
cpTO1[2]=1762.103672 
j=2
cpTO2[2]=1726.244924 
cpSO[2]=
4 38 21 8 48 13 3 44 31 2 9 49 50 20 23 39 37 7 29 12 47 15 27 24 26 34 32 36 0 6 19 33 18 5 14 42 43 25 46 45 16 41 10 11 28 1 22 40 35 30 17 
cpTO1[3]=1700.160216 
j=3
cpTO2[3]=1652.757353 
cpSO[3]=
14 49 33 18 20 39 47 3 40 24 34 32 48 50 1 22 36 44 8 11 0 23 15 45 17 31 6 16 37 2 35 42 12 38 7 43 5 26 21 29 13 25 9 28 30 27 10 4 41 19 46 
cpTO1[4]=1732.590307 
j=4
cpTO2[4]=1691.849811 
cpSO[4]=
30 40 27 44 46 23 2 11 24 32 26 41 14 37 29 9 36 33 47 25 39 31 45 21 48 22 34 28 50 3 16 10 6 20 0 43 5 38 18 8 1 35 15 7 17 42 13 4 19 49 12 
cpTO1[5]=1719.510877 
j=5
cpTO2[5]=1680.749240 
cpSO[5]=
2 47 28 44 5 20 14 15 7 46 1 17 9 49 27 41 32 16 8 48 25 13 45 34 40 42 19 6 23 43 29 36 21 4 12 35 22 3 31 30 50 37 11 33 38 18 39 26 0 24 10 
cpTO1[6]=1605.473544 
j=6
cpTO2[6]=1605.473544 
cpSO[6]=
46 50 34 21 30 14 48 39 0 8 2 31 11 43 40 3 38 35 5 19 9 36 15 41 20 37 42 22 26 28 13 44 4 12 24 16 29 27 49 6 45 33 25 1 32 47 17 18 10 7 23 
cpTO1[7]=1679.232365 
j=7
cpTO2[7]=1634.150240 
cpSO[7]=
17 22 48 27 40 8 24 13 45 26 0 23 35 10 42 43 30 6 50 2 46 28 16 1 15 31 38 49 36 39 14 25 12 34 47 21 5 19 20 3 41 44 11 33 29 32 18 37 9 7 4 
cpTO1[8]=1581.656498 
j=8
cpTO2[8]=1569.836703 
cpSO[8]=
39 22 30 34 9 5 29 1 25 18 46 37 0 47 31 6 44 36 32 48 41 35 19 27 4 14 26 2 28 17 21 40 11 15 12 20 33 8 43 50 38 24 16 45 49 42 23 7 3 10 13 
cpTO1[9]=1553.263588 
j=9
cpTO2[9]=1550.186038 
cpSO[9]=
15 21 30 25 29 50 37 0 31 40 13 47 42 9 10 19 23 35 1 48 27 28 41 39 12 32 16 20 8 3 17 4 7 38 46 18 22 49 45 33 14 24 44 36 5 2 26 43 11 34 6 
ini=
 best=1550.186038 position=9
15 21 30 25 29 50 37 0 31 40 13 47 42 9 10 19 23 35 1 48 27 28 41 39 12 32 16 20 8 3 17 4 7 38 46 18 22 49 45 33 14 24 44 36 5 2 26 43 11 34 6 
solution is:428.871756.       temperature is:1.293408
Wed Dec 11 19:58:55 2013
times: 1
cpTO1[0]=1691.216929 
j=0
cpTO2[0]=1691.216929 
cpSO[0]=
28 40 27 12 20 6 21 43 50 8 32 44 29 47 24 35 15 41 42 25 0 22 1 13 38 36 4 23 39 14 30 34 10 7 5 19 17 49 16 31 45 46 37 2 48 33 3 11 26 18 9 
cpTO1[1]=1566.466085 
j=1
cpTO2[1]=1523.334970 
cpSO[1]=
27 34 5 30 33 20 7 36 50 26 11 13 47 48 17 15 1 31 12 9 38 19 40 28 8 10 6 42 23 32 16 2 41 22 35 44 29 39 3 18 14 46 24 0 45 25 21 43 37 4 49 
cpTO1[2]=1726.244924 
j=2
cpTO2[2]=1726.244924 
cpSO[2]=
4 38 21 8 48 13 3 44 31 2 9 49 50 20 23 39 37 7 29 12 47 15 27 24 26 34 32 36 0 6 19 33 18 5 14 42 43 25 46 45 16 41 10 11 28 1 22 40 35 30 17 
cpTO1[3]=1652.757353 
j=3
cpTO2[3]=1589.704163 
cpSO[3]=
14 49 33 18 20 39 47 3 40 24 34 32 48 50 1 29 36 44 8 11 0 23 15 45 17 31 6 16 37 2 35 42 12 38 7 43 5 26 21 22 13 25 9 28 30 27 10 4 41 19 46 
cpTO1[4]=1691.849811 
j=4
cpTO2[4]=1691.849811 
cpSO[4]=
30 40 27 44 46 23 2 11 24 32 26 41 14 37 29 9 36 33 47 25 39 31 45 21 48 22 34 28 50 3 16 10 6 20 0 43 5 38 18 8 1 35 15 7 17 42 13 4 19 49 12 
cpTO1[5]=1680.749240 
j=5
cpTO2[5]=1620.735282 
cpSO[5]=
2 47 28 44 5 20 14 15 7 30 1 17 9 49 27 41 32 16 8 48 25 13 45 34 40 42 19 6 23 43 29 21 36 4 12 35 22 3 31 46 50 37 11 33 38 18 39 26 0 24 10 
cpTO1[6]=1605.473544 
j=6
cpTO2[6]=1583.926288 
cpSO[6]=
46 50 34 21 30 14 48 39 0 8 2 31 11 43 40 3 38 35 5 19 9 36 15 41 20 37 42 22 26 28 13 44 4 12 24 16 29 27 49 6 45 1 25 33 32 47 17 18 10 7 23 
cpTO1[7]=1634.150240 
j=7
cpTO2[7]=1613.101241 
cpSO[7]=
17 22 48 27 40 8 24 13 45 26 0 23 11 44 41 3 20 19 5 21 47 34 12 25 14 39 36 49 38 31 15 1 16 28 46 2 50 6 30 43 42 10 35 33 29 32 18 37 9 7 4 
cpTO1[8]=1569.836703 
j=8
cpTO2[8]=1569.836703 
cpSO[8]=
39 22 30 34 9 5 29 1 25 18 46 37 0 47 31 6 44 36 32 48 41 35 19 27 4 14 26 2 28 17 21 40 11 15 12 20 33 8 43 50 38 24 16 45 49 42 23 7 3 10 13 
cpTO1[9]=428.871756 
j=9
cpTO2[9]=428.871756 
cpSO[9]=
9 48 8 29 33 20 49 15 1 28 19 34 35 2 27 30 25 7 21 0 31 10 37 4 36 16 3 17 46 11 45 50 26 5 47 22 6 42 23 13 24 12 40 39 18 41 43 14 44 32 38 
ini=
 best=428.871756 position=9
9 48 8 29 33 20 49 15 1 28 19 34 35 2 27 30 25 7 21 0 31 10 37 4 36 16 3 17 46 11 45 50 26 5 47 22 6 42 23 13 24 12 40 39 18 41 43 14 44 32 38 
solution is:428.871756.       temperature is:1.421125
Wed Dec 11 19:58:58 2013
The average run time for the algorithm is : 3.490000
The average solution for the algorithm is : 2144.413727
The maxx solution for the algorithm is : 428.981647
 The minn solution for the algorithm is : 428.871756 
The average error for the algorithm is : 4.033835
