var1=:0.999994967
var2=:0.999989934
N=76 OPT=538
times: 0
cpTO1[0]=2383.438278 
j=0
cpTO2[0]=2383.438278 
cpSO[0]=
65 4 32 3 7 0 69 35 60 47 45 62 39 16 44 56 46 58 71 5 22 15 67 31 53 10 33 42 63 49 52 57 17 61 24 18 50 43 13 59 19 70 28 38 14 74 40 23 11 20 9 41 12 27 64 34 30 48 66 54 2 73 68 75 8 29 21 72 6 55 51 1 25 37 26 36 
cpTO1[1]=2417.900255 
j=1
cpTO2[1]=2417.900255 
cpSO[1]=
51 8 65 24 52 58 16 60 36 59 12 38 39 56 34 63 44 31 64 1 14 3 23 70 46 19 74 75 68 41 10 66 42 13 20 33 45 32 28 37 17 40 69 21 5 50 25 73 2 54 22 43 29 15 55 6 72 27 26 57 11 7 4 61 35 67 47 71 62 49 48 18 9 53 30 0 
cpTO1[2]=2679.214988 
j=2
cpTO2[2]=2576.625577 
cpSO[2]=
51 61 43 54 36 70 29 16 34 19 71 10 7 62 63 21 60 13 22 32 48 17 18 11 2 65 28 8 20 58 15 68 47 9 73 5 23 30 72 0 4 74 59 50 25 53 75 3 45 69 1 64 26 24 6 42 35 40 46 27 12 38 39 14 49 52 31 67 37 33 55 56 66 44 57 41 
cpTO1[3]=2443.746560 
j=3
cpTO2[3]=2414.531999 
cpSO[3]=
26 30 39 46 28 34 58 35 51 55 72 14 56 64 41 68 27 24 59 69 40 3 37 19 63 75 7 0 20 70 15 16 71 17 48 45 1 61 36 25 43 65 73 29 62 50 11 12 32 44 52 10 22 6 47 5 42 38 18 74 21 49 2 60 33 4 54 23 53 67 9 31 66 57 8 13 
cpTO1[4]=2353.969121 
j=4
cpTO2[4]=2260.622130 
cpSO[4]=
51 16 27 1 4 40 38 25 57 11 69 48 2 7 75 54 9 36 26 49 62 74 72 47 10 30 23 44 19 13 53 64 42 60 55 41 73 6 14 45 56 0 50 37 15 18 12 32 66 33 22 34 65 58 46 67 59 70 43 52 21 24 71 39 29 68 20 8 61 63 17 31 5 28 35 3 
cpTO1[5]=2522.919685 
j=5
cpTO2[5]=2478.606592 
cpSO[5]=
18 4 23 5 24 57 29 52 1 32 30 35 21 37 11 19 63 39 67 41 9 65 14 68 54 51 28 20 0 48 60 42 75 26 12 16 33 34 58 71 72 6 50 25 8 43 22 70 59 17 27 36 31 64 15 2 46 38 44 69 61 55 66 74 56 7 49 10 40 53 3 47 45 62 73 13 
cpTO1[6]=2413.415831 
j=6
cpTO2[6]=2411.267818 
cpSO[6]=
61 57 15 31 58 45 65 34 56 23 7 14 40 54 51 8 22 48 38 35 4 67 74 11 75 62 60 73 53 12 13 5 1 64 26 3 71 41 49 70 50 55 46 25 28 59 16 18 32 43 39 29 24 37 63 9 27 6 2 17 10 52 19 33 36 69 72 47 68 66 21 20 44 30 42 0 
cpTO1[7]=2284.220031 
j=7
cpTO2[7]=2236.534092 
cpSO[7]=
67 48 33 56 49 11 34 18 32 60 6 53 27 22 3 20 59 61 1 65 46 21 2 52 7 66 9 24 45 12 29 38 23 71 8 58 4 31 30 19 16 25 62 40 35 13 28 42 26 14 68 41 50 72 15 5 47 36 0 55 39 74 63 54 10 44 73 17 37 64 57 43 51 75 69 70 
cpTO1[8]=2307.624384 
j=8
cpTO2[8]=2298.272913 
cpSO[8]=
47 27 1 2 4 26 21 0 42 36 53 69 55 15 9 63 74 73 61 43 67 44 5 8 11 52 56 23 75 72 46 59 12 39 40 18 29 58 33 28 32 51 6 54 25 7 65 64 30 17 3 45 49 10 37 16 41 14 38 20 60 70 68 31 57 50 13 34 62 24 19 71 48 35 66 22 
cpTO1[9]=2550.039182 
j=9
cpTO2[9]=2501.318898 
cpSO[9]=
48 21 23 43 50 27 12 73 71 28 47 6 10 26 5 38 61 53 14 17 18 42 7 56 66 44 22 30 62 19 32 68 55 41 59 54 74 2 29 1 11 40 0 33 31 9 70 63 51 69 25 72 60 52 13 65 57 37 24 35 58 36 49 3 46 39 16 64 45 4 8 75 34 20 67 15 
ini=
 best=2236.534092 position=7
67 48 33 56 49 11 34 18 32 60 6 53 27 22 3 20 59 61 1 65 46 21 2 52 7 66 9 24 45 12 29 38 23 71 8 58 4 31 30 19 16 25 62 40 35 13 28 42 26 14 68 41 50 72 15 5 47 36 0 55 39 74 63 54 10 44 73 17 37 64 57 43 51 75 69 70 
solution is:552.566990.       temperature is:33.403241
Thu Dec 12 18:54:13 2013
times: 1
cpTO1[0]=2383.438278 
j=0
cpTO2[0]=2383.438278 
cpSO[0]=
65 4 32 3 7 0 69 35 60 47 45 62 39 16 44 56 46 58 71 5 22 15 67 31 53 10 33 42 63 49 52 57 17 61 24 18 50 43 13 59 19 70 28 38 14 74 40 23 11 20 9 41 12 27 64 34 30 48 66 54 2 73 68 75 8 29 21 72 6 55 51 1 25 37 26 36 
cpTO1[1]=2417.900255 
j=1
cpTO2[1]=2408.179778 
cpSO[1]=
51 8 65 24 52 58 16 60 36 59 12 38 39 56 34 63 44 31 64 1 14 3 23 70 46 19 74 75 68 41 10 66 42 13 20 33 45 32 28 37 17 40 69 21 5 50 25 73 2 54 22 43 29 15 55 6 72 27 26 57 11 7 4 61 35 67 48 49 62 71 47 18 9 53 30 0 
cpTO1[2]=2576.625577 
j=2
cpTO2[2]=2518.260358 
cpSO[2]=
51 61 43 54 36 70 29 16 34 19 71 10 7 62 63 21 60 13 22 32 48 17 18 11 2 65 28 8 20 58 15 68 47 9 73 5 23 30 72 0 4 59 74 50 25 53 75 3 45 69 1 64 26 24 6 42 35 40 46 27 12 38 57 14 49 52 31 67 37 33 55 56 66 44 39 41 
cpTO1[3]=2414.531999 
j=3
cpTO2[3]=2403.800801 
cpSO[3]=
26 30 39 46 28 34 58 35 51 55 72 14 56 64 41 68 27 5 59 69 40 3 37 19 63 75 7 0 20 70 15 16 71 17 48 45 1 61 36 25 43 65 73 29 62 50 11 12 32 44 52 10 22 6 47 24 42 38 18 74 21 49 2 60 33 4 54 23 53 67 9 31 66 57 8 13 
cpTO1[4]=2260.622130 
j=4
cpTO2[4]=2247.289256 
cpSO[4]=
51 16 27 1 4 40 38 25 57 11 69 48 2 7 75 54 9 36 26 49 62 43 70 59 67 46 58 65 34 22 33 66 32 12 18 15 37 50 0 56 45 14 6 73 41 55 60 42 64 53 13 19 44 23 30 10 47 72 74 52 21 24 71 39 29 68 20 8 61 63 17 31 5 28 35 3 
cpTO1[5]=2478.606592 
j=5
cpTO2[5]=2478.606592 
cpSO[5]=
18 4 23 5 24 57 29 52 1 32 30 35 21 37 11 19 63 39 67 41 9 65 14 68 54 51 28 20 0 48 60 42 75 26 12 16 33 34 58 71 72 6 50 25 8 43 22 70 59 17 27 36 31 64 15 2 46 38 44 69 61 55 66 74 56 7 49 10 40 53 3 47 45 62 73 13 
cpTO1[6]=2411.267818 
j=6
cpTO2[6]=2359.057918 
cpSO[6]=
61 57 15 31 58 45 65 34 56 23 7 14 40 54 51 8 22 48 38 35 4 67 74 11 75 62 60 73 53 12 13 5 1 64 26 3 71 49 41 70 50 55 46 25 28 59 16 18 32 43 39 29 24 37 63 9 27 6 2 17 10 52 19 33 36 69 72 47 68 66 21 20 44 30 42 0 
cpTO1[7]=552.566990 
j=7
cpTO2[7]=552.566990 
cpSO[7]=
45 33 3 66 25 75 74 67 1 5 50 16 39 11 57 71 38 8 31 43 2 15 62 32 72 61 0 42 41 63 40 55 22 48 23 17 49 24 54 30 9 37 64 65 10 58 13 52 6 34 7 18 53 12 56 14 4 36 19 69 59 70 68 35 46 20 60 21 27 73 29 47 28 44 26 51 
cpTO1[8]=2298.272913 
j=8
cpTO2[8]=2187.175308 
cpSO[8]=
47 27 1 2 4 26 21 0 42 36 53 69 55 15 9 63 74 73 61 43 67 44 5 8 11 52 56 23 41 72 46 59 12 39 40 29 18 58 33 28 32 51 6 54 25 7 65 64 30 17 3 45 49 10 37 16 75 14 38 20 60 70 68 31 57 50 13 34 62 24 19 71 48 35 66 22 
cpTO1[9]=2501.318898 
j=9
cpTO2[9]=2384.639398 
cpSO[9]=
48 21 23 43 50 27 46 73 71 28 47 6 10 26 5 38 61 53 14 17 18 42 7 56 66 24 37 57 65 13 52 60 72 25 69 51 63 70 9 31 33 0 40 11 1 29 2 74 54 59 41 55 32 68 19 62 30 22 44 35 58 36 49 3 12 39 16 64 45 4 8 75 34 20 67 15 
ini=
 best=552.566990 position=7
45 33 3 66 25 75 74 67 1 5 50 16 39 11 57 71 38 8 31 43 2 15 62 32 72 61 0 42 41 63 40 55 22 48 23 17 49 24 54 30 9 37 64 65 10 58 13 52 6 34 7 18 53 12 56 14 4 36 19 69 59 70 68 35 46 20 60 21 27 73 29 47 28 44 26 51 
solution is:550.642053.       temperature is:16.763744
Thu Dec 12 18:54:14 2013
times: 2
cpTO1[0]=2383.438278 
j=0
cpTO2[0]=2370.105877 
cpSO[0]=
65 4 32 3 7 0 69 35 60 47 45 62 39 16 44 56 46 58 71 5 22 15 67 31 53 10 33 42 55 49 52 57 17 61 24 18 50 43 13 59 19 70 28 38 14 74 40 23 11 20 9 41 12 27 64 34 30 48 66 54 2 73 68 75 8 29 21 72 6 63 51 1 25 37 26 36 
cpTO1[1]=2408.179778 
j=1
cpTO2[1]=2395.580890 
cpSO[1]=
51 8 65 24 52 58 16 60 36 59 12 38 39 56 34 63 44 31 64 1 14 3 23 70 19 46 74 75 68 41 10 66 42 13 20 33 45 32 28 37 17 40 69 21 5 50 25 73 2 54 22 43 29 15 55 6 72 27 26 57 11 7 4 61 35 67 48 49 62 71 47 18 9 53 30 0 
cpTO1[2]=2518.260358 
j=2
cpTO2[2]=2488.705705 
cpSO[2]=
51 61 43 54 36 70 29 16 34 19 71 10 7 62 63 21 60 13 22 32 48 17 18 11 2 65 28 8 58 20 15 68 47 9 5 73 23 30 72 0 4 59 74 50 25 53 75 3 45 69 1 64 26 24 6 42 35 40 46 27 12 38 57 14 49 52 31 67 37 33 55 56 66 44 39 41 
cpTO1[3]=2403.800801 
j=3
cpTO2[3]=2403.800801 
cpSO[3]=
26 30 39 46 28 34 58 35 51 55 72 14 56 64 41 68 27 5 59 69 40 3 37 19 63 75 7 0 20 70 15 16 71 17 48 45 1 61 36 25 43 65 73 29 62 50 11 12 32 44 52 10 22 6 47 24 42 38 18 74 21 49 2 60 33 4 54 23 53 67 9 31 66 57 8 13 
cpTO1[4]=2247.289256 
j=4
cpTO2[4]=2231.692764 
cpSO[4]=
51 16 4 1 27 40 38 25 57 11 69 48 2 7 75 54 9 36 26 49 62 43 70 59 67 46 58 65 34 22 33 66 32 12 18 15 37 50 0 56 45 14 6 73 41 55 60 42 64 53 13 19 44 23 30 10 47 72 74 52 21 24 71 39 29 68 20 8 61 63 17 31 5 28 35 3 
cpTO1[5]=2478.606592 
j=5
cpTO2[5]=2416.026769 
cpSO[5]=
18 4 23 5 24 57 29 73 62 45 47 3 53 40 10 49 7 56 74 66 55 61 69 44 38 46 2 15 64 31 36 27 17 59 70 22 43 8 25 50 6 72 71 58 34 33 16 12 26 75 42 60 48 0 20 28 51 54 68 14 65 9 41 67 39 63 19 11 37 21 35 30 32 1 52 13 
cpTO1[6]=2359.057918 
j=6
cpTO2[6]=2359.057918 
cpSO[6]=
61 57 15 31 58 45 65 34 56 23 7 14 40 54 51 8 22 48 38 35 4 67 74 11 75 62 60 73 53 12 13 5 1 64 26 3 71 49 41 70 50 55 46 25 28 59 16 18 32 43 39 29 24 37 63 9 27 6 2 17 10 52 19 33 36 69 72 47 68 66 21 20 44 30 42 0 
cpTO1[7]=550.642053 
j=7
cpTO2[7]=550.642053 
cpSO[7]=
31 8 38 71 57 11 39 16 50 5 67 74 75 25 66 3 33 45 51 26 44 28 4 47 29 73 1 61 21 27 60 20 46 35 68 70 59 69 19 36 14 56 12 53 18 7 34 6 52 13 58 10 65 64 37 9 30 54 24 49 17 23 48 22 55 40 63 41 42 0 72 32 62 15 2 43 
cpTO1[8]=2187.175308 
j=8
cpTO2[8]=2187.175308 
cpSO[8]=
47 27 1 2 4 26 21 0 42 36 53 69 55 15 9 63 74 73 61 43 67 44 5 8 11 52 56 23 41 72 46 59 12 39 40 29 18 58 33 28 32 51 6 54 25 7 65 64 30 17 3 45 49 10 37 16 75 14 38 20 60 70 68 31 57 50 13 34 62 24 19 71 48 35 66 22 
cpTO1[9]=2384.639398 
j=9
cpTO2[9]=2384.639398 
cpSO[9]=
48 21 23 43 50 27 46 73 71 28 47 6 10 26 5 38 61 53 14 17 18 42 7 56 66 24 37 57 65 13 52 60 72 25 69 51 63 70 9 31 33 0 40 11 1 29 2 74 54 59 41 55 32 68 19 62 30 22 44 35 58 36 49 3 12 39 16 64 45 4 8 75 34 20 67 15 
ini=
 best=550.642053 position=7
31 8 38 71 57 11 39 16 50 5 67 74 75 25 66 3 33 45 51 26 44 28 4 47 29 73 1 61 21 27 60 20 46 35 68 70 59 69 19 36 14 56 12 53 18 7 34 6 52 13 58 10 65 64 37 9 30 54 24 49 17 23 48 22 55 40 63 41 42 0 72 32 62 15 2 43 
solution is:544.861817.       temperature is:1.357701
Thu Dec 12 18:54:14 2013
times: 3
cpTO1[0]=2370.105877 
j=0
cpTO2[0]=2367.822595 
cpSO[0]=
65 3 32 4 7 0 69 35 60 47 45 62 39 16 44 56 46 58 71 5 22 15 67 31 53 10 33 42 55 49 52 57 17 61 24 18 50 43 13 59 19 70 28 38 14 74 40 23 11 20 9 41 12 27 64 34 30 48 66 54 2 73 68 75 8 29 21 72 6 63 51 1 25 37 26 36 
cpTO1[1]=2395.580890 
j=1
cpTO2[1]=2377.801837 
cpSO[1]=
51 8 65 24 52 58 16 60 36 59 12 38 39 56 34 63 44 31 64 1 14 3 23 70 19 46 74 75 68 41 10 66 42 13 20 33 45 32 28 37 17 40 69 21 5 50 25 73 2 54 22 43 29 15 55 6 72 27 26 57 11 7 4 61 35 67 48 49 71 62 47 18 9 53 30 0 
cpTO1[2]=2488.705705 
j=2
cpTO2[2]=2471.818575 
cpSO[2]=
51 61 43 54 36 70 29 16 34 19 71 10 7 62 63 21 60 13 22 32 48 17 18 11 2 65 28 8 58 20 15 68 47 9 5 73 23 30 72 0 4 59 1 69 45 3 75 53 25 50 74 64 26 24 6 42 35 40 46 27 12 38 57 14 49 52 31 67 37 33 55 56 66 44 39 41 
cpTO1[3]=2403.800801 
j=3
cpTO2[3]=2330.644288 
cpSO[3]=
26 30 39 46 28 34 58 35 51 55 72 14 56 64 41 68 27 5 59 69 40 3 37 65 43 25 36 61 1 45 48 17 71 16 15 70 20 0 75 7 63 19 73 42 62 50 11 12 32 44 52 10 22 6 47 24 29 38 18 74 21 49 2 60 33 4 54 23 53 67 9 31 66 57 8 13 
cpTO1[4]=2231.692764 
j=4
cpTO2[4]=2231.692764 
cpSO[4]=
51 16 4 1 27 40 38 25 57 11 69 48 2 7 75 54 9 36 26 49 62 43 70 59 67 46 58 65 34 22 33 66 32 12 18 15 37 50 0 56 45 14 6 73 41 55 60 42 64 53 13 19 44 23 30 10 47 72 74 52 21 24 71 39 29 68 20 8 61 63 17 31 5 28 35 3 
cpTO1[5]=2416.026769 
j=5
cpTO2[5]=2416.026769 
cpSO[5]=
18 4 23 5 24 57 29 73 62 45 47 3 53 40 10 49 7 56 74 66 55 61 69 44 38 46 2 15 64 31 36 27 17 59 70 22 43 8 25 50 6 72 71 58 34 33 16 12 26 75 42 60 48 0 20 28 51 54 68 14 65 9 41 67 39 63 19 11 37 21 35 30 32 1 52 13 
cpTO1[6]=2359.057918 
j=6
cpTO2[6]=2318.106711 
cpSO[6]=
61 57 15 31 58 18 65 34 56 23 7 14 40 54 51 8 22 48 38 35 4 67 74 11 75 62 60 73 53 12 13 5 1 64 26 3 71 49 41 70 50 55 46 25 28 59 16 45 32 43 39 29 24 37 63 9 27 6 2 17 10 52 19 33 36 69 72 47 68 66 21 20 44 30 42 0 
cpTO1[7]=544.861817 
j=7
cpTO2[7]=544.861817 
cpSO[7]=
2 43 31 8 38 71 57 11 39 16 50 5 67 74 75 25 66 3 33 45 51 26 44 28 47 29 1 73 27 60 20 46 35 68 70 59 69 19 36 4 14 56 12 53 18 7 34 6 52 13 58 10 65 64 37 9 30 54 24 49 17 23 48 22 55 40 42 41 63 21 61 72 0 32 62 15 
cpTO1[8]=2187.175308 
j=8
cpTO2[8]=2128.267576 
cpSO[8]=
47 27 1 2 4 26 21 0 42 36 53 69 55 15 9 63 74 73 61 43 67 44 5 8 11 52 56 23 41 72 46 59 12 39 40 29 18 58 33 28 32 51 6 54 25 7 65 64 30 17 3 45 49 10 37 16 19 14 38 20 60 70 68 31 57 50 13 34 62 24 75 71 48 66 35 22 
cpTO1[9]=2384.639398 
j=9
cpTO2[9]=2384.639398 
cpSO[9]=
48 21 23 43 50 27 46 73 71 28 47 6 10 26 5 38 61 53 14 17 18 42 7 56 66 24 37 57 65 13 52 60 72 25 69 51 63 70 9 31 33 0 40 11 1 29 2 74 54 59 41 55 32 68 19 62 30 22 44 35 58 36 49 3 12 39 16 64 45 4 8 75 34 20 67 15 
ini=
 best=544.861817 position=7
2 43 31 8 38 71 57 11 39 16 50 5 67 74 75 25 66 3 33 45 51 26 44 28 47 29 1 73 27 60 20 46 35 68 70 59 69 19 36 4 14 56 12 53 18 7 34 6 52 13 58 10 65 64 37 9 30 54 24 49 17 23 48 22 55 40 42 41 63 21 61 72 0 32 62 15 
solution is:546.919917.       temperature is:7.554766
Thu Dec 12 18:54:15 2013
times: 4
cpTO1[0]=2367.822595 
j=0
cpTO2[0]=2365.996620 
cpSO[0]=
65 3 32 4 7 0 69 35 60 47 45 62 39 12 44 56 46 58 71 5 22 15 67 31 53 10 33 42 55 49 52 57 17 61 24 18 50 43 13 59 19 70 28 38 14 74 40 23 11 20 9 41 16 27 64 34 30 48 66 54 2 73 68 75 8 29 21 72 6 63 51 1 25 37 26 36 
cpTO1[1]=2377.801837 
j=1
cpTO2[1]=2372.440641 
cpSO[1]=
51 8 65 24 52 58 16 60 36 59 12 38 39 56 34 63 44 31 64 1 14 72 23 70 19 46 75 74 68 41 10 66 42 13 20 33 45 32 28 37 17 40 69 21 5 50 25 73 2 54 22 43 29 15 55 6 3 27 26 57 11 7 4 61 35 67 48 49 71 62 47 18 9 53 30 0 
cpTO1[2]=2471.818575 
j=2
cpTO2[2]=2461.944110 
cpSO[2]=
51 61 43 54 36 70 29 16 34 19 71 10 7 62 63 21 60 13 22 32 48 17 18 11 2 65 28 8 58 20 15 68 47 6 24 26 64 74 50 25 53 75 3 45 69 1 59 4 0 72 30 23 73 5 9 42 35 40 46 27 12 38 57 14 49 52 31 67 37 33 55 56 66 44 39 41 
cpTO1[3]=2330.644288 
j=3
cpTO2[3]=2330.644288 
cpSO[3]=
26 30 39 46 28 34 58 35 51 55 72 14 56 64 41 68 27 5 59 69 40 3 37 65 43 25 36 61 1 45 48 17 71 16 15 70 20 0 75 7 63 19 73 42 62 50 11 12 32 44 52 10 22 6 47 24 29 38 18 74 21 49 2 60 33 4 54 23 53 67 9 31 66 57 8 13 
cpTO1[4]=2231.692764 
j=4
cpTO2[4]=2231.692764 
cpSO[4]=
51 16 4 1 27 40 38 25 57 11 69 48 2 7 75 54 9 36 26 49 62 43 70 59 67 46 58 65 34 22 33 66 32 12 18 15 37 50 0 56 45 14 6 73 41 55 60 42 64 53 13 19 44 23 30 10 47 72 74 52 21 24 71 39 29 68 20 8 61 63 17 31 5 28 35 3 
cpTO1[5]=2416.026769 
j=5
cpTO2[5]=2416.026769 
cpSO[5]=
18 4 23 5 24 57 29 73 62 45 47 3 53 40 10 49 7 56 74 66 55 61 69 44 38 46 2 15 64 31 36 27 17 59 70 22 43 8 25 50 6 72 71 58 34 33 16 12 26 75 42 60 48 0 20 28 51 54 68 14 65 9 41 67 39 63 19 11 37 21 35 30 32 1 52 13 
cpTO1[6]=2318.106711 
j=6
cpTO2[6]=2261.168970 
cpSO[6]=
61 57 15 31 58 18 65 34 56 23 7 14 40 68 47 72 69 36 33 19 52 10 17 2 6 27 9 63 37 24 29 39 43 32 45 16 59 28 25 46 55 50 70 41 49 71 3 26 64 1 5 13 12 53 73 60 62 75 11 74 67 4 35 38 48 22 8 54 51 66 21 20 44 30 42 0 
cpTO1[7]=546.919917 
j=7
cpTO2[7]=546.919917 
cpSO[7]=
38 8 31 43 2 15 62 32 72 0 61 21 63 41 40 42 55 22 48 23 17 49 24 54 30 9 37 64 65 10 58 13 52 6 34 7 18 53 12 56 14 36 19 69 59 70 68 35 46 20 60 27 73 1 29 47 4 28 44 26 51 45 33 66 25 75 74 3 67 5 50 16 39 11 57 71 
cpTO1[8]=2128.267576 
j=8
cpTO2[8]=2120.394175 
cpSO[8]=
27 47 1 2 4 26 21 0 42 36 53 69 55 15 9 63 74 73 61 43 67 44 5 8 11 52 56 23 41 72 46 59 12 39 40 29 18 58 33 28 32 51 6 54 25 7 65 64 30 17 3 45 49 10 37 16 19 14 38 20 60 70 68 31 57 50 13 34 62 24 75 71 48 66 35 22 
cpTO1[9]=2384.639398 
j=9
cpTO2[9]=2384.639398 
cpSO[9]=
48 21 23 43 50 27 46 73 71 28 47 6 10 26 5 38 61 53 14 17 18 42 7 56 66 24 37 57 65 13 52 60 72 25 69 51 63 70 9 31 33 0 40 11 1 29 2 74 54 59 41 55 32 68 19 62 30 22 44 35 58 36 49 3 12 39 16 64 45 4 8 75 34 20 67 15 
ini=
 best=546.919917 position=7
38 8 31 43 2 15 62 32 72 0 61 21 63 41 40 42 55 22 48 23 17 49 24 54 30 9 37 64 65 10 58 13 52 6 34 7 18 53 12 56 14 36 19 69 59 70 68 35 46 20 60 27 73 1 29 47 4 28 44 26 51 45 33 66 25 75 74 3 67 5 50 16 39 11 57 71 
solution is:546.324183.       temperature is:1.148187
Thu Dec 12 18:54:15 2013
times: 5
cpTO1[0]=2365.996620 
j=0
cpTO2[0]=2339.255755 
cpSO[0]=
65 3 32 4 7 0 69 35 60 47 45 62 39 12 44 56 46 58 71 5 22 15 67 31 53 10 33 42 55 49 52 57 17 61 24 18 50 43 13 59 19 70 28 38 14 74 40 23 11 20 9 41 16 27 64 34 30 48 66 54 2 73 68 75 8 29 21 72 6 63 1 51 25 37 26 36 
cpTO1[1]=2372.440641 
j=1
cpTO2[1]=2360.374769 
cpSO[1]=
51 8 65 24 52 58 16 60 36 59 63 34 56 39 38 12 44 31 64 1 14 72 23 70 19 46 75 74 68 41 10 66 42 13 20 33 45 32 28 37 17 40 69 21 5 50 25 73 2 54 22 43 29 15 55 6 3 27 26 57 11 7 4 61 35 67 48 49 71 62 47 18 9 53 30 0 
cpTO1[2]=2461.944110 
j=2
cpTO2[2]=2461.944110 
cpSO[2]=
51 61 43 54 36 70 29 16 34 19 71 10 7 62 63 21 60 13 22 32 48 17 18 11 2 65 28 8 58 20 15 68 47 6 24 26 64 74 50 25 53 75 3 45 69 1 59 4 0 72 30 23 73 5 9 42 35 40 46 27 12 38 57 14 49 52 31 67 37 33 55 56 66 44 39 41 
cpTO1[3]=2330.644288 
j=3
cpTO2[3]=2330.644288 
cpSO[3]=
26 30 39 46 28 34 58 35 51 55 72 14 56 64 41 68 27 5 59 69 40 3 37 65 43 25 36 61 1 45 48 17 71 16 15 70 20 0 75 7 63 19 73 42 62 50 11 12 32 44 52 10 22 6 47 24 29 38 18 74 21 49 2 60 33 4 54 23 53 67 9 31 66 57 8 13 
cpTO1[4]=2231.692764 
j=4
cpTO2[4]=2176.884763 
cpSO[4]=
51 16 4 1 27 40 38 25 57 11 69 48 2 7 75 54 9 36 26 49 62 43 70 59 67 46 58 65 34 22 33 66 32 12 18 10 37 50 0 56 45 14 6 73 41 55 60 42 64 53 13 19 44 23 30 15 47 72 74 52 21 24 71 39 29 68 20 8 61 63 17 31 5 28 35 3 
cpTO1[5]=2416.026769 
j=5
cpTO2[5]=2397.713132 
cpSO[5]=
18 12 23 5 24 57 29 73 62 45 47 3 53 40 10 49 7 56 74 66 55 61 69 44 38 46 2 15 64 31 36 27 17 59 70 22 43 35 21 37 11 19 63 39 67 41 9 65 14 68 54 51 28 20 0 48 60 42 75 26 4 16 33 34 58 71 72 6 50 25 8 30 32 1 52 13 
cpTO1[6]=2261.168970 
j=6
cpTO2[6]=2257.063237 
cpSO[6]=
61 57 31 15 58 18 65 34 56 23 7 14 40 68 47 72 69 36 33 19 52 10 17 2 6 27 9 63 37 24 29 39 43 32 45 16 59 28 25 46 55 50 70 41 49 71 3 26 64 1 5 13 12 53 73 60 62 75 11 74 67 4 35 38 48 22 8 54 51 66 21 20 44 30 42 0 
cpTO1[7]=546.324183 
j=7
cpTO2[7]=546.324183 
cpSO[7]=
20 46 35 68 70 59 69 19 36 14 56 12 53 18 7 34 6 52 13 58 10 65 64 37 9 30 54 24 49 17 23 48 22 55 40 42 41 63 21 61 72 0 32 62 15 2 43 31 8 38 71 57 11 39 16 50 5 67 74 75 25 66 3 33 45 51 26 44 28 4 47 29 1 73 27 60 
cpTO1[8]=2120.394175 
j=8
cpTO2[8]=2119.291665 
cpSO[8]=
27 47 24 2 4 26 21 0 42 36 53 69 55 15 9 63 74 73 61 43 67 44 5 8 11 52 56 23 41 72 46 59 12 39 40 29 18 58 33 28 32 51 6 54 25 7 65 64 30 17 3 45 49 10 37 16 19 14 38 20 60 70 68 31 57 50 13 34 62 1 75 71 48 66 35 22 
cpTO1[9]=2384.639398 
j=9
cpTO2[9]=2384.639398 
cpSO[9]=
48 21 23 43 50 27 46 73 71 28 47 6 10 26 5 38 61 53 14 17 18 42 7 56 66 24 37 57 65 13 52 60 72 25 69 51 63 70 9 31 33 0 40 11 1 29 2 74 54 59 41 55 32 68 19 62 30 22 44 35 58 36 49 3 12 39 16 64 45 4 8 75 34 20 67 15 
ini=
 best=546.324183 position=7
20 46 35 68 70 59 69 19 36 14 56 12 53 18 7 34 6 52 13 58 10 65 64 37 9 30 54 24 49 17 23 48 22 55 40 42 41 63 21 61 72 0 32 62 15 2 43 31 8 38 71 57 11 39 16 50 5 67 74 75 25 66 3 33 45 51 26 44 28 4 47 29 1 73 27 60 
solution is:546.629155.       temperature is:6.636416
Thu Dec 12 18:54:15 2013
times: 6
cpTO1[0]=2339.255755 
j=0
cpTO2[0]=2339.255755 
cpSO[0]=
65 3 32 4 7 0 69 35 60 47 45 62 39 12 44 56 46 58 71 5 22 15 67 31 53 10 33 42 55 49 52 57 17 61 24 18 50 43 13 59 19 70 28 38 14 74 40 23 11 20 9 41 16 27 64 34 30 48 66 54 2 73 68 75 8 29 21 72 6 63 1 51 25 37 26 36 
cpTO1[1]=2360.374769 
j=1
cpTO2[1]=2360.374769 
cpSO[1]=
51 8 65 24 52 58 16 60 36 59 63 34 56 39 38 12 44 31 64 1 14 72 23 70 19 46 75 74 68 41 10 66 42 13 20 33 45 32 28 37 17 40 69 21 5 50 25 73 2 54 22 43 29 15 55 6 3 27 26 57 11 7 4 61 35 67 48 49 71 62 47 18 9 53 30 0 
cpTO1[2]=2461.944110 
j=2
cpTO2[2]=2375.261594 
cpSO[2]=
51 61 43 54 45 3 75 53 25 50 74 26 64 24 6 47 68 15 20 58 8 28 65 2 11 18 17 48 32 22 13 60 21 63 62 7 10 71 19 34 16 29 70 36 69 1 59 4 0 72 30 23 73 5 9 42 35 40 46 27 12 38 57 14 49 52 31 67 37 33 55 56 66 44 39 41 
cpTO1[3]=2330.644288 
j=3
cpTO2[3]=2330.644288 
cpSO[3]=
26 30 39 46 28 34 58 35 51 55 72 14 56 64 41 68 27 5 59 69 40 3 37 65 43 25 36 61 1 45 48 17 71 16 15 70 20 0 75 7 63 19 73 42 62 50 11 12 32 44 52 10 22 6 47 24 29 38 18 74 21 49 2 60 33 4 54 23 53 67 9 31 66 57 8 13 
cpTO1[4]=2176.884763 
j=4
cpTO2[4]=2176.884763 
cpSO[4]=
51 16 4 1 27 40 38 25 57 11 69 48 2 7 75 54 9 36 26 49 62 43 70 59 67 46 58 65 34 22 33 66 32 12 18 10 37 50 0 56 45 14 6 73 41 55 60 42 64 53 13 19 44 23 30 15 47 72 74 52 21 24 71 39 29 68 20 8 61 63 17 31 5 28 35 3 
cpTO1[5]=2397.713132 
j=5
cpTO2[5]=2383.438305 
cpSO[5]=
18 12 23 5 24 57 29 73 62 45 47 3 53 40 10 49 7 56 74 66 55 61 69 44 38 46 2 15 64 31 36 27 17 59 70 22 43 35 21 37 25 19 63 39 67 41 9 65 14 68 54 51 28 20 0 48 60 42 75 26 4 16 33 34 58 71 72 6 50 11 8 30 32 1 52 13 
cpTO1[6]=2257.063237 
j=6
cpTO2[6]=2257.063237 
cpSO[6]=
61 57 31 15 58 18 65 34 56 23 7 14 40 68 47 72 69 36 33 19 52 10 17 2 6 27 9 63 37 24 29 39 43 32 45 16 59 28 25 46 55 50 70 41 49 71 3 26 64 1 5 13 12 53 73 60 62 75 11 74 67 4 35 38 48 22 8 54 51 66 21 20 44 30 42 0 
cpTO1[7]=546.629155 
j=7
cpTO2[7]=546.629155 
cpSO[7]=
63 21 61 0 72 32 62 15 2 43 31 8 38 71 57 11 39 16 50 5 67 74 75 25 66 3 33 45 51 26 44 28 4 47 29 1 73 27 60 20 46 35 68 70 59 69 19 36 14 56 12 53 18 7 34 6 52 13 58 65 10 64 37 9 30 54 24 49 17 23 48 22 55 40 42 41 
cpTO1[8]=2119.291665 
j=8
cpTO2[8]=2098.915659 
cpSO[8]=
27 47 24 2 4 26 21 0 42 36 53 69 55 15 9 63 74 73 61 43 67 44 75 8 11 52 56 23 41 72 46 59 12 58 18 29 40 39 33 28 32 51 6 54 25 7 65 64 30 17 3 45 49 10 37 16 19 14 38 20 60 70 68 31 57 50 13 34 62 1 5 71 48 66 35 22 
cpTO1[9]=2384.639398 
j=9
cpTO2[9]=2346.249101 
cpSO[9]=
48 21 23 43 50 27 46 73 44 28 47 6 10 26 5 38 61 53 14 17 18 42 7 56 66 24 37 57 65 13 52 60 72 25 69 51 63 70 9 31 33 0 40 11 1 29 2 74 54 59 34 75 8 4 45 64 16 39 12 3 49 36 58 35 71 22 30 62 19 68 32 55 41 20 67 15 
ini=
 best=546.629155 position=7
63 21 61 0 72 32 62 15 2 43 31 8 38 71 57 11 39 16 50 5 67 74 75 25 66 3 33 45 51 26 44 28 4 47 29 1 73 27 60 20 46 35 68 70 59 69 19 36 14 56 12 53 18 7 34 6 52 13 58 65 10 64 37 9 30 54 24 49 17 23 48 22 55 40 42 41 
solution is:544.456024.       temperature is:4.662513
Thu Dec 12 18:54:16 2013
times: 7
cpTO1[0]=2339.255755 
j=0
cpTO2[0]=2305.756478 
cpSO[0]=
65 3 32 4 7 0 69 35 60 47 45 62 39 12 44 56 46 58 71 5 22 15 67 31 53 10 33 42 55 49 52 57 17 61 24 18 50 43 13 59 19 70 28 38 14 74 40 23 11 20 9 41 21 27 64 34 30 48 66 54 2 73 68 75 8 29 16 72 6 63 1 51 25 37 26 36 
cpTO1[1]=2360.374769 
j=1
cpTO2[1]=2351.766036 
cpSO[1]=
51 3 6 15 55 29 43 22 54 2 73 25 50 5 21 69 40 17 37 28 32 45 33 20 13 42 66 10 41 68 74 75 46 19 70 23 72 14 1 64 31 44 12 38 39 56 34 63 59 36 60 16 58 52 24 65 8 27 26 57 11 7 4 61 35 67 48 49 71 62 47 18 9 53 30 0 
cpTO1[2]=2375.261594 
j=2
cpTO2[2]=2371.866927 
cpSO[2]=
51 61 43 54 45 3 75 53 25 50 74 26 64 24 6 47 68 15 20 58 8 28 65 2 11 18 17 23 32 22 13 60 21 63 62 7 10 71 19 34 16 29 70 36 69 1 59 4 0 72 30 48 73 5 9 42 35 40 46 27 12 38 57 14 49 52 31 67 37 33 55 56 66 44 39 41 
cpTO1[3]=2330.644288 
j=3
cpTO2[3]=2330.644288 
cpSO[3]=
26 30 39 46 28 34 58 35 51 55 72 14 56 64 41 68 27 5 59 69 40 3 37 65 43 25 36 61 1 45 48 17 71 16 15 70 20 0 75 7 63 19 73 42 62 50 11 12 32 44 52 10 22 6 47 24 29 38 18 74 21 49 2 60 33 4 54 23 53 67 9 31 66 57 8 13 
cpTO1[4]=2176.884763 
j=4
cpTO2[4]=2172.502167 
cpSO[4]=
51 16 4 1 27 40 38 25 57 11 69 48 2 7 75 54 9 36 26 49 62 43 70 59 67 46 58 65 34 22 33 66 32 12 18 10 37 50 0 56 45 14 6 73 55 41 60 42 64 53 13 19 44 23 30 15 47 72 74 52 21 24 71 39 29 68 20 8 61 63 17 31 5 28 35 3 
cpTO1[5]=2383.438305 
j=5
cpTO2[5]=2319.991924 
cpSO[5]=
18 12 23 5 24 57 29 73 62 45 47 3 53 40 10 49 7 56 74 66 55 61 69 44 38 46 2 15 64 31 36 19 25 37 35 21 43 22 70 59 17 27 63 39 67 41 9 65 14 68 54 51 28 20 0 48 60 42 75 26 4 16 33 34 58 71 72 6 50 11 8 30 32 1 52 13 
cpTO1[6]=2257.063237 
j=6
cpTO2[6]=2257.063237 
cpSO[6]=
61 57 31 15 58 18 65 34 56 23 7 14 40 68 47 72 69 36 33 19 52 10 17 2 6 27 9 63 37 24 29 39 43 32 45 16 59 28 25 46 55 50 70 41 49 71 3 26 64 1 5 13 12 53 73 60 62 75 11 74 67 4 35 38 48 22 8 54 51 66 21 20 44 30 42 0 
cpTO1[7]=544.456024 
j=7
cpTO2[7]=544.456024 
cpSO[7]=
3 67 5 50 16 39 11 57 71 38 8 31 43 2 15 62 32 0 72 61 21 63 41 42 40 55 22 48 23 17 49 24 54 30 9 37 64 65 10 58 13 52 6 34 7 18 53 12 56 14 4 36 19 69 59 70 68 35 46 20 60 27 73 1 29 47 28 44 26 51 33 45 66 25 75 74 
cpTO1[8]=2098.915659 
j=8
cpTO2[8]=2098.915659 
cpSO[8]=
27 47 24 2 4 26 21 0 42 36 53 69 55 15 9 63 74 73 61 43 67 44 75 8 11 52 56 23 41 72 46 59 12 58 18 29 40 39 33 28 32 51 6 54 25 7 65 64 30 17 3 45 49 10 37 16 19 14 38 20 60 70 68 31 57 50 13 34 62 1 5 71 48 66 35 22 
cpTO1[9]=2346.249101 
j=9
cpTO2[9]=2317.513294 
cpSO[9]=
48 21 23 43 50 27 46 73 44 28 47 6 10 26 5 38 61 53 14 17 18 42 7 56 66 24 37 57 65 13 52 60 72 25 69 51 63 70 9 31 33 0 40 11 49 29 2 74 54 59 34 75 8 4 45 64 16 39 12 3 1 36 58 35 71 22 30 62 19 68 32 55 41 20 67 15 
ini=
 best=544.456024 position=7
3 67 5 50 16 39 11 57 71 38 8 31 43 2 15 62 32 0 72 61 21 63 41 42 40 55 22 48 23 17 49 24 54 30 9 37 64 65 10 58 13 52 6 34 7 18 53 12 56 14 4 36 19 69 59 70 68 35 46 20 60 27 73 1 29 47 28 44 26 51 33 45 66 25 75 74 
solution is:546.502505.       temperature is:1.948989
Thu Dec 12 18:54:16 2013
times: 8
cpTO1[0]=2305.756478 
j=0
cpTO2[0]=2305.756478 
cpSO[0]=
65 3 32 4 7 0 69 35 60 47 45 62 39 12 44 56 46 58 71 5 22 15 67 31 53 10 33 42 55 49 52 57 17 61 24 18 50 43 13 59 19 70 28 38 14 74 40 23 11 20 9 41 21 27 64 34 30 48 66 54 2 73 68 75 8 29 16 72 6 63 1 51 25 37 26 36 
cpTO1[1]=2351.766036 
j=1
cpTO2[1]=2313.885961 
cpSO[1]=
51 3 6 15 55 29 43 22 54 2 73 25 50 5 21 69 40 17 37 28 32 45 33 13 20 42 66 10 41 68 74 75 46 19 70 23 72 14 1 64 31 44 12 38 39 56 34 63 59 36 60 16 58 52 24 65 8 27 26 57 11 7 4 61 35 67 48 49 71 62 47 18 9 53 30 0 
cpTO1[2]=2371.866927 
j=2
cpTO2[2]=2371.866927 
cpSO[2]=
51 61 43 54 45 3 75 53 25 50 74 26 64 24 6 47 68 15 20 58 8 28 65 2 11 18 17 23 32 22 13 60 21 63 62 7 10 71 19 34 16 29 70 36 69 1 59 4 0 72 30 48 73 5 9 42 35 40 46 27 12 38 57 14 49 52 31 67 37 33 55 56 66 44 39 41 
cpTO1[3]=2330.644288 
j=3
cpTO2[3]=2330.644288 
cpSO[3]=
26 30 39 46 28 34 58 35 51 55 72 14 56 64 41 68 27 5 59 69 40 3 37 65 43 25 36 61 1 45 48 17 71 16 15 70 20 0 75 7 63 19 73 42 62 50 11 12 32 44 52 10 22 6 47 24 29 38 18 74 21 49 2 60 33 4 54 23 53 67 9 31 66 57 8 13 
cpTO1[4]=2172.502167 
j=4
cpTO2[4]=2150.207304 
cpSO[4]=
51 16 4 1 27 40 38 25 57 11 69 48 2 7 75 54 9 36 26 49 62 43 70 59 67 46 58 65 34 22 33 66 32 12 18 10 37 50 0 56 45 6 14 73 55 41 60 42 64 53 13 19 44 23 30 15 47 72 74 52 21 24 71 39 29 68 20 8 61 63 17 31 5 28 35 3 
cpTO1[5]=2319.991924 
j=5
cpTO2[5]=2315.708269 
cpSO[5]=
18 12 23 5 24 57 29 73 62 45 47 3 53 40 10 49 7 56 74 66 55 61 69 44 38 46 2 15 64 31 36 19 37 25 35 21 43 22 70 59 17 27 63 39 67 41 9 65 14 68 54 51 28 20 0 48 60 42 75 26 4 16 33 34 58 11 50 6 72 71 8 30 32 1 52 13 
cpTO1[6]=2257.063237 
j=6
cpTO2[6]=2257.063237 
cpSO[6]=
61 57 31 15 58 18 65 34 56 23 7 14 40 68 47 72 69 36 33 19 52 10 17 2 6 27 9 63 37 24 29 39 43 32 45 16 59 28 25 46 55 50 70 41 49 71 3 26 64 1 5 13 12 53 73 60 62 75 11 74 67 4 35 38 48 22 8 54 51 66 21 20 44 30 42 0 
cpTO1[7]=546.502505 
j=7
cpTO2[7]=546.502505 
cpSO[7]=
21 60 20 46 35 68 70 59 69 19 36 4 14 56 12 53 18 7 45 33 51 26 44 28 47 29 1 73 27 61 72 0 32 62 15 2 43 31 8 38 71 57 11 39 16 50 5 67 3 74 75 66 25 6 34 52 13 58 10 65 64 37 9 30 54 24 49 17 23 48 22 55 40 42 41 63 
cpTO1[8]=2098.915659 
j=8
cpTO2[8]=2098.915659 
cpSO[8]=
27 47 24 2 4 26 21 0 42 36 53 69 55 15 9 63 74 73 61 43 67 44 75 8 11 52 56 23 41 72 46 59 12 58 18 29 40 39 33 28 32 51 6 54 25 7 65 64 30 17 3 45 49 10 37 16 19 14 38 20 60 70 68 31 57 50 13 34 62 1 5 71 48 66 35 22 
cpTO1[9]=2317.513294 
j=9
cpTO2[9]=2315.111383 
cpSO[9]=
48 21 23 43 50 27 46 58 44 28 47 6 10 26 5 38 61 53 14 17 18 42 7 56 66 24 37 57 65 13 52 60 72 25 69 51 63 70 9 31 33 0 40 11 49 29 2 74 54 59 34 75 8 4 45 64 16 39 12 3 1 36 73 35 71 22 30 62 68 19 32 55 41 20 67 15 
ini=
 best=546.502505 position=7
21 60 20 46 35 68 70 59 69 19 36 4 14 56 12 53 18 7 45 33 51 26 44 28 47 29 1 73 27 61 72 0 32 62 15 2 43 31 8 38 71 57 11 39 16 50 5 67 3 74 75 66 25 6 34 52 13 58 10 65 64 37 9 30 54 24 49 17 23 48 22 55 40 42 41 63 
solution is:551.463560.       temperature is:7.472115
Thu Dec 12 18:54:17 2013
times: 9
cpTO1[0]=2305.756478 
j=0
cpTO2[0]=2295.882548 
cpSO[0]=
65 3 32 4 7 0 69 35 60 47 45 62 39 12 44 56 46 58 71 5 22 15 67 31 53 10 33 42 55 49 52 57 17 61 24 18 50 43 13 59 19 70 28 38 14 74 40 23 11 20 9 41 21 27 64 34 30 48 29 54 2 73 68 75 8 66 16 72 6 63 1 51 25 37 26 36 
cpTO1[1]=2313.885961 
j=1
cpTO2[1]=2217.711560 
cpSO[1]=
51 3 6 15 55 29 43 22 54 2 73 60 36 59 63 34 56 39 38 12 44 31 64 13 14 72 23 70 19 46 75 74 68 41 10 66 42 20 1 33 45 32 28 37 17 40 69 21 5 50 25 16 58 52 24 65 8 27 26 57 11 7 4 61 35 67 48 49 71 62 47 18 9 53 30 0 
cpTO1[2]=2371.866927 
j=2
cpTO2[2]=2371.866927 
cpSO[2]=
51 61 43 54 45 3 75 53 25 50 74 26 64 24 6 47 68 15 20 58 8 28 65 2 11 18 17 23 32 22 13 60 21 63 62 7 10 71 19 34 16 29 70 36 69 1 59 4 0 72 30 48 73 5 9 42 35 40 46 27 12 38 57 14 49 52 31 67 37 33 55 56 66 44 39 41 
cpTO1[3]=2330.644288 
j=3
cpTO2[3]=2330.644288 
cpSO[3]=
26 30 39 46 28 34 58 35 51 55 72 14 56 64 41 68 27 5 59 69 40 3 37 65 43 25 36 61 1 45 48 17 71 16 15 70 20 0 75 7 63 19 73 42 62 50 11 12 32 44 52 10 22 6 47 24 29 38 18 74 21 49 2 60 33 4 54 23 53 67 9 31 66 57 8 13 
cpTO1[4]=2150.207304 
j=4
cpTO2[4]=2150.207304 
cpSO[4]=
51 16 4 1 27 40 38 25 57 11 69 48 2 7 75 54 9 36 26 49 62 43 70 59 67 46 58 65 34 22 33 66 32 12 18 10 37 50 0 56 45 6 14 73 55 41 60 42 64 53 13 19 44 23 30 15 47 72 74 52 21 24 71 39 29 68 20 8 61 63 17 31 5 28 35 3 
cpTO1[5]=2315.708269 
j=5
cpTO2[5]=2315.708269 
cpSO[5]=
18 12 23 5 24 57 29 73 62 45 47 3 53 40 10 49 7 56 74 66 55 61 69 44 38 46 2 15 64 31 36 19 37 25 35 21 43 22 70 59 17 27 63 39 67 41 9 65 14 68 54 51 28 20 0 48 60 42 75 26 4 16 33 34 58 11 50 6 72 71 8 30 32 1 52 13 
cpTO1[6]=2257.063237 
j=6
cpTO2[6]=2257.063237 
cpSO[6]=
61 57 31 15 58 18 65 34 56 23 7 14 40 68 47 72 69 36 33 19 52 10 17 2 6 27 9 63 37 24 29 39 43 32 45 16 59 28 25 46 55 50 70 41 49 71 3 26 64 1 5 13 12 53 73 60 62 75 11 74 67 4 35 38 48 22 8 54 51 66 21 20 44 30 42 0 
cpTO1[7]=551.463560 
j=7
cpTO2[7]=551.463560 
cpSO[7]=
72 0 62 15 50 5 67 3 74 75 66 25 16 11 39 2 43 31 8 38 71 57 9 30 54 24 49 17 23 48 22 55 40 42 41 63 21 61 27 60 20 46 35 68 70 59 69 19 36 4 14 56 12 53 18 13 58 65 64 37 10 52 6 34 7 45 33 51 26 44 28 47 29 73 1 32 
cpTO1[8]=2098.915659 
j=8
cpTO2[8]=2098.915659 
cpSO[8]=
27 47 24 2 4 26 21 0 42 36 53 69 55 15 9 63 74 73 61 43 67 44 75 8 11 52 56 23 41 72 46 59 12 58 18 29 40 39 33 28 32 51 6 54 25 7 65 64 30 17 3 45 49 10 37 16 19 14 38 20 60 70 68 31 57 50 13 34 62 1 5 71 48 66 35 22 
cpTO1[9]=2315.111383 
j=9
cpTO2[9]=2288.461865 
cpSO[9]=
48 21 23 43 50 27 46 58 44 28 47 6 10 26 5 38 61 53 14 20 18 42 7 56 66 24 37 57 65 13 52 60 72 25 69 51 63 70 9 31 33 0 40 11 49 29 2 74 54 59 34 75 8 4 45 64 16 39 12 3 36 1 73 35 71 22 30 62 68 19 32 55 41 17 67 15 
ini=
 best=551.463560 position=7
72 0 62 15 50 5 67 3 74 75 66 25 16 11 39 2 43 31 8 38 71 57 9 30 54 24 49 17 23 48 22 55 40 42 41 63 21 61 27 60 20 46 35 68 70 59 69 19 36 4 14 56 12 53 18 13 58 65 64 37 10 52 6 34 7 45 33 51 26 44 28 47 29 73 1 32 
solution is:547.181484.       temperature is:3.225978
Thu Dec 12 18:54:17 2013
times: 10
cpTO1[0]=2295.882548 
j=0
cpTO2[0]=2226.232571 
cpSO[0]=
65 3 32 4 7 0 69 35 60 47 45 10 53 31 67 15 22 5 71 58 46 56 44 12 39 62 33 42 55 49 52 57 17 48 24 18 50 43 13 59 19 70 28 38 14 74 40 23 11 20 9 41 21 27 64 30 34 61 29 54 2 73 68 75 8 66 16 72 6 63 1 51 25 37 26 36 
cpTO1[1]=2217.711560 
j=1
cpTO2[1]=2208.483085 
cpSO[1]=
51 3 6 15 55 29 43 22 54 2 73 60 36 59 63 34 56 39 38 12 44 31 64 13 14 72 23 70 19 46 75 74 68 41 10 66 42 20 1 33 45 32 28 37 17 40 69 21 5 50 25 16 58 52 67 35 61 4 7 11 57 26 27 8 65 24 48 49 71 62 47 18 9 53 30 0 
cpTO1[2]=2371.866927 
j=2
cpTO2[2]=2354.806552 
cpSO[2]=
51 61 43 54 45 3 75 53 25 50 74 26 64 24 6 58 68 15 20 47 8 28 65 2 11 18 17 23 32 22 13 60 21 63 62 7 10 71 19 34 16 29 70 36 69 1 59 4 0 72 30 48 73 5 9 42 35 40 46 27 12 38 57 14 49 52 67 31 37 33 55 56 66 44 39 41 
cpTO1[3]=2330.644288 
j=3
cpTO2[3]=2330.644288 
cpSO[3]=
26 30 39 46 28 34 58 35 51 55 72 14 56 64 41 68 27 5 59 69 40 3 37 65 43 25 36 61 1 45 48 17 71 16 15 70 20 0 75 7 63 19 73 42 62 50 11 12 32 44 52 10 22 6 47 24 29 38 18 74 21 49 2 60 33 4 54 23 53 67 9 31 66 57 8 13 
cpTO1[4]=2150.207304 
j=4
cpTO2[4]=2132.850397 
cpSO[4]=
16 51 4 66 33 22 34 65 58 46 67 59 70 43 62 49 26 36 9 54 75 7 2 48 69 11 57 25 38 40 27 1 32 12 18 10 37 50 0 56 45 6 14 73 55 41 60 42 64 53 13 19 44 23 30 15 47 72 74 52 21 24 71 39 29 68 20 8 61 63 17 31 5 28 35 3 
cpTO1[5]=2315.708269 
j=5
cpTO2[5]=2315.708269 
cpSO[5]=
18 12 23 5 24 57 29 73 62 45 47 3 53 40 10 49 7 56 74 66 55 61 69 44 38 46 2 15 64 31 36 19 37 25 35 21 43 22 70 59 17 27 63 39 67 41 9 65 14 68 54 51 28 20 0 48 60 42 75 26 4 16 33 34 58 11 50 6 72 71 8 30 32 1 52 13 
cpTO1[6]=2257.063237 
j=6
cpTO2[6]=2257.063237 
cpSO[6]=
61 57 31 15 58 18 65 34 56 23 7 14 40 68 47 72 69 36 33 19 52 10 17 2 6 27 9 63 37 24 29 39 43 32 45 16 59 28 25 46 55 50 70 41 49 71 3 26 64 1 5 13 12 53 73 60 62 75 11 74 67 4 35 38 48 22 8 54 51 66 21 20 44 30 42 0 
cpTO1[7]=547.181484 
j=7
cpTO2[7]=547.181484 
cpSO[7]=
75 25 66 45 33 51 26 44 28 4 47 29 1 73 27 60 20 46 35 68 70 59 69 19 36 14 56 12 53 18 7 34 6 52 13 58 10 65 64 37 9 30 54 24 49 17 23 48 22 55 40 42 41 63 21 61 72 0 32 62 15 2 43 31 8 38 71 57 11 39 16 50 5 67 74 3 
cpTO1[8]=2098.915659 
j=8
cpTO2[8]=2081.910992 
cpSO[8]=
27 47 24 2 4 26 21 0 42 36 69 53 55 15 9 63 74 73 61 43 67 44 75 8 11 52 56 23 41 72 46 59 12 58 18 29 40 39 33 28 32 51 6 54 25 7 65 64 30 17 3 45 49 10 37 16 19 14 38 20 60 70 68 31 57 50 13 34 62 1 5 71 48 66 35 22 
cpTO1[9]=2288.461865 
j=9
cpTO2[9]=2288.461865 
cpSO[9]=
48 21 23 43 50 27 46 58 44 28 47 6 10 26 5 38 61 53 14 20 18 42 7 56 66 24 37 57 65 13 52 60 72 25 69 51 63 70 9 31 33 0 40 11 49 29 2 74 54 59 34 75 8 4 45 64 16 39 12 3 36 1 73 35 71 22 30 62 68 19 32 55 41 17 67 15 
ini=
 best=547.181484 position=7
75 25 66 45 33 51 26 44 28 4 47 29 1 73 27 60 20 46 35 68 70 59 69 19 36 14 56 12 53 18 7 34 6 52 13 58 10 65 64 37 9 30 54 24 49 17 23 48 22 55 40 42 41 63 21 61 72 0 32 62 15 2 43 31 8 38 71 57 11 39 16 50 5 67 74 3 
solution is:544.456024.       temperature is:2.645146
Thu Dec 12 18:54:18 2013
times: 11
cpTO1[0]=2226.232571 
j=0
cpTO2[0]=2214.009210 
cpSO[0]=
65 3 32 4 7 0 69 35 60 47 45 24 48 17 57 52 49 55 42 33 62 39 12 44 56 46 58 71 5 22 15 67 31 53 10 18 50 43 13 59 19 70 28 38 14 74 40 23 11 20 9 41 21 27 64 30 34 61 29 54 2 73 68 75 8 66 16 72 6 63 1 51 25 37 26 36 
cpTO1[1]=2208.483085 
j=1
cpTO2[1]=2208.483085 
cpSO[1]=
51 3 6 15 55 29 43 22 54 2 73 60 36 59 63 34 56 39 38 12 44 31 64 13 14 72 23 70 19 46 75 74 68 41 10 66 42 20 1 33 45 32 28 37 17 40 69 21 5 50 25 16 58 52 67 35 61 4 7 11 57 26 27 8 65 24 48 49 71 62 47 18 9 53 30 0 
cpTO1[2]=2354.806552 
j=2
cpTO2[2]=2342.670635 
cpSO[2]=
51 61 43 54 45 3 75 53 25 50 74 26 64 24 58 6 68 15 20 47 8 28 65 2 11 18 17 23 32 22 13 60 21 63 62 7 10 71 19 34 16 29 70 36 69 1 59 4 0 72 30 48 73 5 9 12 27 46 40 35 42 38 57 14 49 52 67 31 37 33 55 56 66 44 39 41 
cpTO1[3]=2330.644288 
j=3
cpTO2[3]=2299.484242 
cpSO[3]=
26 30 49 21 74 18 38 29 71 47 6 22 10 52 44 32 12 11 50 62 42 73 19 63 7 75 0 20 70 15 16 24 17 48 45 1 61 36 25 43 65 37 3 40 69 59 5 27 68 41 64 56 14 72 55 51 35 58 34 28 46 39 2 60 33 4 54 23 53 67 9 31 66 57 8 13 
cpTO1[4]=2132.850397 
j=4
cpTO2[4]=2118.464076 
cpSO[4]=
16 51 4 66 33 2 34 65 58 46 67 59 70 43 62 49 26 36 9 54 75 7 22 48 69 11 57 25 38 40 27 1 32 12 18 10 37 50 0 56 45 6 14 73 55 41 60 42 64 53 13 19 44 23 30 15 47 72 74 52 21 24 71 39 29 68 20 8 61 63 17 31 5 28 35 3 
cpTO1[5]=2315.708269 
j=5
cpTO2[5]=2311.936003 
cpSO[5]=
18 12 23 5 24 57 29 73 62 45 47 3 53 40 10 49 7 56 74 66 55 61 69 44 38 46 2 15 64 31 36 19 37 25 35 21 43 22 70 59 17 27 63 39 75 42 60 48 0 20 28 51 54 68 14 65 9 41 67 26 4 16 33 34 58 11 50 6 72 71 8 30 32 1 52 13 
cpTO1[6]=2257.063237 
j=6
cpTO2[6]=2239.048414 
cpSO[6]=
61 57 38 15 58 18 65 34 56 23 7 14 40 68 47 72 69 36 33 19 52 10 17 2 6 27 9 63 37 24 39 29 43 32 45 16 59 28 25 46 55 50 70 41 49 71 3 26 64 1 5 13 12 53 73 60 62 75 11 74 67 4 35 31 48 22 8 54 51 66 21 20 44 30 42 0 
cpTO1[7]=544.456024 
j=7
cpTO2[7]=544.456024 
cpSO[7]=
49 24 54 30 9 37 64 65 10 58 13 52 6 34 7 18 53 12 56 14 4 36 19 69 59 70 68 35 46 20 60 27 73 1 29 47 28 44 26 51 33 45 66 25 75 74 3 67 5 50 16 39 11 57 71 38 8 31 43 2 15 62 32 0 72 61 21 63 41 42 40 55 22 48 23 17 
cpTO1[8]=2081.910992 
j=8
cpTO2[8]=2046.079238 
cpSO[8]=
27 47 24 2 4 26 21 0 42 36 69 53 55 15 9 63 74 73 61 43 38 14 19 16 37 10 49 45 3 17 30 64 65 7 25 54 6 51 32 28 33 39 40 29 18 58 12 59 46 72 41 23 56 52 11 8 75 44 67 20 60 70 68 31 57 50 13 34 62 1 5 71 48 66 35 22 
cpTO1[9]=2288.461865 
j=9
cpTO2[9]=2277.556226 
cpSO[9]=
48 21 23 43 50 27 46 58 44 28 47 6 10 26 5 38 61 53 14 20 18 42 7 56 66 24 37 57 65 13 52 60 72 25 69 51 63 70 9 31 33 0 40 11 29 49 2 74 54 59 34 75 8 4 45 64 16 39 12 3 36 1 73 35 71 22 30 62 68 19 32 55 41 17 67 15 
ini=
 best=544.456024 position=7
49 24 54 30 9 37 64 65 10 58 13 52 6 34 7 18 53 12 56 14 4 36 19 69 59 70 68 35 46 20 60 27 73 1 29 47 28 44 26 51 33 45 66 25 75 74 3 67 5 50 16 39 11 57 71 38 8 31 43 2 15 62 32 0 72 61 21 63 41 42 40 55 22 48 23 17 
solution is:546.931981.       temperature is:2.855451
Thu Dec 12 18:54:18 2013
times: 12
cpTO1[0]=2214.009210 
j=0
cpTO2[0]=2214.009210 
cpSO[0]=
65 3 32 4 7 0 69 35 60 47 45 24 48 17 57 52 49 55 42 33 62 39 12 44 56 46 58 71 5 22 15 67 31 53 10 18 50 43 13 59 19 70 28 38 14 74 40 23 11 20 9 41 21 27 64 30 34 61 29 54 2 73 68 75 8 66 16 72 6 63 1 51 25 37 26 36 
cpTO1[1]=2208.483085 
j=1
cpTO2[1]=2208.483085 
cpSO[1]=
51 3 6 15 55 29 43 22 54 2 73 60 36 59 63 34 56 39 38 12 44 31 64 13 14 72 23 70 19 46 75 74 68 41 10 66 42 20 1 33 45 32 28 37 17 40 69 21 5 50 25 16 58 52 67 35 61 4 7 11 57 26 27 8 65 24 48 49 71 62 47 18 9 53 30 0 
cpTO1[2]=2342.670635 
j=2
cpTO2[2]=2332.768476 
cpSO[2]=
51 61 43 54 45 3 75 53 25 50 74 26 6 24 58 64 68 15 20 47 8 28 65 2 11 18 17 23 32 22 13 60 21 63 62 7 10 71 19 34 16 29 70 36 69 1 59 4 0 72 30 48 73 5 9 12 27 46 40 35 42 38 57 14 49 52 67 31 37 33 56 55 66 44 39 41 
cpTO1[3]=2299.484242 
j=3
cpTO2[3]=2263.421278 
cpSO[3]=
26 30 49 21 74 18 38 29 71 47 6 22 10 52 44 32 12 11 50 62 42 73 19 63 7 75 0 20 70 15 16 24 17 48 45 1 61 36 14 56 64 41 68 27 5 59 69 40 3 37 65 43 25 72 55 51 35 58 34 28 46 39 2 60 33 4 54 23 53 67 9 31 66 57 8 13 
cpTO1[4]=2118.464076 
j=4
cpTO2[4]=2117.246758 
cpSO[4]=
16 51 4 66 33 2 34 65 58 46 67 59 70 43 62 49 26 36 39 54 75 7 22 48 69 11 57 25 38 40 27 1 32 12 18 10 37 50 0 56 45 6 14 73 55 41 60 42 64 53 13 19 44 23 30 15 47 72 74 52 21 24 71 9 29 68 20 8 61 63 17 31 5 28 35 3 
cpTO1[5]=2311.936003 
j=5
cpTO2[5]=2311.936003 
cpSO[5]=
18 12 23 5 24 57 29 73 62 45 47 3 53 40 10 49 7 56 74 66 55 61 69 44 38 46 2 15 64 31 36 19 37 25 35 21 43 22 70 59 17 27 63 39 75 42 60 48 0 20 28 51 54 68 14 65 9 41 67 26 4 16 33 34 58 11 50 6 72 71 8 30 32 1 52 13 
cpTO1[6]=2239.048414 
j=6
cpTO2[6]=2239.048414 
cpSO[6]=
61 57 38 15 58 18 65 34 56 23 7 14 40 68 47 72 69 36 33 19 52 10 17 2 6 27 9 63 37 24 39 29 43 32 45 16 59 28 25 46 55 50 70 41 49 71 3 26 64 1 5 13 12 53 73 60 62 75 11 74 67 4 35 31 48 22 8 54 51 66 21 20 44 30 42 0 
cpTO1[7]=546.931981 
j=7
cpTO2[7]=546.931981 
cpSO[7]=
46 35 68 70 59 69 19 36 4 14 56 12 53 18 34 6 52 13 58 65 10 64 37 9 30 54 24 49 17 23 48 22 55 42 40 41 63 21 61 72 0 32 62 15 2 43 31 8 38 71 57 11 39 16 50 5 67 3 74 75 25 66 33 45 7 51 26 44 28 47 29 1 73 27 60 20 
cpTO1[8]=2046.079238 
j=8
cpTO2[8]=2038.475221 
cpSO[8]=
27 47 24 2 4 26 21 0 42 36 69 53 55 15 9 63 74 73 61 43 38 14 19 16 37 10 49 45 3 17 30 64 65 7 25 54 6 51 32 28 33 39 40 29 18 58 12 59 46 72 41 23 56 52 11 8 75 44 67 20 60 70 68 57 31 50 13 34 62 1 5 71 48 66 35 22 
cpTO1[9]=2277.556226 
j=9
cpTO2[9]=2277.556226 
cpSO[9]=
48 21 23 43 50 27 46 58 44 28 47 6 10 26 5 38 61 53 14 20 18 42 7 56 66 24 37 57 65 13 52 60 72 25 69 51 63 70 9 31 33 0 40 11 29 49 2 74 54 59 34 75 8 4 45 64 16 39 12 3 36 1 73 35 71 22 30 62 68 19 32 55 41 17 67 15 
ini=
 best=546.931981 position=7
46 35 68 70 59 69 19 36 4 14 56 12 53 18 34 6 52 13 58 65 10 64 37 9 30 54 24 49 17 23 48 22 55 42 40 41 63 21 61 72 0 32 62 15 2 43 31 8 38 71 57 11 39 16 50 5 67 3 74 75 25 66 33 45 7 51 26 44 28 47 29 1 73 27 60 20 
solution is:547.707017.       temperature is:1.162747
Thu Dec 12 18:54:18 2013
times: 13
cpTO1[0]=2214.009210 
j=0
cpTO2[0]=2195.626841 
cpSO[0]=
65 3 32 4 7 0 69 35 60 47 45 24 11 23 40 74 14 38 28 70 19 59 13 43 50 10 18 53 31 67 15 22 5 71 58 46 56 44 12 39 62 33 42 55 49 52 57 17 48 20 9 41 21 27 64 30 34 61 29 54 2 73 68 75 8 66 16 72 6 63 1 51 25 37 26 36 
cpTO1[1]=2208.483085 
j=1
cpTO2[1]=2207.522054 
cpSO[1]=
51 3 6 15 55 29 43 22 54 2 73 60 36 59 63 34 56 39 38 12 44 31 64 13 14 72 23 70 19 46 75 74 68 41 10 66 42 20 1 33 45 32 28 37 17 40 69 21 5 50 25 16 30 53 9 18 47 62 71 49 48 24 65 8 27 26 57 11 7 4 61 35 67 52 58 0 
cpTO1[2]=2332.768476 
j=2
cpTO2[2]=2321.453140 
cpSO[2]=
51 61 43 54 45 3 75 53 25 50 74 26 6 24 58 64 68 15 20 47 8 28 65 2 11 18 17 23 32 22 13 60 21 63 62 7 10 71 34 19 16 29 70 36 69 1 59 4 0 72 30 48 73 5 9 12 27 46 40 35 42 38 57 14 49 52 67 31 37 33 56 55 66 44 39 41 
cpTO1[3]=2263.421278 
j=3
cpTO2[3]=2263.421278 
cpSO[3]=
26 30 49 21 74 18 38 29 71 47 6 22 10 52 44 32 12 11 50 62 42 73 19 63 7 75 0 20 70 15 16 24 17 48 45 1 61 36 14 56 64 41 68 27 5 59 69 40 3 37 65 43 25 72 55 51 35 58 34 28 46 39 2 60 33 4 54 23 53 67 9 31 66 57 8 13 
cpTO1[4]=2117.246758 
j=4
cpTO2[4]=2106.956883 
cpSO[4]=
16 51 4 66 33 2 34 65 58 46 67 59 70 43 62 49 26 36 39 54 75 7 22 48 69 11 25 57 38 40 27 1 32 12 18 10 37 50 0 56 45 6 14 73 55 41 60 42 64 53 13 19 44 23 30 15 47 72 74 52 21 24 71 9 29 68 20 8 61 63 17 31 5 28 35 3 
cpTO1[5]=2311.936003 
j=5
cpTO2[5]=2275.659951 
cpSO[5]=
18 12 23 5 24 57 29 73 62 45 47 3 53 40 10 49 7 56 74 66 55 61 69 44 38 46 35 15 64 6 50 11 58 34 33 16 4 26 67 41 9 65 14 68 54 51 28 20 48 0 60 42 75 39 63 27 17 59 70 22 43 21 2 25 37 19 36 31 72 71 8 30 32 1 52 13 
cpTO1[6]=2239.048414 
j=6
cpTO2[6]=2194.614887 
cpSO[6]=
61 57 38 15 58 18 65 34 56 23 7 14 40 68 47 72 69 36 33 19 52 10 17 2 6 27 9 16 45 32 43 29 39 24 37 63 59 28 25 46 55 50 70 41 49 71 3 26 64 1 5 13 12 53 73 60 62 75 11 74 67 4 35 31 48 22 8 54 51 66 21 20 44 30 42 0 
cpTO1[7]=547.707017 
j=7
cpTO2[7]=547.707017 
cpSO[7]=
9 57 71 38 8 30 54 24 49 17 23 48 22 55 40 42 41 63 21 61 72 0 32 62 15 2 43 31 39 11 16 50 5 67 3 74 75 25 66 33 45 51 26 44 28 4 47 29 1 73 27 60 20 46 35 68 70 59 69 19 36 14 56 12 53 18 7 34 6 52 13 58 10 65 64 37 
cpTO1[8]=2038.475221 
j=8
cpTO2[8]=2038.271661 
cpSO[8]=
27 47 24 2 4 26 21 0 42 36 69 53 55 15 9 63 74 73 61 43 38 14 19 16 37 10 49 45 3 17 30 64 65 7 25 54 6 51 32 28 66 39 40 29 18 58 12 59 46 72 41 23 56 52 11 8 75 44 67 20 60 70 68 57 31 50 13 34 62 1 5 71 48 33 35 22 
cpTO1[9]=2277.556226 
j=9
cpTO2[9]=2277.556226 
cpSO[9]=
48 21 23 43 50 27 46 58 44 28 47 6 10 26 5 38 61 53 14 20 18 42 7 56 66 24 37 57 65 13 52 60 72 25 69 51 63 70 9 31 33 0 40 11 29 49 2 74 54 59 34 75 8 4 45 64 16 39 12 3 36 1 73 35 71 22 30 62 68 19 32 55 41 17 67 15 
ini=
 best=547.707017 position=7
9 57 71 38 8 30 54 24 49 17 23 48 22 55 40 42 41 63 21 61 72 0 32 62 15 2 43 31 39 11 16 50 5 67 3 74 75 25 66 33 45 51 26 44 28 4 47 29 1 73 27 60 20 46 35 68 70 59 69 19 36 14 56 12 53 18 7 34 6 52 13 58 10 65 64 37 
solution is:547.206158.       temperature is:4.611965
Thu Dec 12 18:54:19 2013
times: 14
cpTO1[0]=2195.626841 
j=0
cpTO2[0]=2195.626841 
cpSO[0]=
65 3 32 4 7 0 69 35 60 47 45 24 11 23 40 74 14 38 28 70 19 59 13 43 50 10 18 53 31 67 15 22 5 71 58 46 56 44 12 39 62 33 42 55 49 52 57 17 48 20 9 41 21 27 64 30 34 61 29 54 2 73 68 75 8 66 16 72 6 63 1 51 25 37 26 36 
cpTO1[1]=2207.522054 
j=1
cpTO2[1]=2207.522054 
cpSO[1]=
51 3 6 15 55 29 43 22 54 2 73 60 36 59 63 34 56 39 38 12 44 31 64 13 14 72 23 70 19 46 75 74 68 41 10 66 42 20 1 33 45 32 28 37 17 40 69 21 5 50 25 16 30 53 9 18 47 62 71 49 48 24 65 8 27 26 57 11 7 4 61 35 67 52 58 0 
cpTO1[2]=2321.453140 
j=2
cpTO2[2]=2309.973495 
cpSO[2]=
51 61 43 54 45 3 75 53 25 19 34 71 10 7 62 63 21 60 13 22 32 23 17 18 11 2 65 28 8 47 20 15 68 64 58 24 6 26 74 50 16 29 70 36 69 1 59 4 0 72 30 48 73 5 9 12 27 46 40 35 42 38 57 14 49 52 67 31 37 33 56 55 66 44 39 41 
cpTO1[3]=2263.421278 
j=3
cpTO2[3]=2238.591477 
cpSO[3]=
26 30 49 21 74 18 66 31 9 67 53 23 54 4 33 60 2 39 46 28 34 58 35 51 55 72 25 43 65 37 3 40 69 59 5 27 68 41 64 56 14 36 61 1 45 48 17 24 16 15 70 20 0 75 7 63 19 73 42 62 50 11 12 32 44 52 10 22 6 47 71 29 38 57 8 13 
cpTO1[4]=2106.956883 
j=4
cpTO2[4]=2106.956883 
cpSO[4]=
16 51 4 66 33 2 34 65 58 46 67 59 70 43 62 49 26 36 39 54 75 7 22 48 69 11 25 57 38 40 27 1 32 12 18 10 37 50 0 56 45 6 14 73 55 41 60 42 64 53 13 19 44 23 30 15 47 72 74 52 21 24 71 9 29 68 20 8 61 63 17 31 5 28 35 3 
cpTO1[5]=2275.659951 
j=5
cpTO2[5]=2268.438470 
cpSO[5]=
18 12 23 5 24 57 29 73 62 45 47 3 53 40 10 49 7 56 74 66 55 61 69 44 38 46 35 15 64 6 50 11 58 34 33 16 4 26 67 41 9 25 2 21 43 22 70 59 17 27 63 39 75 42 60 0 48 20 28 51 54 68 14 65 37 19 36 31 72 71 8 30 32 1 52 13 
cpTO1[6]=2194.614887 
j=6
cpTO2[6]=2147.107188 
cpSO[6]=
61 57 38 15 58 18 65 34 56 23 7 14 40 68 47 72 69 36 19 33 52 10 17 2 6 27 9 16 45 32 43 29 39 24 37 63 59 28 25 46 55 50 70 41 49 71 3 26 64 1 5 13 12 53 73 60 62 75 11 74 67 4 35 31 48 22 8 54 51 66 21 20 44 30 42 0 
cpTO1[7]=547.206158 
j=7
cpTO2[7]=547.206158 
cpSO[7]=
12 56 14 4 36 19 69 59 70 68 35 46 20 60 27 73 1 29 47 28 44 26 51 45 33 3 66 25 75 74 67 5 50 16 11 39 31 43 2 15 62 32 0 72 61 21 63 41 42 40 55 22 48 23 17 49 24 54 30 8 38 71 57 9 37 64 65 10 58 13 52 34 6 7 18 53 
cpTO1[8]=2038.271661 
j=8
cpTO2[8]=2037.827839 
cpSO[8]=
27 47 24 2 4 26 21 0 42 36 69 53 55 15 9 63 74 73 61 43 38 14 19 16 37 10 49 45 3 17 30 64 65 29 40 39 66 28 32 51 6 54 25 7 18 58 12 59 46 72 41 23 56 52 11 8 75 44 67 20 60 70 68 57 31 50 13 34 62 1 5 71 48 33 35 22 
cpTO1[9]=2277.556226 
j=9
cpTO2[9]=2237.234313 
cpSO[9]=
48 21 23 43 50 42 46 58 44 28 47 6 10 26 5 38 61 53 14 20 18 27 7 56 4 8 75 34 59 54 74 2 49 29 11 40 0 33 9 31 70 63 51 69 25 72 60 52 13 65 57 37 24 66 45 64 16 39 12 3 36 1 73 35 71 22 30 62 68 19 32 55 41 17 67 15 
ini=
 best=547.206158 position=7
12 56 14 4 36 19 69 59 70 68 35 46 20 60 27 73 1 29 47 28 44 26 51 45 33 3 66 25 75 74 67 5 50 16 11 39 31 43 2 15 62 32 0 72 61 21 63 41 42 40 55 22 48 23 17 49 24 54 30 8 38 71 57 9 37 64 65 10 58 13 52 34 6 7 18 53 
solution is:546.636944.       temperature is:2.027113
Thu Dec 12 18:54:19 2013
times: 15
cpTO1[0]=2195.626841 
j=0
cpTO2[0]=2191.901408 
cpSO[0]=
65 3 32 4 7 0 69 35 60 47 45 24 11 23 40 74 14 38 28 70 19 59 13 43 50 10 18 53 31 67 15 22 5 71 58 46 56 44 12 39 62 6 42 55 49 52 57 17 48 20 9 41 21 27 64 30 34 61 29 54 2 73 68 75 8 66 16 72 33 63 1 51 25 37 26 36 
cpTO1[1]=2207.522054 
j=1
cpTO2[1]=2185.393410 
cpSO[1]=
51 3 6 15 55 27 43 22 54 2 73 60 36 59 63 34 56 39 38 12 44 31 64 13 14 72 23 70 19 46 75 74 68 41 10 66 42 20 1 33 45 32 28 37 17 40 69 21 5 50 25 16 30 53 9 18 47 62 71 49 48 24 65 8 29 26 57 11 7 4 61 35 67 52 58 0 
cpTO1[2]=2309.973495 
j=2
cpTO2[2]=2309.973495 
cpSO[2]=
51 61 43 54 45 3 75 53 25 19 34 71 10 7 62 63 21 60 13 22 32 23 17 18 11 2 65 28 8 47 20 15 68 64 58 24 6 26 74 50 16 29 70 36 69 1 59 4 0 72 30 48 73 5 9 12 27 46 40 35 42 38 57 14 49 52 67 31 37 33 56 55 66 44 39 41 
cpTO1[3]=2238.591477 
j=3
cpTO2[3]=2231.190365 
cpSO[3]=
26 30 49 21 74 18 66 31 9 67 53 23 54 4 33 60 2 50 46 28 34 58 35 51 55 72 25 43 65 37 3 40 69 59 5 27 68 41 64 56 14 36 61 1 45 48 17 24 16 15 70 20 0 75 7 63 19 73 42 62 39 11 12 32 44 52 10 22 6 47 71 29 38 57 8 13 
cpTO1[4]=2106.956883 
j=4
cpTO2[4]=2099.854421 
cpSO[4]=
16 51 4 66 33 2 34 65 58 46 67 59 70 43 62 49 26 36 39 54 38 7 22 48 69 11 25 57 75 40 27 1 32 12 18 10 37 50 0 56 45 6 14 73 55 41 60 42 64 53 13 19 44 23 30 15 47 72 74 52 21 24 71 9 29 68 20 8 61 63 17 31 5 28 35 3 
cpTO1[5]=2268.438470 
j=5
cpTO2[5]=2268.438470 
cpSO[5]=
18 12 23 5 24 57 29 73 62 45 47 3 53 40 10 49 7 56 74 66 55 61 69 44 38 46 35 15 64 6 50 11 58 34 33 16 4 26 67 41 9 25 2 21 43 22 70 59 17 27 63 39 75 42 60 0 48 20 28 51 54 68 14 65 37 19 36 31 72 71 8 30 32 1 52 13 
cpTO1[6]=2147.107188 
j=6
cpTO2[6]=2147.107188 
cpSO[6]=
61 57 38 15 58 18 65 34 56 23 7 14 40 68 47 72 69 36 19 33 52 10 17 2 6 27 9 16 45 32 43 29 39 24 37 63 59 28 25 46 55 50 70 41 49 71 3 26 64 1 5 13 12 53 73 60 62 75 11 74 67 4 35 31 48 22 8 54 51 66 21 20 44 30 42 0 
cpTO1[7]=546.636944 
j=7
cpTO2[7]=546.636944 
cpSO[7]=
29 1 73 27 60 20 46 35 68 70 59 69 19 36 14 56 12 53 18 7 34 6 52 13 58 10 65 64 37 9 30 54 24 49 17 23 48 22 55 42 40 41 63 21 61 72 0 32 62 15 2 43 31 8 38 71 57 11 39 16 50 5 67 3 74 75 25 66 33 45 51 26 44 28 4 47 
cpTO1[8]=2037.827839 
j=8
cpTO2[8]=2020.307238 
cpSO[8]=
27 47 24 2 4 26 21 0 42 36 69 53 55 15 9 63 74 73 61 34 13 50 31 57 68 70 60 20 67 44 75 8 11 52 56 23 41 72 46 59 12 58 18 7 25 54 6 51 32 28 66 39 40 35 65 64 30 17 3 45 49 10 37 16 19 14 38 43 62 1 5 71 48 33 29 22 
cpTO1[9]=2237.234313 
j=9
cpTO2[9]=2208.512373 
cpSO[9]=
48 11 29 49 2 74 54 59 34 75 8 4 56 7 27 18 20 14 53 61 38 5 26 10 6 47 28 44 58 46 42 50 43 23 21 40 0 33 9 31 70 63 51 69 25 72 60 52 13 65 57 37 24 66 45 64 16 39 12 3 36 1 73 35 71 22 30 62 68 19 32 55 41 17 67 15 
ini=
 best=546.636944 position=7
29 1 73 27 60 20 46 35 68 70 59 69 19 36 14 56 12 53 18 7 34 6 52 13 58 10 65 64 37 9 30 54 24 49 17 23 48 22 55 42 40 41 63 21 61 72 0 32 62 15 2 43 31 8 38 71 57 11 39 16 50 5 67 3 74 75 25 66 33 45 51 26 44 28 4 47 
solution is:547.650524.       temperature is:19.840531
Thu Dec 12 18:54:20 2013
times: 16
cpTO1[0]=2191.901408 
j=0
cpTO2[0]=2163.395389 
cpSO[0]=
65 3 32 4 7 0 69 35 60 47 45 24 11 53 18 10 50 43 13 59 19 70 28 38 14 74 40 23 31 67 15 22 5 71 58 46 56 44 12 39 62 6 42 55 49 52 57 17 48 20 9 41 21 27 64 30 34 61 29 54 2 73 68 75 8 16 66 72 33 63 1 51 25 37 26 36 
cpTO1[1]=2185.393410 
j=1
cpTO2[1]=2158.867936 
cpSO[1]=
51 3 6 15 55 27 43 22 54 2 73 60 36 59 63 44 56 39 38 12 34 31 64 13 14 72 23 70 19 46 75 74 68 41 10 66 42 20 1 33 45 32 28 37 17 40 69 21 5 50 25 16 30 53 9 18 47 62 71 49 48 24 65 8 29 26 57 11 7 4 61 35 67 52 58 0 
cpTO1[2]=2309.973495 
j=2
cpTO2[2]=2301.212790 
cpSO[2]=
51 61 43 54 45 3 75 53 25 19 34 71 10 7 62 63 21 60 13 22 32 23 17 18 11 2 65 28 8 47 20 15 68 64 58 24 6 26 74 50 16 29 70 36 69 1 59 4 0 72 30 48 73 5 9 12 27 46 40 35 42 38 57 14 49 52 67 31 37 33 56 55 66 44 41 39 
cpTO1[3]=2231.190365 
j=3
cpTO2[3]=2227.266073 
cpSO[3]=
26 30 49 21 74 18 66 31 9 2 60 33 4 54 23 53 67 50 46 28 34 58 35 51 55 72 25 43 65 37 3 40 69 59 5 27 68 41 64 56 14 36 61 1 45 48 17 24 16 15 70 20 0 75 7 63 19 73 42 62 39 11 12 32 44 52 10 22 6 47 71 29 38 57 8 13 
cpTO1[4]=2099.854421 
j=4
cpTO2[4]=2067.211417 
cpSO[4]=
16 51 4 66 33 2 34 65 58 67 46 59 70 43 62 49 26 36 39 54 38 7 22 48 69 11 25 57 75 40 27 1 32 12 18 10 37 50 0 56 45 6 14 73 55 41 60 42 64 53 13 19 44 31 17 63 61 8 20 68 29 9 71 24 21 52 74 72 47 15 30 23 5 28 35 3 
cpTO1[5]=2268.438470 
j=5
cpTO2[5]=2220.505340 
cpSO[5]=
18 12 23 5 24 57 29 73 62 45 47 3 53 40 10 49 7 56 74 66 55 61 69 44 38 46 35 15 64 6 50 11 58 34 33 16 4 26 67 41 9 25 2 21 43 22 37 65 14 68 54 51 28 20 48 0 60 42 75 39 63 27 17 59 70 19 36 31 72 8 71 30 32 1 52 13 
cpTO1[6]=2147.107188 
j=6
cpTO2[6]=2135.673278 
cpSO[6]=
61 57 38 15 58 18 65 34 56 23 7 14 40 68 47 72 69 36 19 33 52 10 17 2 6 27 9 16 45 43 32 29 39 24 37 63 59 28 25 46 55 50 70 41 49 71 3 26 64 1 5 13 12 53 73 60 62 75 11 74 67 4 35 31 48 22 8 54 51 66 21 20 44 30 42 0 
cpTO1[7]=547.650524 
j=7
cpTO2[7]=547.650524 
cpSO[7]=
27 73 1 29 47 28 44 26 51 7 45 33 66 25 75 3 74 67 5 50 16 39 11 57 71 38 8 31 43 2 15 62 32 72 0 61 21 63 41 42 40 55 22 48 23 17 49 24 54 30 9 37 64 65 10 58 13 52 6 34 18 53 12 56 14 4 36 19 69 59 70 68 35 46 20 60 
cpTO1[8]=2020.307238 
j=8
cpTO2[8]=2020.307238 
cpSO[8]=
27 47 24 2 4 26 21 0 42 36 69 53 55 15 9 63 74 73 61 34 13 50 31 57 68 70 60 20 67 44 75 8 11 52 56 23 41 72 46 59 12 58 18 7 25 54 6 51 32 28 66 39 40 35 65 64 30 17 3 45 49 10 37 16 19 14 38 43 62 1 5 71 48 33 29 22 
cpTO1[9]=2208.512373 
j=9
cpTO2[9]=2208.512373 
cpSO[9]=
48 11 29 49 2 74 54 59 34 75 8 4 56 7 27 18 20 14 53 61 38 5 26 10 6 47 28 44 58 46 42 50 43 23 21 40 0 33 9 31 70 63 51 69 25 72 60 52 13 65 57 37 24 66 45 64 16 39 12 3 36 1 73 35 71 22 30 62 68 19 32 55 41 17 67 15 
ini=
 best=547.650524 position=7
27 73 1 29 47 28 44 26 51 7 45 33 66 25 75 3 74 67 5 50 16 39 11 57 71 38 8 31 43 2 15 62 32 72 0 61 21 63 41 42 40 55 22 48 23 17 49 24 54 30 9 37 64 65 10 58 13 52 6 34 18 53 12 56 14 4 36 19 69 59 70 68 35 46 20 60 
solution is:544.837795.       temperature is:3.040230
Thu Dec 12 18:54:20 2013
times: 17
cpTO1[0]=2163.395389 
j=0
cpTO2[0]=2147.275357 
cpSO[0]=
65 3 32 4 7 0 69 35 60 47 45 24 11 53 18 10 50 43 13 59 19 70 28 38 14 74 40 23 31 67 15 22 5 71 58 46 56 44 12 39 62 6 42 55 49 52 57 17 54 20 9 41 21 27 64 30 34 61 29 48 2 73 68 75 8 16 66 72 33 63 1 51 25 37 26 36 
cpTO1[1]=2158.867936 
j=1
cpTO2[1]=2158.394782 
cpSO[1]=
51 3 6 15 55 27 43 22 54 2 73 60 59 36 63 44 56 39 38 12 34 31 64 13 14 72 23 70 19 46 75 74 68 41 10 66 42 20 1 33 45 32 28 37 17 40 69 21 5 50 25 16 30 53 9 18 47 62 71 49 48 24 65 8 29 26 57 11 7 4 61 35 67 52 58 0 
cpTO1[2]=2301.212790 
j=2
cpTO2[2]=2268.843414 
cpSO[2]=
51 61 43 54 45 3 75 53 7 19 34 71 10 25 62 63 21 60 13 22 32 23 17 18 11 2 65 28 8 47 20 15 68 64 58 24 6 26 74 50 16 29 70 36 69 1 59 4 0 72 30 48 73 5 9 12 27 46 40 35 42 38 57 14 49 52 67 31 37 33 56 66 55 44 41 39 
cpTO1[3]=2227.266073 
j=3
cpTO2[3]=2216.621726 
cpSO[3]=
26 30 49 21 74 18 66 31 9 2 60 33 4 54 23 53 67 50 46 28 34 58 35 51 55 72 25 43 65 37 3 40 69 59 5 27 68 41 64 56 14 36 61 1 45 48 17 24 16 15 70 20 0 75 7 63 19 73 42 62 39 11 12 44 32 52 10 22 6 47 71 29 38 57 8 13 
cpTO1[4]=2067.211417 
j=4
cpTO2[4]=2035.173685 
cpSO[4]=
16 51 4 66 33 2 34 65 58 67 46 59 70 5 62 49 69 48 22 7 38 54 39 36 26 25 11 57 75 40 27 1 32 12 18 10 37 50 0 56 45 6 14 73 55 41 60 42 64 53 13 19 44 31 17 63 61 8 20 68 29 9 71 24 21 52 74 72 47 15 30 23 43 28 35 3 
cpTO1[5]=2220.505340 
j=5
cpTO2[5]=2220.505340 
cpSO[5]=
18 12 23 5 24 57 29 73 62 45 47 3 53 40 10 49 7 56 74 66 55 61 69 44 38 46 35 15 64 6 50 11 58 34 33 16 4 26 67 41 9 25 2 21 43 22 37 65 14 68 54 51 28 20 48 0 60 42 75 39 63 27 17 59 70 19 36 31 72 8 71 30 32 1 52 13 
cpTO1[6]=2135.673278 
j=6
cpTO2[6]=2135.673278 
cpSO[6]=
61 57 38 15 58 18 65 34 56 23 7 14 40 68 47 72 69 36 19 33 52 10 17 2 6 27 9 16 45 43 32 29 39 24 37 63 59 28 25 46 55 50 70 41 49 71 3 26 64 1 5 13 12 53 73 60 62 75 11 74 67 4 35 31 48 22 8 54 51 66 21 20 44 30 42 0 
cpTO1[7]=544.837795 
j=7
cpTO2[7]=544.837795 
cpSO[7]=
16 39 11 57 71 38 8 31 43 2 15 62 32 0 72 61 21 63 41 42 40 55 22 48 23 17 49 24 54 30 9 37 64 65 10 58 13 52 34 6 7 18 53 12 56 14 4 36 19 69 59 70 68 35 46 20 60 27 73 1 29 47 28 44 26 51 45 33 66 25 75 74 3 67 5 50 
cpTO1[8]=2020.307238 
j=8
cpTO2[8]=2020.307238 
cpSO[8]=
27 47 24 2 4 26 21 0 42 36 69 53 55 15 9 63 74 73 61 34 13 50 31 57 68 70 60 20 67 44 75 8 11 52 56 23 41 72 46 59 12 58 18 7 25 54 6 51 32 28 66 39 40 35 65 64 30 17 3 45 49 10 37 16 19 14 38 43 62 1 5 71 48 33 29 22 
cpTO1[9]=2208.512373 
j=9
cpTO2[9]=2189.484133 
cpSO[9]=
48 11 29 49 2 74 54 59 34 75 8 4 56 7 27 18 20 14 53 61 38 5 26 10 6 47 28 44 58 46 42 50 43 23 21 40 0 33 9 31 70 63 51 69 25 72 60 52 13 65 57 37 24 66 45 64 16 39 3 12 36 1 73 35 71 22 30 62 68 19 32 55 41 17 67 15 
ini=
 best=544.837795 position=7
16 39 11 57 71 38 8 31 43 2 15 62 32 0 72 61 21 63 41 42 40 55 22 48 23 17 49 24 54 30 9 37 64 65 10 58 13 52 34 6 7 18 53 12 56 14 4 36 19 69 59 70 68 35 46 20 60 27 73 1 29 47 28 44 26 51 45 33 66 25 75 74 3 67 5 50 
solution is:549.858618.       temperature is:20.820317
Thu Dec 12 18:54:21 2013
times: 18
cpTO1[0]=2147.275357 
j=0
cpTO2[0]=2076.646923 
cpSO[0]=
65 3 32 0 1 4 69 35 60 47 45 24 11 53 18 10 50 43 13 59 19 70 28 38 14 74 40 23 31 67 15 22 5 71 58 46 56 44 12 39 62 6 42 55 49 52 57 17 54 20 9 41 21 27 64 30 34 61 29 48 2 73 68 75 8 16 66 72 33 63 7 51 25 37 26 36 
cpTO1[1]=2158.394782 
j=1
cpTO2[1]=2154.865402 
cpSO[1]=
51 3 6 15 55 27 43 22 54 2 73 60 59 36 63 44 56 39 38 12 34 31 64 13 14 72 23 4 7 11 57 26 29 8 65 24 48 49 71 62 47 18 9 53 30 16 25 50 5 21 69 40 17 37 28 32 45 33 1 20 42 66 10 41 68 74 75 46 19 70 61 35 67 52 58 0 
cpTO1[2]=2268.843414 
j=2
cpTO2[2]=2268.843414 
cpSO[2]=
51 61 43 54 45 3 75 53 7 19 34 71 10 25 62 63 21 60 13 22 32 23 17 18 11 2 65 28 8 47 20 15 68 64 58 24 6 26 74 50 16 29 70 36 69 1 59 4 0 72 30 48 73 5 9 12 27 46 40 35 42 38 57 14 49 52 67 31 37 33 56 66 55 44 41 39 
cpTO1[3]=2216.621726 
j=3
cpTO2[3]=2216.621726 
cpSO[3]=
26 30 49 21 74 18 66 31 9 2 60 33 4 54 23 53 67 50 46 28 34 58 35 51 55 72 25 43 65 37 3 40 69 59 5 27 68 41 64 56 14 36 61 1 45 48 17 24 16 15 70 20 0 75 7 63 19 73 42 62 39 11 12 44 32 52 10 22 6 47 71 29 38 57 8 13 
cpTO1[4]=2035.173685 
j=4
cpTO2[4]=2028.972210 
cpSO[4]=
16 51 4 66 33 2 34 65 58 67 46 59 70 5 62 49 69 48 22 7 38 54 39 15 26 25 11 57 75 40 27 1 32 12 18 10 37 50 0 56 45 6 14 73 55 41 60 42 64 53 13 19 44 31 17 63 61 8 20 68 29 9 71 24 21 52 74 72 47 36 30 23 43 28 35 3 
cpTO1[5]=2220.505340 
j=5
cpTO2[5]=2169.507110 
cpSO[5]=
18 12 23 5 24 57 29 73 62 45 47 3 53 40 49 10 7 56 74 66 55 61 69 44 38 46 35 15 64 6 43 11 58 34 33 16 4 26 67 41 9 25 2 21 50 22 37 65 14 68 54 51 28 20 48 0 60 42 75 39 63 27 17 59 70 19 36 31 72 8 71 30 32 1 52 13 
cpTO1[6]=2135.673278 
j=6
cpTO2[6]=2122.858124 
cpSO[6]=
61 57 38 15 58 18 65 34 56 23 7 14 40 68 47 72 69 36 19 33 52 10 17 2 6 27 9 16 45 43 32 29 39 24 37 63 59 28 25 46 55 50 70 41 49 71 3 26 64 1 5 13 53 12 73 60 62 75 11 74 67 4 35 31 48 22 8 54 51 66 21 20 44 30 42 0 
cpTO1[7]=549.858618 
j=7
cpTO2[7]=549.858618 
cpSO[7]=
35 46 20 60 27 73 47 28 44 26 51 45 33 66 25 75 74 3 29 1 67 5 50 16 39 11 57 71 38 8 31 43 2 15 62 32 72 61 0 21 63 41 40 42 55 22 48 23 17 49 24 54 30 9 37 64 65 10 58 13 52 6 34 7 18 53 12 56 14 4 36 19 69 59 70 68 
cpTO1[8]=2020.307238 
j=8
cpTO2[8]=2007.177011 
cpSO[8]=
27 47 24 2 4 26 44 67 20 60 70 68 57 31 50 13 34 61 73 74 63 9 15 55 53 69 36 42 0 21 75 8 11 52 56 23 41 72 46 59 12 58 18 7 25 54 6 51 32 28 66 39 40 35 65 64 30 17 3 45 49 10 37 16 19 14 38 43 62 1 5 71 48 33 29 22 
cpTO1[9]=2189.484133 
j=9
cpTO2[9]=2176.407547 
cpSO[9]=
48 11 29 49 2 74 54 59 34 75 8 4 56 7 27 18 20 14 53 61 38 5 26 10 6 47 28 44 58 46 42 50 43 23 21 40 0 33 9 31 70 63 51 69 25 72 60 52 13 65 57 37 24 66 45 64 16 39 3 12 36 1 73 35 71 22 30 62 68 19 32 41 55 17 67 15 
ini=
 best=549.858618 position=7
35 46 20 60 27 73 47 28 44 26 51 45 33 66 25 75 74 3 29 1 67 5 50 16 39 11 57 71 38 8 31 43 2 15 62 32 72 61 0 21 63 41 40 42 55 22 48 23 17 49 24 54 30 9 37 64 65 10 58 13 52 6 34 7 18 53 12 56 14 4 36 19 69 59 70 68 
solution is:549.858618.       temperature is:799.840008
Thu Dec 12 18:54:21 2013
times: 19
cpTO1[0]=2076.646923 
j=0
cpTO2[0]=2076.646923 
cpSO[0]=
65 3 32 0 1 4 69 35 60 47 45 24 11 53 18 10 50 43 13 59 19 70 28 38 14 74 40 23 31 67 15 22 5 71 58 46 56 44 12 39 62 6 42 55 49 52 57 17 54 20 9 41 21 27 64 30 34 61 29 48 2 73 68 75 8 16 66 72 33 63 7 51 25 37 26 36 
cpTO1[1]=2154.865402 
j=1
cpTO2[1]=2154.865402 
cpSO[1]=
51 3 6 15 55 27 43 22 54 2 73 60 59 36 63 44 56 39 38 12 34 31 64 13 14 72 23 4 7 11 57 26 29 8 65 24 48 49 71 62 47 18 9 53 30 16 25 50 5 21 69 40 17 37 28 32 45 33 1 20 42 66 10 41 68 74 75 46 19 70 61 35 67 52 58 0 
cpTO1[2]=2268.843414 
j=2
cpTO2[2]=2236.101213 
cpSO[2]=
51 61 43 54 45 3 75 53 7 19 34 71 10 25 62 63 21 60 13 22 32 23 17 18 11 2 65 28 8 47 20 15 68 31 67 52 49 14 57 38 42 35 40 46 27 12 9 5 73 48 30 72 0 4 59 1 69 36 70 29 16 50 74 26 6 24 58 64 37 33 56 66 55 44 41 39 
cpTO1[3]=2216.621726 
j=3
cpTO2[3]=2147.371648 
cpSO[3]=
26 30 49 21 74 18 66 31 9 2 60 33 4 54 23 53 67 50 46 28 34 58 35 51 55 72 25 43 37 65 3 40 69 59 5 27 68 41 64 56 14 36 61 1 45 48 17 24 16 15 70 20 0 75 7 63 19 73 42 62 39 11 12 44 32 52 10 22 6 47 29 71 38 57 8 13 
cpTO1[4]=2028.972210 
j=4
cpTO2[4]=1914.952939 
cpSO[4]=
16 51 4 66 33 52 34 65 58 67 46 59 70 5 62 49 69 48 22 7 36 47 72 74 2 21 24 71 9 29 68 20 8 61 63 17 31 44 19 13 53 64 42 60 41 55 73 14 6 45 56 0 50 37 10 18 12 32 1 27 40 75 57 11 25 26 15 39 54 38 30 23 43 28 35 3 
cpTO1[5]=2169.507110 
j=5
cpTO2[5]=2163.859428 
cpSO[5]=
18 12 23 5 24 57 29 73 62 47 69 3 53 40 49 10 7 56 74 66 55 61 45 44 38 46 35 15 64 6 43 11 58 34 33 16 4 26 67 41 9 25 2 21 50 22 37 65 14 68 54 51 28 20 48 0 60 42 75 39 63 27 17 59 70 19 36 31 72 8 71 30 32 1 52 13 
cpTO1[6]=2122.858124 
j=6
cpTO2[6]=2122.858124 
cpSO[6]=
61 57 38 15 58 18 65 34 56 23 7 14 40 68 47 72 69 36 19 33 52 10 17 2 6 27 9 16 45 43 32 29 39 24 37 63 59 28 25 46 55 50 70 41 49 71 3 26 64 1 5 13 53 12 73 60 62 75 11 74 67 4 35 31 48 22 8 54 51 66 21 20 44 30 42 0 
cpTO1[7]=549.858618 
j=7
cpTO2[7]=549.858618 
cpSO[7]=
68 35 46 20 60 27 73 47 28 44 26 51 45 33 66 25 75 74 3 29 1 67 5 50 16 39 11 57 71 38 8 31 43 2 15 62 32 72 61 0 21 63 41 40 42 55 22 48 23 17 49 24 54 30 9 37 64 65 10 58 13 52 6 34 7 18 53 12 56 14 4 36 19 69 59 70 
cpTO1[8]=2007.177011 
j=8
cpTO2[8]=1991.633875 
cpSO[8]=
27 47 24 2 4 26 44 67 20 60 70 68 57 31 50 13 34 61 73 74 9 63 15 55 53 69 36 42 0 21 75 8 11 52 56 23 41 72 46 59 12 58 18 7 25 54 6 51 32 28 66 39 40 35 65 64 30 17 3 45 49 10 37 16 19 14 38 43 62 1 5 71 48 33 29 22 
cpTO1[9]=2176.407547 
j=9
cpTO2[9]=2176.407547 
cpSO[9]=
48 11 29 49 2 74 54 59 34 75 8 4 56 7 27 18 20 14 53 61 38 5 26 10 6 47 28 44 58 46 42 50 43 23 21 40 0 33 9 31 70 63 51 69 25 72 60 52 13 65 57 37 24 66 45 64 16 39 3 12 36 1 73 35 71 22 30 62 68 19 32 41 55 17 67 15 
ini=
 best=549.858618 position=7
68 35 46 20 60 27 73 47 28 44 26 51 45 33 66 25 75 74 3 29 1 67 5 50 16 39 11 57 71 38 8 31 43 2 15 62 32 72 61 0 21 63 41 40 42 55 22 48 23 17 49 24 54 30 9 37 64 65 10 58 13 52 6 34 7 18 53 12 56 14 4 36 19 69 59 70 
solution is:548.737897.       temperature is:3.379874
Thu Dec 12 18:54:22 2013
times: 20
cpTO1[0]=2076.646923 
j=0
cpTO2[0]=2076.017811 
cpSO[0]=
65 3 32 0 1 4 69 35 60 47 45 11 24 53 18 10 50 43 13 59 19 70 28 38 14 74 40 23 31 67 15 22 5 71 58 46 56 44 12 39 62 6 42 55 49 52 57 17 54 20 9 41 21 27 64 30 34 61 29 48 2 73 68 75 8 16 66 72 33 63 7 51 25 37 26 36 
cpTO1[1]=2154.865402 
j=1
cpTO2[1]=2097.880984 
cpSO[1]=
51 3 6 15 55 27 43 22 54 2 73 60 59 36 63 44 56 39 38 12 34 65 29 26 57 11 7 4 23 72 14 13 64 31 8 24 48 49 71 62 47 18 9 53 30 16 25 50 5 21 69 40 17 37 28 32 45 33 1 20 42 66 10 41 68 74 75 46 19 70 61 35 67 52 58 0 
cpTO1[2]=2236.101213 
j=2
cpTO2[2]=2205.429354 
cpSO[2]=
51 61 43 54 45 3 75 53 7 19 34 71 10 25 62 63 21 60 13 22 32 23 17 18 11 2 65 28 8 47 20 15 68 31 67 14 49 52 57 38 42 35 40 46 27 12 9 5 73 48 30 72 0 4 59 1 69 36 70 29 16 50 74 26 6 24 58 64 37 33 56 66 55 44 41 39 
cpTO1[3]=2147.371648 
j=3
cpTO2[3]=2144.654531 
cpSO[3]=
26 30 49 21 74 18 66 31 9 2 60 33 4 54 23 53 67 50 46 28 45 1 61 36 14 56 64 41 68 27 5 59 69 40 3 65 37 43 25 72 55 51 35 58 34 48 17 24 16 15 70 20 0 75 7 63 19 73 42 62 39 11 12 44 32 52 10 22 6 47 29 71 38 57 8 13 
cpTO1[4]=1914.952939 
j=4
cpTO2[4]=1879.359433 
cpSO[4]=
16 51 4 66 33 52 34 65 58 67 46 59 70 5 62 49 29 9 71 24 21 2 74 72 47 36 7 22 48 69 68 20 8 61 63 17 31 44 19 13 53 64 42 60 41 55 73 14 6 45 56 0 50 37 10 18 12 32 1 27 40 75 57 11 25 26 15 39 54 38 30 23 43 28 35 3 
cpTO1[5]=2163.859428 
j=5
cpTO2[5]=2133.402293 
cpSO[5]=
18 12 23 5 24 57 29 73 62 47 69 3 53 40 49 10 7 56 74 66 55 61 45 44 38 46 35 15 64 6 43 11 58 34 33 16 4 26 67 41 9 25 2 21 50 22 37 65 14 68 54 51 28 20 48 0 60 42 75 39 63 27 17 59 70 19 36 1 32 30 71 8 72 31 52 13 
cpTO1[6]=2122.858124 
j=6
cpTO2[6]=2079.401791 
cpSO[6]=
61 57 38 15 58 18 65 34 56 23 7 14 40 68 47 72 69 36 19 33 52 10 17 2 43 27 9 16 45 6 32 29 39 24 37 63 55 46 25 28 59 50 70 41 49 71 3 26 64 1 5 13 53 12 73 60 62 75 11 74 67 4 35 31 48 22 8 54 51 66 21 20 44 30 42 0 
cpTO1[7]=548.737897 
j=7
cpTO2[7]=548.737897 
cpSO[7]=
14 56 12 53 18 13 58 65 64 37 10 52 6 34 7 51 26 33 45 66 25 11 39 16 50 5 67 74 75 3 44 28 47 29 1 73 27 61 72 0 32 62 15 2 43 31 8 38 71 57 9 30 54 24 49 17 23 48 22 55 40 42 41 63 21 60 20 46 35 68 70 59 69 19 36 4 
cpTO1[8]=1991.633875 
j=8
cpTO2[8]=1990.685098 
cpSO[8]=
27 47 2 24 4 26 44 67 20 60 70 68 57 31 50 13 34 61 73 74 9 63 15 55 53 69 36 42 0 21 75 8 11 52 56 23 41 72 46 59 12 58 18 7 25 54 6 51 32 28 66 39 40 35 65 64 30 17 3 45 49 10 37 16 19 14 38 43 62 1 5 71 48 33 29 22 
cpTO1[9]=2176.407547 
j=9
cpTO2[9]=2175.224970 
cpSO[9]=
48 11 29 2 49 74 54 59 34 75 8 4 56 7 27 18 20 14 53 61 38 5 26 10 6 47 28 44 58 46 42 50 43 23 21 40 0 33 9 31 70 63 51 69 25 72 60 52 13 65 57 37 24 66 45 64 16 39 3 12 36 1 73 35 71 22 30 62 68 19 32 41 55 17 67 15 
ini=
 best=548.737897 position=7
14 56 12 53 18 13 58 65 64 37 10 52 6 34 7 51 26 33 45 66 25 11 39 16 50 5 67 74 75 3 44 28 47 29 1 73 27 61 72 0 32 62 15 2 43 31 8 38 71 57 9 30 54 24 49 17 23 48 22 55 40 42 41 63 21 60 20 46 35 68 70 59 69 19 36 4 
solution is:546.104457.       temperature is:1.674146
Thu Dec 12 18:54:22 2013
times: 21
cpTO1[0]=2076.017811 
j=0
cpTO2[0]=2072.207829 
cpSO[0]=
65 3 32 0 1 4 69 35 60 47 45 11 25 53 18 10 50 43 13 59 19 70 28 38 14 74 40 23 31 67 15 22 5 71 58 46 56 44 12 39 62 6 42 55 49 52 57 17 54 20 9 41 21 27 64 30 34 61 29 48 2 73 68 75 8 16 66 72 33 63 7 51 24 37 26 36 
cpTO1[1]=2097.880984 
j=1
cpTO2[1]=2085.197138 
cpSO[1]=
51 3 6 15 55 27 43 22 54 2 73 20 59 36 63 44 56 39 38 12 34 65 29 26 57 11 7 4 23 72 14 13 64 31 8 24 48 49 71 62 47 18 9 53 30 16 25 50 5 21 69 40 17 37 28 32 45 33 1 60 42 66 10 41 68 74 75 46 19 70 61 35 67 52 58 0 
cpTO1[2]=2205.429354 
j=2
cpTO2[2]=2161.368314 
cpSO[2]=
51 61 43 54 45 3 75 53 7 19 34 71 10 25 62 63 21 60 13 22 32 23 17 18 52 2 65 28 8 47 20 15 68 31 67 14 49 11 57 38 42 35 40 27 46 12 9 5 73 48 30 72 0 4 59 1 69 36 70 29 16 50 74 26 6 24 58 64 37 33 56 66 55 44 41 39 
cpTO1[3]=2144.654531 
j=3
cpTO2[3]=2139.363371 
cpSO[3]=
26 30 49 21 33 18 66 31 9 2 60 74 4 54 23 53 67 50 46 28 45 1 61 36 14 56 64 41 68 27 5 59 69 40 3 65 37 43 25 72 55 51 35 58 34 48 17 24 16 15 70 20 0 75 7 63 19 73 42 62 39 11 12 44 32 52 10 22 6 47 29 71 38 57 8 13 
cpTO1[4]=1879.359433 
j=4
cpTO2[4]=1879.359433 
cpSO[4]=
16 51 4 66 33 52 34 65 58 67 46 59 70 5 62 49 29 9 71 24 21 2 74 72 47 36 7 22 48 69 68 20 8 61 63 17 31 44 19 13 53 64 42 60 41 55 73 14 6 45 56 0 50 37 10 18 12 32 1 27 40 75 57 11 25 26 15 39 54 38 30 23 43 28 35 3 
cpTO1[5]=2133.402293 
j=5
cpTO2[5]=2126.407376 
cpSO[5]=
18 12 23 5 24 57 29 73 62 47 69 3 53 40 49 10 7 56 74 66 55 61 45 44 64 46 35 15 38 6 43 11 58 34 33 16 4 26 67 41 9 25 2 21 50 22 37 65 14 68 54 51 28 20 48 0 60 42 75 39 63 27 17 59 70 19 36 1 32 30 71 8 72 31 52 13 
cpTO1[6]=2079.401791 
j=6
cpTO2[6]=2079.401791 
cpSO[6]=
61 57 38 15 58 18 65 34 56 23 7 14 40 68 47 72 69 36 19 33 52 10 17 2 43 27 9 16 45 6 32 29 39 24 37 63 55 46 25 28 59 50 70 41 49 71 3 26 64 1 5 13 53 12 73 60 62 75 11 74 67 4 35 31 48 22 8 54 51 66 21 20 44 30 42 0 
cpTO1[7]=546.104457 
j=7
cpTO2[7]=546.104457 
cpSO[7]=
28 44 26 51 7 45 33 66 25 75 74 3 67 5 50 16 39 11 57 71 38 8 31 43 2 15 62 32 0 72 61 21 63 41 42 40 55 22 48 23 17 49 24 54 30 9 37 64 65 10 58 13 52 6 34 18 53 12 56 14 4 36 19 69 59 70 68 35 46 20 60 27 73 1 29 47 
cpTO1[8]=1990.685098 
j=8
cpTO2[8]=1985.957497 
cpSO[8]=
27 47 2 24 4 26 44 67 20 60 70 68 57 31 50 13 34 61 73 74 39 63 15 55 53 69 36 42 0 21 75 8 11 52 56 23 41 72 46 59 12 58 18 7 25 54 6 51 32 28 66 9 40 35 65 64 30 17 3 45 49 10 37 16 19 14 38 43 62 1 5 71 48 33 29 22 
cpTO1[9]=2175.224970 
j=9
cpTO2[9]=2153.457983 
cpSO[9]=
48 11 29 2 49 74 54 59 34 75 8 4 56 7 27 18 20 14 53 61 50 5 26 10 6 28 47 44 58 46 42 38 43 23 21 40 0 33 9 31 67 17 55 41 32 19 68 62 30 22 71 35 73 1 36 12 3 39 16 64 45 66 24 37 57 65 13 52 60 72 25 69 51 63 70 15 
ini=
 best=546.104457 position=7
28 44 26 51 7 45 33 66 25 75 74 3 67 5 50 16 39 11 57 71 38 8 31 43 2 15 62 32 0 72 61 21 63 41 42 40 55 22 48 23 17 49 24 54 30 9 37 64 65 10 58 13 52 6 34 18 53 12 56 14 4 36 19 69 59 70 68 35 46 20 60 27 73 1 29 47 
solution is:544.369053.       temperature is:2.009151
Thu Dec 12 18:54:22 2013
times: 22
cpTO1[0]=2072.207829 
j=0
cpTO2[0]=2072.207829 
cpSO[0]=
65 3 32 0 1 4 69 35 60 47 45 11 25 53 18 10 50 43 13 59 19 70 28 38 14 74 40 23 31 67 15 22 5 71 58 46 56 44 12 39 62 6 42 55 49 52 57 17 54 20 9 41 21 27 64 30 34 61 29 48 2 73 68 75 8 16 66 72 33 63 7 51 24 37 26 36 
cpTO1[1]=2085.197138 
j=1
cpTO2[1]=2026.794428 
cpSO[1]=
51 3 6 10 66 42 60 1 33 45 32 28 37 17 40 69 21 5 50 25 16 30 53 9 18 47 62 71 49 48 24 8 31 64 13 14 72 23 4 7 11 57 26 29 65 34 12 38 39 56 44 63 36 59 20 73 2 54 22 43 27 55 15 41 68 74 75 46 19 70 61 35 67 52 58 0 
cpTO1[2]=2161.368314 
j=2
cpTO2[2]=2138.041177 
cpSO[2]=
51 61 43 54 45 75 3 53 7 19 34 71 10 25 62 63 21 60 13 22 32 23 17 18 52 2 65 28 8 47 20 15 68 31 67 14 49 11 57 38 42 35 40 27 46 12 9 5 73 48 30 72 0 4 59 1 69 36 70 29 16 50 74 66 6 24 58 64 37 33 56 26 55 44 41 39 
cpTO1[3]=2139.363371 
j=3
cpTO2[3]=2139.363371 
cpSO[3]=
26 30 49 21 33 18 66 31 9 2 60 74 4 54 23 53 67 50 46 28 45 1 61 36 14 56 64 41 68 27 5 59 69 40 3 65 37 43 25 72 55 51 35 58 34 48 17 24 16 15 70 20 0 75 7 63 19 73 42 62 39 11 12 44 32 52 10 22 6 47 29 71 38 57 8 13 
cpTO1[4]=1879.359433 
j=4
cpTO2[4]=1823.144526 
cpSO[4]=
16 51 4 66 33 52 34 65 58 67 46 59 70 5 62 49 29 9 71 24 21 2 74 72 47 36 7 22 48 69 68 20 8 55 41 60 42 64 13 53 19 44 31 17 63 61 73 14 6 45 56 0 50 37 10 18 12 32 1 27 40 75 57 11 25 26 15 39 54 38 30 23 43 28 35 3 
cpTO1[5]=2126.407376 
j=5
cpTO2[5]=2126.407376 
cpSO[5]=
18 12 23 5 24 57 29 73 62 47 69 3 53 40 49 10 7 56 74 66 55 61 45 44 64 46 35 15 38 6 43 11 58 34 33 16 4 26 67 41 9 25 2 21 50 22 37 65 14 68 54 51 28 20 48 0 60 42 75 39 63 27 17 59 70 19 36 1 32 30 71 8 72 31 52 13 
cpTO1[6]=2079.401791 
j=6
cpTO2[6]=2072.813175 
cpSO[6]=
61 57 38 15 58 18 65 34 56 23 7 14 40 68 72 47 69 36 19 33 52 10 17 2 43 27 9 16 45 6 32 29 39 24 37 63 55 46 25 28 59 50 70 41 49 71 3 26 64 1 5 13 53 12 73 60 62 75 11 74 67 4 35 31 48 22 8 54 51 66 21 20 44 30 42 0 
cpTO1[7]=544.369053 
j=7
cpTO2[7]=544.369053 
cpSO[7]=
58 10 65 64 37 9 30 54 24 49 17 23 48 22 55 40 42 41 63 21 61 72 0 32 62 15 2 43 31 8 38 71 57 11 39 16 50 5 67 3 74 75 25 66 33 45 51 26 44 28 47 29 1 73 27 60 20 46 35 68 70 59 69 19 36 4 14 56 12 53 18 7 34 6 52 13 
cpTO1[8]=1985.957497 
j=8
cpTO2[8]=1975.485542 
cpSO[8]=
27 47 2 24 4 26 44 67 20 60 70 68 57 31 50 13 34 61 73 74 39 63 15 55 53 69 36 42 0 21 75 8 11 52 56 23 41 72 46 59 12 58 18 7 25 54 6 51 32 28 66 9 48 71 5 1 62 43 38 14 19 16 37 10 49 45 3 17 30 64 65 35 40 33 29 22 
cpTO1[9]=2153.457983 
j=9
cpTO2[9]=2143.027173 
cpSO[9]=
48 11 29 2 49 74 54 59 34 75 8 4 56 7 27 18 20 14 53 61 50 5 26 10 6 28 47 44 58 46 42 38 43 23 21 40 0 33 9 31 17 67 55 41 32 19 68 62 30 22 71 35 73 1 36 12 3 39 16 64 45 66 24 37 57 65 13 52 60 72 25 69 51 63 70 15 
ini=
 best=544.369053 position=7
58 10 65 64 37 9 30 54 24 49 17 23 48 22 55 40 42 41 63 21 61 72 0 32 62 15 2 43 31 8 38 71 57 11 39 16 50 5 67 3 74 75 25 66 33 45 51 26 44 28 47 29 1 73 27 60 20 46 35 68 70 59 69 19 36 4 14 56 12 53 18 7 34 6 52 13 
solution is:547.922037.       temperature is:1.214324
Thu Dec 12 18:54:23 2013
times: 23
cpTO1[0]=2072.207829 
j=0
cpTO2[0]=2067.020461 
cpSO[0]=
65 3 32 0 1 4 69 35 60 47 45 11 25 53 18 10 50 43 39 12 44 56 46 58 71 5 22 15 67 31 23 40 74 14 38 28 70 19 59 13 62 6 42 55 49 52 57 17 54 20 9 41 21 27 64 30 34 61 29 48 2 73 68 75 8 16 66 72 33 63 7 51 24 37 26 36 
cpTO1[1]=2026.794428 
j=1
cpTO2[1]=1998.826437 
cpSO[1]=
51 3 6 10 66 43 22 54 2 73 20 59 36 63 44 56 39 38 12 34 65 29 26 57 11 7 4 23 72 14 13 64 31 8 24 48 49 71 62 47 18 9 53 30 16 25 50 5 21 69 40 17 37 28 32 45 33 1 60 42 27 55 15 41 68 74 75 46 19 70 61 35 67 52 58 0 
cpTO1[2]=2138.041177 
j=2
cpTO2[2]=2132.076427 
cpSO[2]=
51 61 43 54 45 75 3 53 7 19 34 71 10 25 62 63 21 60 13 22 32 23 17 18 33 2 65 28 8 47 20 15 68 31 67 14 49 11 57 38 42 35 40 27 46 12 9 5 73 48 30 72 0 4 59 1 69 36 70 29 16 50 74 66 6 24 58 64 37 52 56 26 55 44 41 39 
cpTO1[3]=2139.363371 
j=3
cpTO2[3]=2094.360306 
cpSO[3]=
26 30 49 21 33 18 66 31 9 2 60 53 4 54 23 74 67 50 46 28 45 1 61 36 14 56 64 41 68 27 5 59 69 40 3 65 37 43 25 72 55 51 35 58 34 48 17 24 16 15 70 20 0 75 7 63 19 73 42 62 39 11 12 44 32 52 10 22 6 47 29 71 57 38 8 13 
cpTO1[4]=1823.144526 
j=4
cpTO2[4]=1823.144526 
cpSO[4]=
16 51 4 66 33 52 34 65 58 67 46 59 70 5 62 49 29 9 71 24 21 2 74 72 47 36 7 22 48 69 68 20 8 55 41 60 42 64 13 53 19 44 31 17 63 61 73 14 6 45 56 0 50 37 10 18 12 32 1 27 40 75 57 11 25 26 15 39 54 38 30 23 43 28 35 3 
cpTO1[5]=2126.407376 
j=5
cpTO2[5]=2098.985592 
cpSO[5]=
18 12 23 5 24 57 29 73 62 47 69 3 53 40 49 10 7 56 74 66 2 25 9 41 67 26 4 16 33 34 58 11 43 6 38 15 35 46 64 44 45 61 55 21 50 22 37 65 14 68 54 51 28 20 48 0 60 42 75 39 63 27 17 59 70 19 36 1 32 30 71 8 72 31 52 13 
cpTO1[6]=2072.813175 
j=6
cpTO2[6]=2072.813175 
cpSO[6]=
61 57 38 15 58 18 65 34 56 23 7 14 40 68 72 47 69 36 19 33 52 10 17 2 43 27 9 16 45 6 32 29 39 24 37 63 55 46 25 28 59 50 70 41 49 71 3 26 64 1 5 13 53 12 73 60 62 75 11 74 67 4 35 31 48 22 8 54 51 66 21 20 44 30 42 0 
cpTO1[7]=547.922037 
j=7
cpTO2[7]=547.922037 
cpSO[7]=
20 60 27 73 1 29 47 4 28 44 26 51 45 33 66 25 75 3 74 67 5 50 16 39 11 57 71 38 8 31 43 2 15 62 32 0 72 61 21 63 41 40 42 55 22 48 23 17 49 24 54 30 9 37 64 10 65 58 13 52 6 34 7 18 53 12 56 14 36 19 69 59 70 68 35 46 
cpTO1[8]=1975.485542 
j=8
cpTO2[8]=1973.926436 
cpSO[8]=
27 47 2 24 4 26 44 67 20 60 70 68 57 31 50 13 34 61 73 74 39 63 15 55 53 69 36 42 0 21 75 8 11 30 17 3 45 49 10 37 16 19 14 38 43 62 1 5 71 48 9 66 28 32 51 6 54 25 7 18 58 12 59 46 72 41 23 56 52 64 65 35 40 33 29 22 
cpTO1[9]=2143.027173 
j=9
cpTO2[9]=2143.027173 
cpSO[9]=
48 11 29 2 49 74 54 59 34 75 8 4 56 7 27 18 20 14 53 61 50 5 26 10 6 28 47 44 58 46 42 38 43 23 21 40 0 33 9 31 17 67 55 41 32 19 68 62 30 22 71 35 73 1 36 12 3 39 16 64 45 66 24 37 57 65 13 52 60 72 25 69 51 63 70 15 
ini=
 best=547.922037 position=7
20 60 27 73 1 29 47 4 28 44 26 51 45 33 66 25 75 3 74 67 5 50 16 39 11 57 71 38 8 31 43 2 15 62 32 0 72 61 21 63 41 40 42 55 22 48 23 17 49 24 54 30 9 37 64 10 65 58 13 52 6 34 7 18 53 12 56 14 36 19 69 59 70 68 35 46 
solution is:545.144790.       temperature is:7.379290
Thu Dec 12 18:54:23 2013
times: 24
cpTO1[0]=2067.020461 
j=0
cpTO2[0]=2031.051291 
cpSO[0]=
65 3 13 59 19 70 28 38 14 74 40 23 31 67 15 22 5 71 58 46 56 44 12 39 43 50 10 18 53 25 11 45 47 60 35 69 4 1 0 32 62 6 42 55 49 52 57 17 54 20 9 41 21 27 64 30 34 61 29 48 2 73 68 75 8 16 66 72 33 63 7 51 24 37 26 36 
cpTO1[1]=1998.826437 
j=1
cpTO2[1]=1998.826437 
cpSO[1]=
51 3 6 10 66 43 22 54 2 73 20 59 36 63 44 56 39 38 12 34 65 29 26 57 11 7 4 23 72 14 13 64 31 8 24 48 49 71 62 47 18 9 53 30 16 25 50 5 21 69 40 17 37 28 32 45 33 1 60 42 27 55 15 41 68 74 75 46 19 70 61 35 67 52 58 0 
cpTO1[2]=2132.076427 
j=2
cpTO2[2]=2128.769064 
cpSO[2]=
51 61 38 57 11 49 14 67 31 68 15 20 47 8 28 65 2 33 18 17 23 32 22 13 60 21 63 62 25 10 71 34 19 7 53 3 75 45 54 43 42 35 40 27 46 12 9 5 73 48 30 72 0 4 59 1 69 36 70 29 16 50 74 66 6 24 58 64 37 52 56 26 55 44 41 39 
cpTO1[3]=2094.360306 
j=3
cpTO2[3]=2077.330540 
cpSO[3]=
26 30 49 21 33 18 66 31 9 2 60 53 4 54 23 74 67 50 46 28 45 1 61 36 14 56 64 41 68 27 5 22 10 52 32 44 12 11 39 62 42 73 19 63 7 75 0 20 70 15 16 24 17 48 34 58 35 51 55 72 25 43 37 65 3 40 69 59 6 47 29 71 57 38 8 13 
cpTO1[4]=1823.144526 
j=4
cpTO2[4]=1822.218020 
cpSO[4]=
16 51 4 66 33 52 34 65 58 67 46 59 70 5 43 23 30 38 54 39 15 26 25 11 57 75 40 27 1 32 12 18 10 37 50 0 56 45 6 14 73 61 63 17 31 44 19 53 13 64 42 60 41 55 8 20 68 69 48 22 7 36 47 72 74 2 21 24 71 9 29 49 62 28 35 3 
cpTO1[5]=2098.985592 
j=5
cpTO2[5]=2061.383508 
cpSO[5]=
18 12 23 5 24 57 29 73 62 47 69 3 53 40 49 10 7 56 74 66 2 25 9 41 67 26 4 16 33 34 58 11 43 6 38 15 35 46 64 44 45 61 55 21 50 22 37 65 14 68 36 19 70 59 17 27 63 39 75 42 60 0 48 20 28 51 54 1 32 30 71 8 72 31 52 13 
cpTO1[6]=2072.813175 
j=6
cpTO2[6]=2072.813175 
cpSO[6]=
61 57 38 15 58 18 65 34 56 23 7 14 40 68 72 47 69 36 19 33 52 10 17 2 43 27 9 16 45 6 32 29 39 24 37 63 55 46 25 28 59 50 70 41 49 71 3 26 64 1 5 13 53 12 73 60 62 75 11 74 67 4 35 31 48 22 8 54 51 66 21 20 44 30 42 0 
cpTO1[7]=545.144790 
j=7
cpTO2[7]=545.144790 
cpSO[7]=
42 40 55 22 48 23 17 49 24 54 30 9 37 64 65 10 58 13 52 6 34 7 18 53 12 56 14 4 36 19 69 59 70 68 35 46 20 60 27 73 1 29 47 28 44 26 51 45 33 3 66 25 75 74 67 5 50 16 39 11 57 71 38 8 31 43 2 15 62 32 72 0 61 21 63 41 
cpTO1[8]=1973.926436 
j=8
cpTO2[8]=1968.777547 
cpSO[8]=
27 47 37 10 49 45 3 17 30 11 8 75 21 0 42 36 69 53 55 15 63 39 74 73 61 34 13 50 31 57 68 70 60 20 67 44 26 4 24 2 16 19 14 38 43 62 1 5 71 48 9 66 28 32 51 6 54 25 7 18 58 12 59 46 72 41 23 56 52 64 65 35 40 33 29 22 
cpTO1[9]=2143.027173 
j=9
cpTO2[9]=2143.027173 
cpSO[9]=
48 11 29 2 49 74 54 59 34 75 8 4 56 7 27 18 20 14 53 61 50 5 26 10 6 28 47 44 58 46 42 38 43 23 21 40 0 33 9 31 17 67 55 41 32 19 68 62 30 22 71 35 73 1 36 12 3 39 16 64 45 66 24 37 57 65 13 52 60 72 25 69 51 63 70 15 
ini=
 best=545.144790 position=7
42 40 55 22 48 23 17 49 24 54 30 9 37 64 65 10 58 13 52 6 34 7 18 53 12 56 14 4 36 19 69 59 70 68 35 46 20 60 27 73 1 29 47 28 44 26 51 45 33 3 66 25 75 74 67 5 50 16 39 11 57 71 38 8 31 43 2 15 62 32 72 0 61 21 63 41 
solution is:544.456024.       temperature is:1.730664
Thu Dec 12 18:54:24 2013
The average run time for the algorithm is : 0.432080
The average solution for the algorithm is : 547.177025
The maxx solution for the algorithm is : 552.566990
 The minn solution for the algorithm is : 544.369053 
The average error for the algorithm is : 0.017058
