jobs 100
stage 8
machines 2 2 4 2 1 3 3 4 
*Pro_req*
2 1 1 1 1 1 2 1 2 1 2 2 1 2 2 2 1 1 2 2 2 1 2 1 1 1 1 2 1 2 1 2 1 2 1 2 2 2 2 1 1 2 1 1 1 1 2 1 2 2 1 1 1 2 1 2 1 1 2 1 2 1 2 2 1 1 1 1 1 2 2 1 2 1 2 1 2 2 1 1 2 2 1 2 1 2 1 2 1 2 1 2 1 2 1 1 1 2 1 1 
2 1 1 1 2 2 2 2 1 1 2 1 2 1 2 1 2 1 1 2 2 2 2 2 2 1 1 2 1 1 1 2 2 1 1 1 2 1 1 1 2 2 2 1 1 2 1 2 2 2 2 1 1 2 1 2 2 1 2 2 1 1 1 2 1 2 2 2 2 2 1 2 1 1 1 1 1 2 2 1 1 1 1 1 2 2 2 1 2 2 2 1 1 1 2 2 1 2 2 2 
4 3 1 2 2 1 2 2 2 1 2 1 4 3 1 1 4 4 2 4 4 4 2 2 3 2 4 2 2 2 1 2 3 2 3 3 1 2 1 3 2 1 2 1 4 4 4 4 4 3 1 3 2 1 3 2 4 4 4 4 1 2 4 3 4 2 1 1 4 1 2 1 1 3 2 2 2 3 3 1 1 3 2 4 1 3 2 1 4 1 4 2 2 1 3 4 3 4 3 4 
1 1 2 2 2 1 1 1 2 1 1 1 2 1 1 2 1 2 2 2 1 2 1 1 2 1 1 1 1 2 1 1 2 2 2 2 1 2 1 1 1 1 2 2 2 2 2 2 2 1 1 1 2 1 1 2 1 2 1 2 1 2 2 1 2 1 2 2 2 1 2 1 1 1 1 1 1 1 2 2 2 2 1 2 1 1 1 1 1 1 1 2 2 2 1 1 1 2 2 1 
1 1 1 1 1 1 1 1 1 1 1 1 1 1 1 1 1 1 1 1 1 1 1 1 1 1 1 1 1 1 1 1 1 1 1 1 1 1 1 1 1 1 1 1 1 1 1 1 1 1 1 1 1 1 1 1 1 1 1 1 1 1 1 1 1 1 1 1 1 1 1 1 1 1 1 1 1 1 1 1 1 1 1 1 1 1 1 1 1 1 1 1 1 1 1 1 1 1 1 1 
3 3 2 1 1 1 1 1 3 3 1 2 3 1 3 3 1 1 1 2 2 3 3 1 3 1 1 1 3 2 1 3 3 1 1 1 3 3 3 1 3 3 3 2 1 3 3 3 3 3 3 1 1 1 3 1 3 3 1 1 2 3 2 2 3 3 3 1 3 2 3 3 3 2 3 3 2 1 1 1 3 1 2 3 1 3 1 3 1 1 2 1 1 1 3 3 2 1 1 1 
3 2 1 1 2 3 1 1 1 2 1 3 2 3 3 3 3 3 3 3 3 2 1 2 2 1 3 1 2 3 1 1 1 1 3 2 2 1 3 1 1 2 1 3 2 2 1 1 2 2 3 1 1 3 3 3 2 1 3 3 1 2 2 3 2 2 1 2 1 2 1 2 2 2 1 3 3 1 3 3 3 1 2 3 3 3 2 2 1 1 3 2 3 1 3 3 3 1 1 3 
3 3 2 1 4 3 2 1 2 2 3 4 4 3 4 2 1 4 3 1 1 3 1 2 3 2 1 3 2 1 3 2 3 3 1 1 1 4 1 4 3 1 1 3 3 1 1 3 1 4 1 4 2 3 1 4 1 2 1 3 3 4 2 3 2 1 3 2 2 3 4 4 3 4 3 4 2 1 2 1 1 3 1 3 1 2 2 3 1 1 2 1 4 3 2 2 3 1 3 3 
*Pro_time*
95 41 10 100 21 98 71 47 16 7 48 38 9 19 66 67 83 57 81 34 24 87 67 74 82 52 70 26 17 29 33 48 68 85 80 1 58 88 77 30 19 3 18 1 42 32 68 80 60 8 30 13 100 31 88 77 95 33 78 69 99 64 16 6 56 10 33 26 56 83 98 29 8 52 55 64 84 92 53 77 7 43 32 45 28 91 9 68 46 12 73 97 70 77 2 17 99 48 82 12 
70 96 86 4 45 77 31 75 67 35 19 70 60 6 75 95 54 72 34 2 60 81 52 81 26 73 23 21 18 98 31 83 70 68 53 85 63 90 3 19 19 63 41 27 36 60 94 85 61 10 90 70 68 19 63 67 51 25 10 93 85 86 5 38 69 2 100 66 75 71 51 24 17 75 56 85 64 60 93 52 3 25 21 82 24 54 73 82 100 30 17 45 55 98 54 13 18 66 2 14 
40 88 34 3 92 1 87 2 33 31 59 16 76 42 97 47 9 35 86 57 86 78 17 61 90 27 65 76 68 86 6 74 56 2 97 38 94 29 88 56 62 51 39 95 71 18 41 23 8 67 62 45 85 4 87 21 6 20 19 8 92 88 77 93 73 40 46 20 16 74 26 81 8 39 61 50 22 13 39 31 82 28 97 52 43 55 29 35 44 77 63 61 69 34 88 94 89 45 45 66 
15 27 62 53 68 52 53 77 80 69 73 69 47 77 78 73 78 69 91 69 57 21 20 21 85 49 28 34 52 78 81 12 98 60 17 20 91 70 44 90 77 78 97 80 30 82 40 78 25 26 29 55 44 82 56 41 25 12 12 91 84 60 86 50 15 55 54 35 60 48 71 60 33 52 25 95 26 46 48 52 80 36 4 24 54 74 68 3 61 95 3 14 71 64 1 18 17 56 18 62 
34 3 14 40 39 72 13 48 92 36 11 33 90 30 91 100 55 28 52 39 46 33 60 31 53 53 49 82 37 76 67 54 12 80 74 14 96 39 63 31 55 95 97 94 51 42 29 38 42 39 14 42 44 82 81 27 11 47 37 23 67 36 8 35 35 19 1 44 50 63 9 55 55 49 89 99 83 85 58 7 51 33 24 48 88 44 74 81 22 94 81 2 17 19 27 23 7 75 2 43 
2 28 64 48 66 98 12 7 42 97 16 50 79 84 25 3 45 58 5 95 93 28 21 21 64 63 48 89 38 58 5 71 92 81 87 46 25 43 33 72 54 38 11 92 4 92 22 80 3 26 87 20 45 79 82 4 50 55 77 62 62 84 51 71 21 57 56 10 60 14 58 42 36 52 19 18 56 73 48 45 88 59 18 53 28 59 80 67 13 61 11 10 28 46 56 9 85 30 27 50 
97 72 48 98 64 44 36 89 100 59 74 83 26 61 16 38 40 62 12 42 73 59 37 26 66 62 3 27 2 11 45 78 89 36 68 23 9 46 27 6 26 100 34 14 58 57 97 28 94 46 77 61 68 48 74 89 52 30 82 25 80 35 52 7 41 83 5 85 31 52 19 28 8 11 91 60 26 57 75 59 46 73 8 25 33 90 39 22 23 55 39 84 45 14 43 33 49 32 24 87 
17 51 41 50 17 63 39 75 30 87 60 8 23 6 5 84 26 77 56 74 95 87 98 45 89 89 100 13 10 77 46 16 73 66 47 59 58 36 74 69 87 55 75 82 13 100 96 53 3 19 31 65 17 87 18 3 61 100 9 3 79 10 47 37 82 19 38 53 9 85 35 68 67 92 75 85 47 72 41 68 23 58 92 17 67 75 10 41 8 30 17 4 37 56 56 50 45 8 70 92 
