period=20.000000
Sun Apr 06 11:05:07 2014

N=200 M=10
times:0
solution is:12510.000000.       temperature is:999.990000
ans array:
184 85 150 163 143 164 179 180 16 37 148 104 113 134 149 58 151 65 25 171 137 70 69 39 96 3 98 193 6 177 105 131 92 19 50 91 130 29 141 17 135 136 95 183 162 160 45 82 57 72 152 35 9 36 191 168 78 115 122 182 61 42 79 52 144 155 14 139 47 15 90 43 121 102 13 138 86 172 108 112 46 68 175 77 157 44 32 161 187 28 22 169 38 197 145 194 117 49 158 118 129 126 156 103 55 76 94 48 24 186 196 114 74 190 1 178 106 34 128 30 159 111 93 173 110 66 188 18 192 5 127 120 200 81 123 20 154 2 198 87 88 27 54 107 195 97 174 11 73 10 109 75 153 166 181 125 167 119 71 99 33 53 67 21 62 80 140 41 189 199 56 83 63 124 84 185 4 23 64 116 51 31 147 132 100 89 146 40 26 8 165 133 12 170 176 59 7 101 60 142 
Sun Apr 06 11:05:27 2014
times:1
solution is:12555.000000.       temperature is:999.990000
ans array:
184 148 19 155 98 175 193 164 179 177 81 143 127 117 118 113 171 115 79 78 105 13 166 15 45 149 28 70 46 158 160 95 138 72 24 172 92 42 16 82 134 178 186 65 47 107 29 32 173 30 140 131 77 41 54 14 163 112 129 17 187 5 150 200 3 68 50 130 6 174 18 154 121 26 180 139 188 1 12 153 168 137 145 146 151 181 9 51 197 135 116 39 198 66 53 122 169 43 88 144 111 4 91 157 185 141 196 22 93 99 74 110 44 183 49 61 124 87 152 97 23 21 37 31 85 162 123 75 119 182 192 27 106 125 176 25 64 11 2 104 80 40 62 194 52 34 190 128 199 60 20 102 108 86 195 114 126 170 63 73 165 36 83 120 136 167 35 159 109 189 58 8 84 56 191 55 89 33 103 10 96 48 57 38 67 69 71 90 94 59 100 161 132 142 156 133 76 7 147 101 
Sun Apr 06 11:05:47 2014
times:2
solution is:12494.000000.       temperature is:999.990000
ans array:
184 7 93 145 95 151 162 131 143 96 126 148 134 135 155 3 138 177 128 23 17 48 67 31 85 171 164 179 21 69 178 111 150 193 77 29 137 20 117 168 92 98 121 16 130 157 37 50 105 18 9 104 197 124 54 22 28 147 158 156 186 42 86 149 13 122 70 118 113 52 46 5 139 97 173 101 140 154 170 14 110 123 182 56 49 127 133 114 8 172 4 185 74 152 175 108 115 26 36 6 196 25 64 82 129 19 125 109 87 141 163 35 181 188 44 144 167 43 10 165 34 81 2 103 1 160 51 107 66 194 91 161 99 169 89 100 57 153 61 32 72 76 159 53 59 90 27 198 83 116 112 58 71 33 119 75 80 102 15 12 120 88 136 199 40 190 78 192 62 146 39 68 24 30 132 189 11 94 47 84 191 65 187 106 55 195 45 63 183 200 41 38 79 73 180 174 176 166 60 142 
Sun Apr 06 11:06:07 2014
times:3
solution is:12564.000000.       temperature is:999.990000
ans array:
184 155 121 127 98 122 77 143 69 95 149 113 13 137 197 99 136 50 117 131 91 66 79 61 163 153 57 51 9 44 26 14 128 72 21 29 67 179 58 180 36 104 18 81 152 171 151 85 16 60 134 200 129 43 68 97 5 130 158 123 6 164 157 17 46 115 12 87 156 142 120 196 175 187 165 82 31 177 106 34 138 182 24 56 139 41 188 105 93 96 102 116 108 154 174 23 148 64 20 92 160 109 70 111 30 49 28 55 62 1 144 162 118 47 186 32 42 74 35 185 10 192 76 40 3 195 88 146 190 173 112 22 168 52 39 4 59 53 103 2 110 169 73 15 86 25 78 124 54 140 178 89 119 107 65 147 45 11 183 33 37 38 27 114 181 135 150 172 90 48 141 8 75 189 132 194 101 159 193 198 84 170 199 167 166 94 80 125 126 133 7 71 100 191 176 83 63 19 161 145 
Sun Apr 06 11:06:28 2014
times:4
solution is:12536.000000.       temperature is:999.990000
ans array:
184 148 138 95 149 143 43 104 9 193 17 151 29 128 85 25 110 82 137 76 36 42 16 35 155 129 97 118 31 131 70 13 65 98 3 179 136 10 88 162 139 63 93 48 159 24 40 91 12 169 197 72 123 103 61 77 174 2 105 4 100 133 171 116 153 115 71 175 58 6 124 185 187 154 50 66 47 19 64 14 67 62 109 145 37 122 99 45 27 181 114 144 150 39 182 1 52 130 168 28 92 26 57 170 196 173 46 108 18 132 160 96 178 142 107 111 21 69 186 199 195 34 157 117 22 15 44 5 188 89 81 75 113 54 164 86 126 33 112 152 198 190 79 87 78 74 38 127 140 90 51 158 134 94 119 49 80 167 177 194 135 73 23 183 56 125 53 156 32 30 147 189 120 11 68 141 106 41 8 192 200 146 163 172 166 102 121 161 20 84 83 176 191 55 60 165 7 59 101 180 
Sun Apr 06 11:06:48 2014
times:5
solution is:12487.000000.       temperature is:999.990000
ans array:
184 148 138 180 18 13 108 110 164 139 113 92 98 115 93 183 131 157 6 134 127 70 51 158 130 143 46 85 152 69 104 175 144 16 200 192 155 197 38 186 118 169 45 64 28 179 14 137 50 67 173 4 65 145 168 26 193 37 5 57 33 154 140 163 72 79 128 95 147 123 35 12 87 166 122 185 146 151 31 160 88 47 94 15 19 74 171 9 103 17 58 49 77 32 177 181 129 198 66 91 7 196 107 68 159 30 75 121 136 27 81 195 132 2 178 11 189 42 194 135 3 100 149 43 1 90 40 63 141 86 125 29 191 82 59 84 172 23 105 52 187 44 24 167 120 170 76 48 116 39 188 10 126 109 61 199 162 111 56 22 97 117 25 124 99 41 71 190 112 62 53 34 133 8 36 89 102 80 21 150 106 54 114 182 55 119 73 165 96 20 176 153 174 78 156 83 101 60 161 142 
Sun Apr 06 11:07:09 2014
times:6
solution is:12555.000000.       temperature is:999.990000
ans array:
184 60 148 143 131 155 145 85 152 179 124 3 58 130 163 169 30 116 118 62 105 36 37 54 193 13 94 91 18 9 46 50 104 25 5 92 162 168 115 127 178 135 77 113 52 21 177 171 28 180 35 42 151 200 17 16 98 158 99 53 182 10 197 138 73 192 173 4 56 39 12 51 93 121 6 174 175 156 57 157 75 14 191 117 65 139 164 159 160 129 22 64 134 196 126 181 187 59 70 38 86 31 74 29 81 95 190 136 186 141 34 44 128 183 67 7 69 103 90 112 61 172 188 110 96 154 123 195 43 88 111 194 199 1 48 32 66 26 114 19 137 198 83 185 165 24 45 150 97 149 87 23 49 108 15 109 147 40 11 89 125 102 71 146 120 167 72 41 63 107 82 2 20 170 80 144 189 47 68 55 27 100 79 8 122 76 132 78 106 153 133 176 33 161 84 140 142 166 119 101 
Sun Apr 06 11:07:29 2014
times:7
solution is:12542.000000.       temperature is:999.990000
ans array:
184 161 171 193 164 175 105 57 54 131 135 143 82 113 26 118 16 43 127 117 138 96 85 30 178 49 130 172 194 50 24 79 48 149 148 99 160 12 168 155 179 69 129 197 95 180 9 140 195 128 13 70 185 139 122 98 190 187 68 42 115 137 104 51 37 81 154 162 10 134 91 93 59 1 111 86 35 6 88 28 67 36 145 25 38 5 152 29 61 141 19 65 90 163 18 2 46 121 15 21 40 62 169 64 177 112 182 56 192 153 89 23 110 126 97 87 52 39 92 133 17 114 107 44 174 8 3 132 72 58 158 74 166 14 173 136 181 33 116 47 102 186 41 31 119 100 165 27 157 123 144 196 20 108 63 159 142 106 191 120 55 73 199 151 66 198 146 188 183 170 189 75 200 45 4 71 34 77 22 103 156 167 150 11 78 80 84 53 76 109 125 124 32 94 101 60 7 147 176 83 
Sun Apr 06 11:07:50 2014
times:8
solution is:12525.000000.       temperature is:999.990000
ans array:
184 148 180 164 24 18 138 131 4 95 193 10 97 179 130 68 13 143 9 115 168 98 23 30 5 46 29 157 67 96 16 160 3 113 171 112 34 110 105 155 36 163 172 151 108 146 140 51 126 198 162 183 118 93 87 17 127 158 90 120 111 64 152 14 182 129 50 49 19 12 53 134 199 42 200 52 82 103 66 70 124 40 181 94 187 104 85 57 144 65 58 116 177 136 197 37 175 69 188 154 43 128 28 26 77 73 169 114 72 121 91 145 99 190 20 147 45 25 6 150 55 86 27 117 92 88 119 176 41 22 192 81 39 74 78 173 122 133 165 48 153 2 185 79 21 107 62 61 186 35 141 194 159 80 11 191 32 166 71 84 102 8 109 38 75 137 44 178 15 195 189 1 132 139 54 149 170 106 125 135 56 31 63 59 167 47 76 142 196 156 83 161 100 174 89 123 33 101 7 60 
Sun Apr 06 11:08:10 2014
times:9
solution is:12585.000000.       temperature is:999.990000
ans array:
187 95 18 149 152 82 155 85 15 168 113 193 58 65 145 19 35 5 160 118 175 138 179 78 137 110 115 135 143 33 8 121 17 16 94 163 129 74 93 21 131 99 182 29 64 6 185 40 126 108 68 30 51 12 178 130 9 148 60 79 50 128 22 25 150 81 92 158 190 70 139 136 72 172 114 127 3 47 7 10 200 107 181 4 53 105 14 71 83 91 37 171 57 86 52 13 66 140 88 164 84 122 61 176 26 151 141 98 132 45 39 67 186 90 157 119 180 69 166 41 165 133 174 153 20 23 32 173 162 198 89 192 125 55 111 144 124 56 106 27 120 54 36 97 188 195 44 116 2 77 123 112 194 48 169 46 147 49 24 28 42 103 197 73 87 109 146 134 154 104 191 80 196 96 100 177 156 1 34 63 183 199 159 167 62 38 75 189 76 43 102 59 161 11 117 31 184 170 101 142 
Sun Apr 06 11:08:31 2014
The average run time for the algorithm is : 20.407000
The average solution for the algorithm is : 12535.300000
The maxx solution for the algorithm is : 12585.000000
The minn solution for the algorithm is : 12487.000000
