period=20.000000
Sun Apr 06 11:08:31 2014

N=200 M=20
times:0
solution is:15057.000000.       temperature is:999.990000
ans array:
137 83 104 63 24 90 183 123 42 144 47 111 150 75 172 120 151 89 105 107 92 200 187 95 82 61 177 25 22 57 156 99 175 69 46 127 162 94 147 186 129 7 164 48 27 67 45 132 139 50 96 13 178 192 148 140 108 199 134 19 197 198 8 101 11 66 196 122 74 154 168 145 18 184 76 71 152 44 106 121 20 77 125 70 165 103 65 29 81 49 170 40 9 113 160 55 115 153 128 131 180 85 79 1 3 62 16 191 166 36 167 17 4 190 176 91 158 59 88 30 5 100 181 87 80 2 179 157 43 23 171 117 10 35 21 136 195 161 109 56 64 135 6 138 194 72 143 102 37 142 32 126 141 28 174 58 116 41 15 31 193 149 78 86 84 26 33 189 52 54 51 114 182 173 169 38 133 185 73 130 98 34 146 97 12 39 118 159 119 53 163 155 112 14 110 68 124 60 93 188 
Sun Apr 06 11:08:52 2014
times:1
solution is:15249.000000.       temperature is:999.990000
ans array:
86 83 9 188 89 183 178 27 137 199 151 90 20 147 104 57 143 152 70 2 92 198 190 108 93 107 156 72 195 67 22 80 96 150 105 24 186 76 54 78 144 200 11 95 128 170 43 134 6 125 45 123 37 148 115 164 177 132 42 109 167 191 192 62 82 176 100 25 50 75 94 175 124 13 48 162 46 149 84 180 135 117 184 158 49 97 113 159 63 129 181 23 99 79 142 130 174 59 81 26 179 139 56 4 194 154 64 110 29 10 122 145 126 106 18 36 47 32 71 51 165 3 157 102 168 140 17 172 66 85 21 30 98 8 74 31 60 103 41 120 19 127 77 88 119 114 7 61 133 138 187 35 197 141 15 163 91 196 189 33 155 166 121 111 101 65 73 173 87 14 193 118 161 55 58 185 40 116 112 16 146 1 68 12 53 52 34 171 69 169 28 153 44 182 38 5 39 136 160 131 
Sun Apr 06 11:09:12 2014
times:2
solution is:15057.000000.       temperature is:999.990000
ans array:
183 71 137 90 199 89 180 105 83 67 178 156 192 188 147 37 57 2 9 25 129 150 127 94 145 190 96 42 95 99 81 144 191 66 20 48 27 187 185 102 195 181 151 131 158 36 200 126 104 165 128 65 31 50 177 54 76 164 22 38 103 98 3 86 109 152 120 18 28 108 174 148 110 125 6 8 113 59 84 82 123 114 91 117 172 26 68 19 49 15 45 179 167 198 115 184 61 1 162 62 43 111 23 29 100 140 7 93 46 87 21 168 60 107 170 143 135 80 159 189 134 79 171 17 118 14 138 176 186 157 41 163 97 153 70 77 78 56 44 24 63 47 88 40 16 116 5 193 161 196 139 30 4 55 149 119 33 74 12 173 106 194 182 52 34 175 75 146 64 85 32 130 121 133 154 122 141 69 13 35 58 142 166 10 72 92 51 73 101 11 132 169 197 53 155 112 39 136 160 124 
Sun Apr 06 11:09:32 2014
times:3
solution is:15063.000000.       temperature is:999.990000
ans array:
151 188 123 137 183 71 90 113 37 182 156 94 9 50 57 131 67 36 195 96 190 147 162 104 95 25 117 105 89 98 45 109 27 111 184 107 91 49 66 129 125 46 124 144 43 114 54 141 174 167 191 148 126 154 100 172 84 152 170 85 18 17 99 58 31 134 75 128 186 70 165 4 108 140 76 127 177 194 164 68 81 74 161 199 103 78 22 24 130 3 42 150 6 142 61 93 48 47 82 138 173 73 13 133 23 69 160 102 178 1 200 86 112 168 157 97 181 64 63 116 189 29 175 179 87 92 80 146 88 106 53 56 20 35 59 120 132 139 62 28 40 143 44 115 8 135 2 77 72 149 187 51 145 10 41 7 180 11 21 118 158 16 14 15 185 119 136 163 155 122 101 110 79 159 193 153 197 38 60 39 171 32 121 166 52 34 12 176 30 55 169 196 26 19 33 198 5 192 65 83 
Sun Apr 06 11:09:52 2014
times:4
solution is:15103.000000.       temperature is:999.990000
ans array:
151 83 109 137 69 190 90 147 36 144 50 38 89 187 192 2 94 95 105 188 161 140 13 160 66 124 156 45 113 23 29 104 28 178 115 141 59 111 82 63 98 114 153 100 199 177 76 71 70 148 152 122 162 1 43 108 75 57 64 150 116 20 24 134 186 172 195 127 22 42 129 6 9 174 176 170 130 72 106 143 48 99 18 62 164 27 49 179 17 120 96 11 200 118 81 5 33 19 165 194 46 184 88 25 123 131 133 61 135 4 128 125 74 37 87 7 180 102 91 101 117 14 30 47 78 34 110 107 198 126 79 168 119 196 191 12 60 112 84 21 40 10 39 175 54 53 158 8 145 154 146 132 97 16 77 52 193 41 35 185 86 3 136 163 157 85 139 55 173 171 56 65 103 73 138 121 159 31 197 181 58 15 44 26 182 155 92 51 142 149 68 189 166 169 32 167 80 67 93 183 
Sun Apr 06 11:10:12 2014
times:5
solution is:15058.000000.       temperature is:999.990000
ans array:
83 19 96 183 137 188 95 147 192 113 132 90 105 57 66 151 136 176 123 89 134 81 190 144 129 141 156 196 67 1 191 28 102 54 152 99 114 111 135 61 27 13 126 37 59 172 174 42 98 87 76 17 127 18 71 2 180 44 50 43 3 158 181 138 131 60 63 143 51 6 148 24 200 100 159 88 46 94 106 53 20 74 195 48 45 23 97 38 58 167 164 125 47 91 72 70 182 92 49 145 170 128 104 77 109 186 142 175 120 16 108 78 187 40 22 149 193 39 177 86 103 101 184 178 5 26 140 119 199 161 194 185 9 33 93 82 107 139 25 8 179 154 110 64 4 7 62 122 80 84 118 162 153 56 30 189 115 35 31 65 130 21 12 155 168 11 198 15 29 85 73 55 197 146 32 169 163 79 157 133 166 34 68 160 112 171 41 173 10 116 52 117 14 121 165 124 75 36 69 150 
Sun Apr 06 11:10:34 2014
times:6
solution is:15105.000000.       temperature is:999.990000
ans array:
83 69 137 104 188 143 57 89 147 14 105 95 192 82 50 90 67 199 66 94 74 25 81 156 190 109 160 87 49 182 144 129 183 91 150 108 22 99 172 76 27 177 46 168 93 194 120 167 125 2 17 151 135 134 38 107 5 45 58 116 170 162 200 127 115 191 195 113 184 63 128 29 16 146 132 123 102 176 96 139 148 28 36 157 164 37 59 70 8 111 33 179 21 47 196 187 175 103 48 92 141 180 75 126 185 80 159 171 161 60 42 106 23 20 56 133 88 43 30 193 138 10 19 62 86 181 152 44 9 145 72 131 26 98 198 41 79 100 142 165 78 71 77 7 61 110 174 122 136 53 15 12 31 4 154 189 65 118 101 32 84 197 54 64 158 11 173 51 119 18 52 3 34 121 6 85 40 153 117 130 149 35 1 169 73 39 124 55 112 178 140 13 68 97 186 166 163 155 24 114 
Sun Apr 06 11:10:56 2014
times:7
solution is:15078.000000.       temperature is:999.990000
ans array:
151 137 124 89 90 188 37 106 98 69 134 57 190 123 147 95 66 42 178 50 145 156 105 81 67 25 109 74 191 49 114 183 104 96 23 126 129 161 11 71 94 127 48 72 4 115 113 20 68 139 120 165 85 99 184 9 83 171 195 87 144 45 21 43 152 75 65 192 131 56 2 167 157 158 128 17 150 3 61 168 29 200 92 196 26 149 186 88 185 24 46 80 84 130 176 132 108 6 100 164 154 172 138 33 198 82 97 30 91 160 199 78 63 35 181 62 162 122 146 133 175 36 177 64 41 170 27 135 110 103 143 7 44 174 22 142 28 1 148 102 141 54 107 18 179 70 136 116 15 194 140 125 10 119 40 86 8 76 47 193 77 187 93 38 51 182 12 31 59 34 173 159 16 111 117 112 55 32 189 166 58 118 163 79 197 101 153 169 155 73 53 39 52 121 14 60 19 180 13 5 
Sun Apr 06 11:11:18 2014
times:8
solution is:15019.000000.       temperature is:999.990000
ans array:
83 183 110 137 92 66 2 163 86 123 89 173 151 156 190 105 22 94 59 90 28 19 17 142 81 67 47 104 30 76 78 93 65 176 195 129 95 144 164 131 194 188 178 115 172 71 42 7 100 25 29 50 8 37 192 147 162 111 45 152 6 150 179 49 96 57 135 54 72 128 9 171 108 120 75 23 87 198 136 103 132 99 84 174 145 4 18 161 26 48 61 184 199 134 119 63 97 64 1 101 148 74 127 16 109 177 46 160 191 139 21 175 167 39 153 31 140 102 130 168 157 116 24 133 53 43 88 5 197 118 193 141 165 196 158 200 106 185 117 126 38 170 60 107 85 154 80 98 122 149 3 79 189 11 91 70 166 180 33 181 143 56 187 20 146 113 121 35 73 27 159 169 186 68 15 138 114 55 40 10 51 82 12 13 62 77 32 41 52 155 34 125 112 124 44 182 58 36 69 14 
Sun Apr 06 11:11:40 2014
times:9
solution is:15004.000000.       temperature is:999.990000
ans array:
83 69 183 89 65 190 90 109 104 76 141 95 137 49 59 107 177 126 2 66 147 134 11 151 61 57 37 13 25 50 81 176 132 93 91 113 188 29 105 48 127 172 111 140 195 22 173 178 92 129 115 74 9 179 108 144 106 199 62 75 150 154 85 70 77 20 45 156 63 162 67 164 123 165 152 43 47 5 170 187 192 100 168 24 3 196 26 98 130 103 180 16 94 120 38 88 118 87 80 160 175 68 41 6 122 124 46 186 28 101 117 198 21 33 78 36 139 200 1 71 27 184 56 4 149 31 35 121 79 23 7 157 15 135 191 146 194 17 143 99 174 19 163 153 155 96 42 181 58 136 161 40 131 158 53 18 145 102 128 110 30 8 197 39 34 44 10 116 73 166 64 72 84 182 169 112 12 185 97 55 114 159 119 133 142 193 148 54 52 60 51 125 189 167 138 32 86 171 82 14 
Sun Apr 06 11:12:02 2014
The average run time for the algorithm is : 21.126900
The average solution for the algorithm is : 15079.300000
The maxx solution for the algorithm is : 15249.000000
The minn solution for the algorithm is : 15004.000000
