period=20.000000
Sun Apr 06 11:12:02 2014

N=200 M=20
times:0
solution is:15171.000000.       temperature is:999.990000
ans array:
60 36 53 18 182 89 31 197 149 147 166 171 57 85 103 119 158 129 157 140 34 77 190 66 10 187 87 13 62 102 71 2 49 146 108 1 67 68 47 54 144 98 110 65 104 192 88 195 122 176 117 200 58 48 3 115 148 63 52 139 116 7 81 55 138 86 162 188 184 37 50 183 35 45 44 135 30 14 11 40 194 151 38 125 43 56 123 99 12 127 141 19 101 107 16 33 131 69 74 25 170 64 175 28 164 32 90 159 163 177 23 105 94 39 72 83 84 26 79 156 111 185 126 5 15 96 9 186 180 178 21 109 121 51 61 59 193 128 198 152 42 75 137 8 169 142 161 155 114 174 150 91 132 80 70 78 113 173 134 196 97 46 20 27 136 17 181 4 93 191 167 165 112 100 145 153 24 143 41 189 73 120 160 95 124 154 92 179 22 199 6 172 130 168 133 76 118 82 29 106 
Sun Apr 06 11:12:24 2014
times:1
solution is:15223.000000.       temperature is:999.990000
ans array:
18 53 26 182 151 50 29 55 79 56 36 10 86 88 37 146 40 140 1 104 35 178 54 183 176 49 31 199 57 30 87 3 117 63 159 62 155 98 184 192 129 64 152 60 42 110 58 144 76 171 39 45 90 32 48 197 99 149 69 109 133 143 148 121 180 166 162 119 108 116 185 74 198 78 67 44 191 195 105 81 20 25 7 115 118 156 181 164 89 132 52 138 38 173 43 128 139 186 142 137 77 92 165 2 100 174 122 13 194 123 170 200 157 83 187 16 127 61 21 34 51 84 126 167 113 103 47 71 190 95 8 28 68 65 153 175 111 70 135 120 17 124 75 46 80 196 160 125 102 33 97 4 85 73 5 169 163 193 6 66 179 22 24 114 161 130 91 150 177 172 72 96 9 188 154 19 112 94 27 145 141 134 11 12 15 189 14 168 107 82 41 136 59 158 131 93 23 147 106 101 
Sun Apr 06 11:12:46 2014
times:2
solution is:15316.000000.       temperature is:999.990000
ans array:
60 36 18 53 140 182 157 147 174 29 118 57 90 66 83 54 125 117 137 55 98 155 132 107 136 67 1 12 10 119 192 31 99 139 76 72 126 26 81 19 199 71 159 184 166 171 193 116 146 158 180 49 168 56 16 65 195 138 45 200 13 87 25 11 62 160 35 89 7 115 34 39 186 178 176 187 91 40 79 50 183 170 152 108 14 88 124 188 85 121 103 3 52 164 149 133 92 105 148 144 61 42 38 69 175 111 28 48 113 74 190 2 32 101 63 5 151 131 77 15 4 161 194 127 100 37 130 198 185 21 145 122 143 47 128 153 75 112 80 6 17 68 177 169 163 94 44 41 181 97 82 30 93 135 114 191 150 84 78 70 167 58 95 154 109 120 106 24 96 102 73 162 104 43 20 172 64 196 179 33 9 189 51 197 142 46 173 23 22 134 86 156 8 165 59 110 123 27 129 141 
Sun Apr 06 11:13:07 2014
times:3
solution is:15410.000000.       temperature is:999.990000
ans array:
118 3 18 182 65 171 157 36 57 147 31 29 89 88 64 58 146 11 5 159 192 101 63 10 117 54 176 90 98 129 110 45 119 75 81 86 87 49 140 166 181 69 35 55 123 59 67 104 50 56 62 107 79 158 178 174 188 163 30 77 125 187 93 183 172 155 48 71 197 42 37 34 32 186 162 13 99 16 199 72 60 184 76 115 14 135 108 128 2 200 185 195 85 180 193 47 113 139 189 132 53 116 22 33 103 138 167 137 196 121 190 164 39 83 38 165 95 142 144 194 100 94 82 127 170 61 84 109 143 19 177 20 23 73 191 126 102 105 74 6 4 111 26 133 198 25 148 21 114 8 179 161 80 17 46 78 91 7 141 12 136 68 51 122 28 66 154 43 134 120 27 41 44 131 9 168 96 145 112 153 130 173 15 160 92 97 156 24 52 106 124 175 152 169 151 40 149 70 150 1 
Sun Apr 06 11:13:28 2014
times:4
solution is:15243.000000.       temperature is:999.990000
ans array:
60 36 18 29 182 47 53 57 45 171 149 180 13 184 99 71 126 137 147 143 10 157 63 54 119 103 129 1 117 196 172 140 50 15 59 200 142 76 116 159 166 81 186 156 55 20 138 104 79 123 115 165 133 108 148 194 111 199 11 102 158 197 39 195 34 105 83 193 26 32 144 132 135 25 87 72 90 49 139 7 118 192 31 188 91 89 2 35 14 176 162 155 178 141 85 181 110 67 152 56 173 128 38 42 69 183 68 48 122 160 5 153 44 94 164 66 95 86 98 19 187 77 8 151 113 21 52 4 190 62 198 74 64 100 43 3 24 174 121 88 23 65 33 46 189 106 191 80 30 93 167 125 136 112 177 185 130 97 109 75 170 73 41 27 6 175 120 96 145 169 114 127 58 168 161 17 134 84 28 40 150 37 107 78 9 124 146 179 154 12 51 16 131 101 92 82 22 61 163 70 
Sun Apr 06 11:13:49 2014
times:5
solution is:15325.000000.       temperature is:999.990000
ans array:
118 149 60 65 171 88 29 182 3 125 152 54 55 79 132 129 98 89 57 86 58 31 47 110 26 10 146 131 117 178 116 103 184 139 36 115 147 56 81 37 200 2 191 158 4 13 63 168 76 46 105 45 192 144 161 197 159 92 140 121 193 199 62 186 157 156 162 163 67 119 188 77 148 49 137 108 90 48 101 71 138 185 190 155 123 34 42 169 135 133 97 14 167 16 164 35 99 69 170 19 23 166 183 32 195 38 33 150 94 181 28 111 44 176 122 80 142 1 50 12 59 128 22 126 51 172 91 21 179 198 5 143 43 20 100 74 180 141 165 194 153 9 11 113 127 72 83 189 30 52 39 106 82 187 160 61 41 25 7 24 70 124 173 95 102 177 174 18 64 107 196 151 68 27 93 75 175 8 6 120 84 136 17 78 145 112 134 73 130 87 15 66 154 40 96 109 104 85 114 53 
Sun Apr 06 11:14:11 2014
times:6
solution is:15168.000000.       temperature is:999.990000
ans array:
118 86 149 18 182 45 54 34 53 3 117 110 123 184 2 126 89 180 129 195 79 119 176 60 13 143 31 1 192 188 55 104 147 50 63 185 35 57 85 194 146 29 67 174 81 88 158 65 38 128 36 144 77 168 171 72 155 71 137 30 32 37 166 66 26 181 162 48 131 25 197 64 98 122 75 116 20 14 76 186 5 62 16 152 99 140 113 170 151 56 107 111 159 178 49 187 138 156 10 90 139 11 160 103 58 189 157 108 200 94 164 172 47 196 42 24 40 46 59 115 132 165 133 61 193 163 93 9 23 43 100 154 69 21 74 198 7 135 105 12 4 8 173 102 15 96 190 44 83 125 39 179 84 177 183 33 109 97 68 28 82 148 175 127 169 112 114 52 134 91 17 153 80 161 51 95 167 70 41 78 145 73 27 150 136 19 6 191 124 142 22 120 199 106 121 141 101 92 130 87 
Sun Apr 06 11:14:33 2014
times:7
solution is:15185.000000.       temperature is:999.990000
ans array:
36 18 57 89 182 60 129 14 70 178 65 54 119 125 200 199 49 47 143 50 90 123 63 1 55 140 10 42 192 133 139 110 7 67 35 193 30 100 59 190 197 68 122 151 157 98 142 76 99 86 31 48 126 77 116 158 138 5 104 37 167 33 181 56 113 83 183 188 81 3 164 165 166 2 13 45 34 71 103 148 172 85 155 176 74 174 79 92 186 141 38 39 66 136 88 132 159 6 170 8 53 152 137 69 19 62 117 124 12 4 87 171 162 25 32 160 115 196 184 15 107 26 28 64 51 128 189 169 21 43 198 105 72 52 194 121 16 80 149 144 111 23 109 17 9 112 153 131 180 108 41 150 61 114 161 40 191 177 168 102 195 96 82 127 58 134 84 44 75 27 97 185 22 11 120 93 130 78 145 179 91 173 156 20 46 24 106 135 175 187 101 73 146 29 94 95 154 147 118 163 
Sun Apr 06 11:14:54 2014
times:8
solution is:15363.000000.       temperature is:999.990000
ans array:
70 171 99 101 182 81 57 36 67 53 10 71 31 14 113 158 3 85 148 176 58 42 193 110 1 49 181 74 60 35 147 102 104 105 30 195 146 98 2 129 138 164 143 184 118 40 90 20 116 194 62 122 54 7 199 76 156 125 186 108 192 11 56 119 5 166 144 4 69 37 32 88 79 94 16 64 137 131 170 50 12 63 66 33 91 139 77 117 18 159 128 187 197 162 152 142 173 45 55 13 165 121 115 92 140 111 59 34 72 48 68 23 86 200 38 168 21 169 123 157 124 150 39 130 47 87 183 198 19 126 25 188 127 190 28 103 89 180 178 100 22 172 52 75 132 155 8 161 73 96 160 15 185 174 167 163 134 153 46 189 51 9 80 83 43 135 95 179 141 177 6 78 120 41 29 17 145 84 154 24 106 61 93 112 97 27 82 114 136 191 65 44 107 149 175 133 109 196 151 26 
Sun Apr 06 11:15:16 2014
times:9
solution is:15450.000000.       temperature is:999.990000
ans array:
196 57 101 182 55 36 10 158 3 155 109 71 1 86 168 60 13 87 11 31 45 147 54 199 77 159 166 197 181 47 16 110 35 117 20 37 123 116 56 133 122 7 169 14 128 149 103 48 192 2 29 183 188 139 126 42 142 34 51 129 90 118 79 137 99 63 184 171 33 75 104 50 157 98 94 25 176 39 76 102 119 49 173 140 67 28 132 108 115 152 164 32 138 193 61 136 38 66 88 165 146 198 107 148 185 175 72 167 8 91 6 143 46 174 19 58 69 40 125 62 113 83 153 144 9 150 85 81 195 131 82 23 127 100 135 141 161 59 114 200 30 170 106 93 177 44 41 121 179 111 112 124 186 172 80 21 68 130 24 145 156 15 187 27 97 194 151 74 70 4 12 78 89 105 163 154 43 84 65 120 64 178 53 95 190 96 17 22 191 162 134 18 160 189 92 5 73 180 52 26 
Sun Apr 06 11:15:38 2014
The average run time for the algorithm is : 21.580600
The average solution for the algorithm is : 15285.400000
The maxx solution for the algorithm is : 15450.000000
The minn solution for the algorithm is : 15168.000000
