period=20.000000
Sun Apr 06 11:15:38 2014

N=200 M=20
times:0
solution is:14270.000000.       temperature is:999.990000
ans array:
79 110 37 27 181 158 77 177 162 39 164 48 180 144 68 137 179 82 71 65 102 149 133 18 73 72 183 38 178 199 49 57 174 31 32 147 43 126 95 125 187 55 99 191 70 141 93 142 184 195 168 83 30 175 86 151 19 139 154 20 155 189 52 101 36 156 84 67 124 54 51 134 194 120 104 176 111 94 74 24 145 169 91 123 163 75 196 63 85 76 16 129 148 138 11 5 131 44 150 172 103 35 15 107 116 42 22 33 122 166 182 12 29 88 200 197 157 167 40 128 56 130 90 23 25 47 113 89 186 117 21 185 60 143 66 41 1 28 78 92 161 173 9 114 160 7 106 109 118 108 112 121 80 26 13 136 8 127 34 165 140 115 96 45 97 53 14 198 159 17 132 10 50 190 46 105 87 81 188 64 152 98 146 119 153 4 62 3 192 171 135 69 59 6 100 61 170 193 58 2 
Sun Apr 06 11:15:59 2014
times:1
solution is:14378.000000.       temperature is:999.990000
ans array:
137 114 61 179 79 37 77 99 150 181 43 168 111 120 21 174 178 71 151 48 20 169 70 141 38 161 134 177 39 91 147 184 183 23 133 84 175 22 136 125 18 31 176 154 16 32 88 103 56 67 129 192 52 187 76 110 63 40 131 196 49 139 11 57 194 126 36 54 72 108 197 82 148 90 68 180 102 86 186 93 100 47 29 105 195 162 149 117 171 28 75 189 83 66 163 106 199 165 122 116 33 12 143 167 156 158 2 101 191 78 73 104 55 50 95 112 41 124 153 144 74 145 118 107 160 94 7 157 14 127 159 185 164 42 8 13 170 30 142 1 5 166 193 123 92 19 200 81 109 46 34 80 35 15 97 182 198 60 146 155 173 64 121 130 45 135 172 85 87 10 44 26 89 65 98 62 140 53 115 113 190 152 3 24 132 27 69 128 17 51 188 58 138 4 6 25 59 9 96 119 
Sun Apr 06 11:16:21 2014
times:2
solution is:14502.000000.       temperature is:999.990000
ans array:
111 27 79 77 137 80 8 126 180 94 102 99 197 131 147 161 69 122 104 55 141 113 20 175 82 37 171 179 134 103 150 41 164 168 52 63 76 154 125 181 49 117 48 110 156 73 182 163 144 70 158 22 18 108 133 200 187 56 72 106 88 121 114 84 178 50 130 33 54 71 139 189 101 31 174 192 100 183 11 74 148 107 162 87 149 16 83 36 176 59 142 23 184 47 120 19 165 159 177 43 143 93 46 15 39 155 28 112 116 75 153 195 45 89 86 64 68 38 160 29 167 194 166 109 124 42 1 90 78 7 92 170 145 61 60 196 118 115 21 169 62 35 151 85 185 9 157 24 91 44 57 105 123 5 172 51 127 34 190 3 136 65 173 152 12 32 6 138 129 17 2 67 198 66 97 128 13 95 199 14 132 146 58 188 40 81 119 53 193 140 135 98 25 30 26 191 10 4 186 96 
Sun Apr 06 11:16:43 2014
times:3
solution is:14328.000000.       temperature is:999.990000
ans array:
79 2 71 77 27 120 184 55 174 147 31 37 145 113 22 83 73 141 177 131 74 70 48 183 130 72 168 129 126 125 76 25 86 93 158 15 102 180 12 164 49 24 172 139 137 150 91 111 11 57 196 108 95 195 178 128 65 191 99 149 67 161 122 121 88 60 68 117 17 103 199 175 142 47 43 29 39 133 185 34 155 8 156 197 124 89 144 82 182 109 36 80 179 166 32 105 176 140 51 154 106 170 28 148 61 23 163 5 187 63 189 19 38 45 107 198 64 35 59 136 165 132 181 75 194 30 123 101 52 143 169 157 20 54 46 21 81 138 56 110 167 115 173 33 9 87 78 151 84 69 114 42 104 50 112 134 96 98 135 85 188 160 1 3 13 90 7 18 16 152 193 97 41 14 127 118 26 186 153 146 94 119 66 40 190 4 92 162 116 192 171 100 44 58 62 200 6 159 53 10 
Sun Apr 06 11:17:04 2014
times:4
solution is:14235.000000.       temperature is:999.990000
ans array:
79 177 110 137 31 37 9 27 161 68 73 72 125 48 147 168 179 77 117 133 91 12 88 183 120 20 71 11 32 49 59 52 169 195 93 90 99 84 184 43 28 176 63 102 36 150 174 189 86 108 149 156 56 192 24 57 151 15 55 114 178 76 199 80 180 54 134 18 89 22 83 16 126 23 191 105 70 19 75 135 82 53 122 155 187 74 175 111 65 42 141 109 47 112 118 119 127 181 61 139 158 129 162 101 41 113 7 124 182 160 121 30 123 163 186 21 58 154 167 142 104 25 172 97 148 145 103 64 60 13 98 144 35 67 96 196 107 128 143 132 29 166 33 66 44 116 1 106 130 165 197 185 8 78 115 50 34 51 95 171 92 173 40 198 62 38 100 94 194 45 14 190 26 138 46 5 69 193 131 152 140 153 170 188 17 39 3 2 81 87 6 146 85 4 159 164 200 157 136 10 
Sun Apr 06 11:17:25 2014
times:5
solution is:14359.000000.       temperature is:999.990000
ans array:
79 27 9 179 55 69 72 195 158 18 126 142 164 141 48 43 49 77 111 147 36 148 57 114 151 180 37 73 32 183 68 16 162 63 144 71 39 52 150 12 89 40 176 70 193 178 123 91 181 74 93 64 133 156 31 99 88 76 169 131 105 149 42 86 20 53 155 113 175 41 94 102 97 107 11 124 33 75 177 182 109 65 95 56 59 161 103 184 44 172 28 174 116 54 15 19 108 30 29 135 82 159 104 120 14 139 171 46 112 78 163 118 23 83 38 129 84 119 191 154 168 96 145 7 137 157 121 21 85 92 51 17 140 24 8 100 67 47 25 13 101 106 199 185 60 197 50 35 194 132 134 138 127 34 22 200 167 98 173 110 165 1 115 87 10 122 90 160 62 143 130 153 187 192 186 170 66 5 198 189 190 128 2 117 188 4 196 58 3 45 26 81 80 166 146 136 152 61 125 6 
Sun Apr 06 11:17:47 2014
times:6
solution is:14254.000000.       temperature is:999.990000
ans array:
79 27 195 58 177 55 161 77 37 99 73 181 12 67 68 32 179 70 15 111 47 71 180 176 56 57 137 38 147 151 171 88 31 175 39 149 154 142 48 120 52 182 141 178 189 165 174 16 20 158 196 108 114 112 24 18 74 139 93 84 125 183 126 75 19 129 43 144 193 76 184 63 72 33 101 23 104 49 8 119 148 64 30 164 11 95 110 150 121 133 105 102 156 187 90 25 122 185 200 113 4 132 28 153 197 41 22 134 162 29 127 36 61 199 143 172 54 145 131 45 169 66 86 130 89 167 34 173 109 21 3 188 116 91 186 163 1 85 157 42 192 94 96 53 107 83 115 46 194 191 40 100 138 118 140 128 97 78 51 5 159 14 124 106 87 59 92 82 152 190 155 166 117 160 65 26 2 7 35 81 146 80 123 103 6 170 13 17 44 60 62 198 69 98 135 50 136 9 168 10 
Sun Apr 06 11:18:08 2014
times:7
solution is:14408.000000.       temperature is:999.990000
ans array:
79 177 110 27 137 37 43 18 99 111 179 121 71 168 120 149 39 114 189 57 175 184 141 31 36 117 158 133 126 49 91 70 138 88 47 63 200 44 76 11 19 178 159 55 77 38 142 151 48 72 22 104 129 24 125 171 119 180 164 54 156 134 139 84 144 86 197 150 195 20 33 176 131 29 23 74 154 15 161 82 182 123 73 174 181 42 113 186 108 32 66 85 45 124 109 193 5 65 112 83 75 122 155 169 56 1 21 35 40 173 92 58 162 196 152 67 183 157 172 107 53 93 52 163 115 187 59 145 9 17 61 78 105 101 94 148 89 170 97 50 34 96 8 165 81 46 64 68 13 87 41 160 60 14 143 62 199 191 167 140 28 192 153 185 7 16 80 116 127 135 194 106 98 51 136 12 26 190 103 30 188 95 132 3 146 69 6 128 10 102 118 25 198 100 2 90 130 4 166 147 
Sun Apr 06 11:18:30 2014
times:8
solution is:14298.000000.       temperature is:999.990000
ans array:
27 79 164 37 193 55 48 125 171 77 20 184 71 147 126 141 43 183 121 33 76 70 118 161 169 110 195 120 176 105 154 178 191 151 38 63 28 119 23 181 32 135 73 99 179 72 131 39 149 94 128 15 16 46 56 162 49 102 142 88 180 156 52 59 174 86 95 155 65 111 91 30 47 175 21 107 197 19 22 74 68 54 84 130 158 163 25 36 75 124 101 51 17 96 129 137 136 82 166 116 185 45 103 31 177 134 104 122 64 42 127 50 87 83 29 133 24 182 18 108 144 66 80 188 157 150 67 146 57 165 53 5 35 115 40 173 1 97 123 12 148 145 89 139 93 167 11 60 196 44 26 81 132 109 138 58 189 92 143 159 7 85 4 153 172 113 10 78 34 98 152 160 194 114 112 90 170 13 3 140 14 100 190 8 199 168 192 186 187 106 200 198 69 117 9 62 41 61 2 6 
Sun Apr 06 11:18:51 2014
times:9
solution is:14378.000000.       temperature is:999.990000
ans array:
137 114 31 147 27 177 37 121 68 179 110 113 161 122 55 164 12 189 184 99 168 70 139 86 79 95 151 25 72 103 20 125 39 88 32 154 49 195 158 93 48 73 85 21 180 54 126 106 74 64 24 175 57 181 69 193 28 145 111 141 45 176 166 34 105 71 89 102 142 108 115 156 51 194 19 170 33 109 186 40 136 63 183 67 149 2 116 165 178 76 200 169 143 134 65 82 172 38 144 16 23 75 133 35 123 18 187 59 107 92 77 131 47 163 83 43 150 112 182 167 81 155 192 100 97 11 197 5 174 138 8 30 84 78 56 198 13 129 160 91 15 118 101 162 157 127 60 42 94 29 66 41 199 52 61 22 46 14 117 90 119 146 3 132 96 140 7 36 185 124 152 171 130 62 44 128 173 26 17 1 196 135 98 10 4 6 104 190 153 50 188 87 148 80 53 159 191 120 9 58 
Sun Apr 06 11:19:13 2014
The average run time for the algorithm is : 21.480300
The average solution for the algorithm is : 14341.000000
The maxx solution for the algorithm is : 14502.000000
The minn solution for the algorithm is : 14235.000000
