period=20.000000
Sun Apr 06 11:19:13 2014

N=200 M=20
times:0
solution is:14165.000000.       temperature is:999.990000
ans array:
78 6 138 145 19 1 149 84 56 105 57 65 92 104 2 107 27 48 159 113 33 39 142 18 116 36 46 111 93 131 154 126 29 170 197 198 148 90 121 20 24 9 135 196 51 139 108 102 166 130 62 55 110 151 17 150 169 172 160 174 162 67 89 59 152 157 4 186 12 189 146 133 75 193 41 73 49 91 10 177 194 3 144 83 123 200 114 5 85 171 99 153 127 72 100 97 185 11 163 94 173 192 35 117 155 79 137 190 176 178 141 50 125 124 63 13 31 26 44 181 98 25 143 81 43 69 168 115 23 187 191 103 179 134 161 199 8 58 88 109 54 132 86 188 76 22 47 122 66 53 74 195 60 64 45 21 147 71 112 95 158 140 16 42 70 182 136 52 68 129 7 96 77 120 164 61 106 167 118 14 183 165 175 38 82 32 15 40 101 80 180 37 156 128 30 87 34 119 184 28 
Sun Apr 06 11:19:34 2014
times:1
solution is:14061.000000.       temperature is:999.990000
ans array:
20 6 138 2 116 39 19 40 84 149 152 27 45 137 92 65 172 110 170 141 66 30 72 90 163 62 174 33 128 91 127 18 74 10 144 57 185 139 151 32 17 177 169 107 122 142 29 150 16 190 100 41 126 186 59 111 198 12 160 162 85 153 117 48 36 196 24 43 5 73 4 13 50 154 31 55 132 147 51 75 184 22 179 68 101 87 135 199 81 119 70 83 173 168 79 124 148 112 76 123 9 200 129 78 89 46 114 56 58 181 98 193 157 28 11 158 25 69 178 106 99 197 14 167 63 115 80 146 54 188 15 195 47 109 171 161 1 183 125 34 86 194 192 53 104 23 156 159 67 71 176 182 165 7 113 60 49 143 82 88 96 120 38 175 131 180 140 21 26 102 97 64 37 95 155 130 136 77 164 108 105 61 103 118 187 166 44 133 35 3 191 42 121 134 94 189 8 93 145 52 
Sun Apr 06 11:19:55 2014
times:2
solution is:13986.000000.       temperature is:999.990000
ans array:
165 78 168 149 66 24 2 138 108 134 102 4 135 10 62 172 56 104 43 169 59 65 18 33 196 19 110 174 150 99 154 101 192 16 160 123 12 189 92 40 142 26 39 139 198 115 74 156 85 93 152 116 141 35 89 17 181 72 83 90 75 194 31 119 179 13 146 41 130 80 177 162 20 58 124 145 36 173 86 190 94 87 185 30 9 77 183 127 29 34 49 164 71 122 51 5 197 100 153 1 186 121 84 111 76 107 137 68 113 57 3 32 175 131 147 64 171 178 28 11 22 132 44 67 45 158 81 170 118 15 69 53 54 21 188 187 95 163 155 176 182 126 199 125 144 70 73 105 180 166 103 191 117 79 129 38 148 167 96 109 114 140 195 60 82 61 7 193 184 14 25 136 106 98 47 161 50 143 23 200 63 8 97 91 159 27 88 120 112 37 46 133 42 151 52 55 157 6 128 48 
Sun Apr 06 11:20:16 2014
times:3
solution is:14075.000000.       temperature is:999.990000
ans array:
6 143 19 45 92 162 123 59 131 128 138 35 99 27 150 152 160 112 154 40 75 20 2 10 101 90 200 110 121 100 177 33 18 73 44 105 62 145 174 130 93 39 189 108 89 57 153 85 172 183 116 190 84 4 65 58 186 198 91 124 149 139 43 17 107 7 141 169 29 196 25 36 83 8 127 157 159 147 197 13 192 66 161 1 168 122 74 187 104 41 71 48 125 142 98 49 55 109 12 182 68 81 51 113 126 163 164 82 137 80 46 67 11 171 15 173 16 199 155 184 61 54 87 60 77 194 111 144 76 119 78 69 115 132 70 178 146 179 96 47 21 129 28 34 148 118 167 176 53 56 175 63 97 134 158 79 195 14 38 22 9 193 95 103 86 24 42 94 181 165 50 37 151 5 140 72 31 170 120 32 64 188 102 114 23 136 117 133 191 180 106 26 135 156 185 166 88 52 30 3 
Sun Apr 06 11:20:38 2014
times:4
solution is:13982.000000.       temperature is:999.990000
ans array:
184 78 80 145 24 7 110 27 18 149 30 31 148 179 138 90 93 108 172 39 104 10 154 100 75 99 200 5 19 177 144 107 130 173 62 197 2 54 198 48 85 187 74 101 43 65 20 131 168 174 66 9 57 29 121 153 16 196 162 119 183 36 113 44 25 116 160 41 79 117 126 50 73 141 159 124 122 135 151 163 58 152 186 170 185 194 139 12 193 45 127 111 112 17 166 6 84 123 128 118 69 33 4 150 67 182 114 192 142 156 56 169 190 21 83 13 76 125 199 181 70 46 22 137 14 178 86 42 81 155 102 71 1 171 103 109 106 191 88 157 89 136 32 37 8 98 129 55 61 143 87 82 68 47 97 115 146 49 188 95 140 64 72 161 38 77 176 132 52 147 180 15 11 134 51 167 34 94 23 164 158 28 175 96 120 60 165 189 53 40 195 35 133 59 105 91 92 3 63 26 
Sun Apr 06 11:20:59 2014
times:5
solution is:14195.000000.       temperature is:999.990000
ans array:
105 29 92 142 123 140 104 185 75 149 138 19 108 196 10 154 144 27 189 24 2 116 36 9 43 150 93 110 159 190 130 160 177 78 79 121 170 162 56 172 111 39 66 67 99 41 50 193 62 14 197 174 94 20 122 48 85 127 18 153 47 133 148 161 6 4 187 198 25 100 139 151 5 33 146 34 199 80 113 74 102 101 129 125 13 51 135 134 1 35 73 55 45 115 91 16 179 70 46 119 157 155 183 87 84 194 107 169 89 17 137 186 152 69 158 81 12 82 72 57 195 192 132 145 42 171 168 109 114 15 136 156 44 191 103 61 76 31 60 118 22 176 32 28 178 30 131 77 97 173 49 180 112 90 106 184 182 165 71 23 54 181 98 86 26 21 83 53 59 120 117 52 147 200 37 64 143 58 7 95 175 166 11 88 96 8 38 126 65 188 124 164 128 40 163 3 63 167 141 68 
Sun Apr 06 11:21:20 2014
times:6
solution is:13983.000000.       temperature is:999.990000
ans array:
168 6 27 145 18 19 102 29 116 78 100 134 123 16 138 154 93 2 111 196 10 36 131 110 189 24 74 172 187 33 113 73 20 198 160 150 75 130 39 40 193 197 152 43 127 169 144 60 162 48 17 25 62 31 66 122 141 56 177 81 126 9 174 51 4 108 83 190 135 121 89 132 139 200 143 57 91 125 69 166 181 35 14 7 101 45 157 41 161 1 142 105 12 71 117 87 80 179 84 151 128 55 185 85 156 99 153 94 59 47 13 149 176 3 147 90 15 104 155 58 115 120 182 136 8 195 42 173 183 70 137 86 11 22 146 163 53 124 165 23 44 148 186 194 54 67 159 72 171 175 158 97 38 5 199 140 96 32 76 103 21 82 114 184 95 188 98 164 192 133 178 118 37 64 109 180 191 63 170 26 129 77 34 167 52 106 88 49 65 30 50 119 46 112 92 79 28 61 107 68 
Sun Apr 06 11:21:42 2014
times:7
solution is:13963.000000.       temperature is:999.990000
ans array:
78 2 192 196 35 121 137 65 108 73 123 10 62 24 45 18 27 152 107 186 111 19 149 138 160 75 17 113 93 172 57 60 134 36 74 20 193 131 110 132 124 103 191 5 12 90 41 85 187 151 4 189 63 59 135 33 39 40 16 154 72 115 44 116 56 101 179 130 142 91 174 150 66 105 133 29 146 51 100 198 153 122 30 173 32 185 128 169 11 190 171 76 163 139 119 127 26 157 50 102 77 194 155 143 177 109 126 94 23 199 89 144 159 162 31 13 53 69 79 129 3 54 47 125 70 21 183 158 112 178 148 43 61 7 25 81 9 104 34 15 141 87 38 97 8 84 147 14 184 88 55 188 106 164 82 181 28 80 161 176 86 165 37 49 117 145 98 136 68 197 95 114 71 175 22 58 120 64 52 48 118 182 140 166 42 170 83 195 180 67 46 96 99 167 168 156 1 200 92 6 
Sun Apr 06 11:22:03 2014
times:8
solution is:13974.000000.       temperature is:999.990000
ans array:
184 78 196 29 18 145 39 138 110 154 33 19 43 162 127 4 74 189 12 123 2 107 144 56 121 131 152 142 10 67 98 112 116 62 199 178 75 174 128 172 45 149 113 70 126 85 104 59 173 66 79 93 73 89 27 190 134 200 122 1 166 40 141 197 103 150 183 57 155 130 198 140 135 63 114 24 153 177 91 94 187 72 16 9 139 147 101 30 137 35 146 179 100 160 20 41 21 52 82 186 176 163 117 194 50 14 151 191 111 132 17 195 108 44 148 46 115 48 105 3 49 26 182 181 124 15 90 86 28 119 36 80 13 185 169 171 109 193 133 25 76 7 157 31 159 125 61 161 38 8 188 5 167 11 99 87 136 23 102 129 55 68 53 71 95 84 77 69 158 192 34 156 65 175 22 54 37 47 81 32 180 143 97 60 168 164 6 120 83 42 58 106 118 64 51 96 165 92 170 88 
Sun Apr 06 11:22:24 2014
times:9
solution is:14160.000000.       temperature is:999.990000
ans array:
168 43 129 110 18 108 194 119 113 74 138 90 170 196 72 4 160 174 2 121 91 190 93 115 150 145 193 124 131 89 189 24 111 62 3 198 17 16 92 50 10 48 171 130 36 105 41 60 39 156 70 177 154 94 87 73 15 152 71 46 23 84 12 192 58 69 104 127 161 169 133 134 173 159 9 35 30 132 199 186 25 6 85 77 123 57 79 181 141 114 139 14 75 40 99 56 147 122 55 172 166 49 1 135 47 19 128 165 51 13 31 28 82 11 157 144 158 148 125 66 54 163 151 137 109 44 45 187 116 112 120 146 7 52 96 164 83 98 162 179 59 191 20 26 102 101 95 53 97 103 155 61 86 32 81 76 22 178 8 117 37 185 136 184 67 167 38 176 80 68 126 180 34 106 27 118 42 107 5 142 188 182 195 29 197 78 140 183 88 63 64 143 100 21 153 175 200 33 65 149 
Sun Apr 06 11:22:46 2014
The average run time for the algorithm is : 21.297900
The average solution for the algorithm is : 14054.400000
The maxx solution for the algorithm is : 14195.000000
The minn solution for the algorithm is : 13963.000000
