period=20.000000
Sun Apr 06 11:22:46 2014

N=200 M=20
times:0
solution is:15136.000000.       temperature is:999.990000
ans array:
159 67 53 75 94 156 171 170 11 45 161 178 183 33 6 105 155 106 90 92 83 34 189 104 8 164 145 22 100 39 149 71 79 4 112 177 73 102 69 24 163 20 27 36 133 16 15 89 119 173 103 154 52 40 7 50 113 108 99 135 134 151 82 121 65 129 101 76 111 12 127 193 93 130 25 13 110 87 80 47 169 140 63 14 2 85 109 56 192 51 126 30 143 142 59 118 120 43 72 124 128 182 88 184 70 150 141 44 167 62 147 38 84 21 179 157 176 136 68 23 31 91 98 46 19 198 116 153 10 194 17 48 185 197 5 96 199 131 95 125 57 117 152 35 107 86 180 97 58 115 32 146 26 181 55 29 74 144 114 191 162 190 175 64 139 1 158 61 60 41 3 166 187 28 165 138 186 123 172 77 9 174 160 42 168 81 196 49 188 54 132 200 78 148 37 122 66 18 195 137 
Sun Apr 06 11:23:07 2014
times:1
solution is:15225.000000.       temperature is:999.990000
ans array:
11 67 182 105 94 75 73 114 37 135 88 171 28 102 189 36 156 126 163 194 10 106 90 152 71 161 183 101 15 53 100 83 34 69 8 146 92 197 104 170 150 129 121 45 56 139 110 192 2 111 1 175 112 147 64 38 39 24 81 79 180 143 16 123 82 51 91 109 159 33 20 124 133 89 108 25 63 78 22 19 13 122 98 113 14 153 6 12 96 190 61 9 138 136 160 107 65 60 27 21 131 118 68 80 184 52 84 172 58 30 167 149 196 44 177 97 87 185 174 42 99 181 134 59 162 47 179 120 157 48 77 166 70 31 86 195 155 151 3 7 187 145 125 5 127 74 23 142 158 50 188 85 62 17 41 29 32 164 18 130 117 154 193 103 66 93 198 57 43 199 169 4 26 72 176 132 165 186 76 200 55 46 148 191 95 128 137 144 140 49 119 54 35 116 168 178 40 115 141 173 
Sun Apr 06 11:23:29 2014
times:2
solution is:15086.000000.       temperature is:999.990000
ans array:
173 171 68 48 164 122 31 37 92 71 108 102 121 79 161 75 19 156 87 184 149 67 105 11 112 106 163 98 94 138 10 1 88 56 45 36 34 114 27 80 145 8 82 143 133 189 109 69 73 63 17 128 100 195 24 154 139 53 22 25 150 175 40 85 101 38 51 157 183 107 126 178 119 196 104 111 23 93 118 177 33 190 64 187 147 78 120 194 21 46 129 59 72 50 52 83 151 123 124 41 158 74 14 15 181 43 166 115 180 47 91 13 174 62 134 141 153 30 155 29 170 90 146 32 193 76 42 95 54 198 130 16 169 7 192 110 86 66 70 55 199 20 179 132 116 182 103 167 89 197 60 4 152 39 28 58 99 185 113 160 84 3 96 77 44 142 5 136 125 18 188 65 12 6 135 162 2 127 200 131 168 165 144 61 117 191 57 148 186 140 26 9 176 172 49 137 159 97 35 81 
Sun Apr 06 11:23:51 2014
times:3
solution is:15179.000000.       temperature is:999.990000
ans array:
11 38 195 156 2 110 67 92 72 19 171 128 37 45 108 28 75 94 161 6 145 71 106 121 83 73 194 111 155 167 177 105 102 176 157 150 27 34 141 8 170 65 154 90 25 185 23 104 17 169 7 120 33 4 153 135 179 69 66 122 192 143 53 131 149 20 183 107 43 89 112 85 126 163 99 101 138 96 146 100 36 47 164 118 125 193 151 63 134 62 198 24 51 79 98 42 87 88 130 59 56 178 133 190 93 115 189 191 77 180 64 196 158 166 70 15 10 91 181 97 162 1 109 48 197 113 16 124 55 9 140 13 127 68 78 5 139 46 119 44 60 22 103 3 41 61 86 31 57 74 82 175 159 39 165 129 52 136 114 186 40 76 21 187 123 117 147 199 144 116 30 80 160 168 200 188 152 182 81 29 49 14 26 32 58 50 184 142 148 95 18 35 132 137 172 84 173 174 54 12 
Sun Apr 06 11:24:13 2014
times:4
solution is:15262.000000.       temperature is:999.990000
ans array:
103 114 67 94 34 35 71 66 38 73 110 149 161 19 171 22 14 112 83 37 121 1 197 180 192 2 87 104 129 45 155 111 48 108 162 6 156 92 190 147 91 106 120 41 118 69 81 63 154 195 151 193 134 102 170 25 139 101 78 109 79 28 51 16 8 177 89 163 150 7 194 152 59 90 183 141 88 179 136 93 10 185 165 33 56 57 98 27 64 169 15 3 17 105 55 20 100 11 113 189 196 82 96 107 188 24 116 133 43 62 50 30 40 44 74 145 148 65 36 72 85 153 144 4 184 23 157 70 60 146 182 176 52 31 143 42 80 13 18 160 76 125 167 54 187 86 158 126 84 95 159 61 128 130 199 132 140 99 135 175 58 32 166 39 49 198 47 168 191 115 119 200 77 122 21 173 127 142 26 178 131 172 53 5 164 186 138 12 29 46 181 97 124 123 117 75 174 137 9 68 
Sun Apr 06 11:24:35 2014
times:5
solution is:15057.000000.       temperature is:999.990000
ans array:
173 156 83 102 75 171 105 147 94 11 69 183 164 7 45 59 34 67 90 180 131 178 122 37 152 149 71 106 19 100 66 20 179 24 133 118 70 169 65 40 154 192 130 184 33 2 38 17 36 25 195 62 110 121 29 112 6 167 10 108 28 58 53 146 200 170 194 128 81 4 199 82 145 85 51 88 163 44 101 143 161 111 107 56 87 43 193 177 3 185 73 80 158 13 153 30 1 26 99 139 144 64 175 46 57 109 104 76 92 198 103 72 55 187 197 8 31 91 79 120 35 47 22 189 162 129 78 174 27 191 23 93 52 54 181 155 134 96 116 32 113 151 42 142 140 182 21 157 138 190 188 160 119 16 150 196 48 63 86 5 41 148 126 136 176 89 60 39 95 165 124 166 98 15 135 74 132 61 123 125 168 49 172 77 18 186 50 12 127 14 117 84 9 115 159 97 137 141 68 114 
Sun Apr 06 11:24:57 2014
times:6
solution is:15072.000000.       temperature is:999.990000
ans array:
171 67 156 53 75 94 170 164 189 19 45 87 79 106 83 92 71 90 11 101 179 20 180 161 37 166 1 85 177 163 97 102 32 145 7 103 138 178 112 118 69 192 193 38 120 4 77 105 59 109 195 24 151 6 129 15 13 70 72 183 194 122 108 147 2 146 73 184 36 107 98 136 172 157 134 114 121 8 149 159 104 30 111 153 51 141 132 169 54 17 43 66 10 167 65 185 154 9 64 135 128 23 143 47 89 35 165 158 60 55 57 52 50 93 33 174 88 162 119 139 91 27 49 197 39 126 14 76 28 84 133 175 144 99 152 100 190 130 199 58 127 191 117 81 124 110 123 150 42 40 63 198 46 78 155 31 68 186 148 62 86 74 22 95 29 82 3 56 113 188 125 21 142 182 16 196 168 61 181 80 44 41 200 131 140 116 160 187 18 5 96 115 173 48 25 12 26 34 176 137 
Sun Apr 06 11:25:18 2014
times:7
solution is:15236.000000.       temperature is:999.990000
ans array:
76 159 185 34 71 105 87 94 75 90 161 11 66 156 9 45 150 102 85 177 114 171 2 135 108 192 145 83 10 112 100 178 111 146 162 175 120 109 52 193 4 195 163 13 53 19 64 196 24 39 151 182 37 33 7 28 98 166 73 8 99 119 197 88 15 12 68 128 165 67 65 158 170 189 139 147 82 36 190 57 121 183 20 107 54 104 69 93 46 133 136 188 164 30 55 47 6 194 22 129 106 140 70 31 81 179 157 167 110 126 122 38 59 155 51 78 17 113 27 89 80 149 118 62 174 187 124 184 168 14 134 21 154 92 1 79 198 144 200 16 181 72 77 169 142 32 48 43 97 96 143 56 23 152 191 132 61 117 63 180 199 86 101 125 84 44 49 25 130 58 3 148 160 60 172 115 138 74 91 26 153 141 29 123 176 116 40 41 186 95 50 103 5 35 131 18 137 127 173 42 
Sun Apr 06 11:25:40 2014
times:8
solution is:15091.000000.       temperature is:999.990000
ans array:
173 171 102 108 34 67 189 106 156 94 161 92 97 170 138 145 45 112 105 103 119 10 11 154 140 192 7 17 37 163 66 69 151 79 146 87 75 1 13 127 125 52 27 90 25 71 56 62 149 157 42 72 28 133 131 179 164 197 174 83 147 136 190 184 15 121 53 129 101 55 23 183 50 177 19 180 2 39 128 8 194 59 80 44 143 109 181 78 20 54 118 4 22 116 141 33 168 122 30 104 70 134 193 165 89 93 51 73 47 81 111 16 126 6 185 31 135 100 175 76 29 107 191 155 9 88 57 98 196 176 169 162 85 35 99 150 36 60 160 187 144 21 61 82 63 159 167 43 91 158 178 195 188 142 110 132 200 198 40 96 58 117 139 74 14 186 130 199 182 64 5 48 153 77 172 148 32 41 152 123 26 124 113 166 86 95 3 120 115 68 65 46 84 49 12 18 137 24 114 38 
Sun Apr 06 11:26:02 2014
times:9
solution is:15085.000000.       temperature is:999.990000
ans array:
176 53 177 131 75 106 40 45 105 24 79 102 161 94 121 171 92 152 149 85 73 183 83 72 101 151 155 147 163 28 104 116 154 67 135 90 134 165 10 192 128 125 34 138 36 118 170 174 181 195 33 189 156 194 82 16 59 184 157 98 69 109 8 38 51 89 17 108 185 153 76 19 197 110 99 52 2 159 27 199 6 11 167 200 122 13 7 114 100 25 112 71 65 3 133 91 22 20 198 97 70 68 31 115 193 196 145 37 29 179 15 9 12 146 78 150 43 63 148 162 66 64 60 88 164 166 141 175 47 46 169 21 182 191 190 111 130 23 56 32 158 84 126 142 44 4 74 117 30 136 124 180 77 57 123 18 187 5 86 107 120 143 48 95 54 42 139 103 87 41 96 39 144 93 129 61 14 49 62 55 186 1 26 80 188 140 50 113 119 132 168 58 127 35 81 173 160 178 172 137 
Sun Apr 06 11:26:24 2014
The average run time for the algorithm is : 21.792400
The average solution for the algorithm is : 15142.900000
The maxx solution for the algorithm is : 15262.000000
The minn solution for the algorithm is : 15057.000000
