period=20.000000
Sun Apr 06 11:26:24 2014

N=200 M=20
times:0
solution is:14732.000000.       temperature is:999.990000
ans array:
150 92 97 94 43 191 76 130 14 167 11 22 32 116 95 79 80 183 149 160 173 121 190 152 129 135 114 112 70 19 28 156 151 188 141 66 101 178 142 158 85 136 102 108 31 55 124 119 58 84 154 26 13 18 56 63 33 127 184 24 39 146 59 181 51 162 117 123 199 140 147 82 27 25 113 50 115 7 120 89 54 62 10 125 138 88 47 83 2 111 159 192 175 153 12 143 161 17 45 52 133 68 144 23 93 180 195 72 15 105 132 6 30 104 122 86 42 163 128 177 131 69 64 194 126 176 179 9 134 200 75 103 34 145 137 110 5 44 164 174 90 1 8 57 166 53 36 91 169 74 118 185 65 35 96 198 170 87 21 37 165 100 168 49 71 182 41 73 40 67 106 48 60 78 107 16 193 196 61 171 46 38 157 139 109 81 4 186 99 155 77 3 29 98 189 172 20 187 148 197 
Sun Apr 06 11:26:45 2014
times:1
solution is:14708.000000.       temperature is:999.990000
ans array:
150 148 47 94 32 66 97 197 155 70 167 80 93 183 10 135 143 79 116 92 19 27 55 156 112 7 126 104 190 108 30 181 171 22 178 101 141 147 154 149 179 136 115 9 166 191 122 195 43 11 168 33 8 152 50 124 114 102 162 184 109 127 84 160 58 140 119 146 77 198 28 196 123 31 18 188 24 110 129 95 128 1 117 69 12 96 35 73 59 173 63 113 174 90 52 125 78 199 189 13 137 120 89 4 64 40 175 180 88 133 34 145 38 46 2 165 163 144 169 17 48 67 75 29 15 81 42 20 57 118 14 65 134 142 99 68 60 41 83 161 153 164 172 76 138 54 139 111 170 200 21 121 182 107 36 61 3 62 131 193 86 16 98 192 72 5 51 157 87 194 105 130 176 100 49 85 53 44 151 25 103 106 37 177 158 23 39 82 186 159 6 56 71 185 132 187 26 74 91 45 
Sun Apr 06 11:27:06 2014
times:2
solution is:14840.000000.       temperature is:999.990000
ans array:
113 197 97 191 92 181 94 90 59 167 171 176 80 95 5 43 55 152 151 190 82 114 177 160 79 57 115 52 125 45 104 33 9 173 157 69 8 146 26 27 70 112 47 14 149 108 144 126 76 130 154 29 7 17 24 129 156 162 22 66 11 133 200 102 135 6 199 13 196 58 188 34 116 54 124 88 63 178 119 117 101 73 175 84 28 127 198 109 74 40 56 12 121 30 111 120 143 65 36 96 3 163 136 51 21 4 194 169 165 64 184 87 168 141 153 123 48 42 155 132 18 99 75 31 195 91 68 179 137 180 192 32 107 159 72 166 35 61 110 142 161 41 105 19 25 182 148 103 16 39 15 46 67 164 20 83 50 78 122 187 134 128 71 44 93 37 86 131 53 81 170 139 100 183 10 89 60 174 140 138 185 186 2 38 23 145 98 118 77 49 172 158 147 193 85 106 1 62 189 150 
Sun Apr 06 11:27:28 2014
times:3
solution is:14722.000000.       temperature is:999.990000
ans array:
150 92 32 191 97 94 160 189 197 59 102 135 80 24 74 33 70 183 173 147 146 149 151 121 90 162 157 88 69 171 166 57 117 52 66 11 15 104 101 141 79 28 84 167 131 152 109 113 124 119 108 63 8 156 98 9 6 14 181 129 115 142 112 111 19 196 114 43 25 126 34 188 27 56 130 91 170 154 76 45 110 64 75 85 116 179 176 125 184 7 169 12 143 190 100 58 199 72 86 47 62 2 54 1 87 148 99 31 93 128 175 159 105 5 122 4 195 132 155 26 50 73 180 96 168 138 163 23 61 35 200 13 106 172 153 198 46 30 192 103 89 174 44 144 83 48 53 177 17 82 67 139 38 29 107 71 39 123 65 140 42 40 49 133 68 21 81 55 20 118 185 37 164 134 165 186 78 161 77 182 136 16 36 120 193 137 178 41 3 127 51 18 10 187 158 60 22 95 194 145 
Sun Apr 06 11:27:49 2014
times:4
solution is:14839.000000.       temperature is:999.990000
ans array:
92 197 97 94 189 115 155 183 188 199 70 181 32 157 119 85 8 33 171 6 90 84 43 146 79 126 160 141 184 27 167 143 22 104 114 150 129 75 44 173 66 190 7 191 59 116 120 162 24 194 14 102 63 149 200 123 168 56 9 25 109 135 12 133 154 52 137 96 19 28 124 45 117 18 177 198 125 26 152 51 73 187 166 69 50 39 82 151 134 88 139 176 110 100 1 86 74 36 130 163 68 23 161 42 142 121 105 53 29 158 2 178 58 108 31 131 101 10 13 127 80 128 71 112 40 76 95 145 153 144 118 89 72 169 38 111 87 103 77 170 64 180 54 78 34 65 35 132 67 49 55 113 186 57 106 196 179 17 122 147 62 15 61 140 30 48 175 81 99 16 83 185 46 192 195 172 138 21 20 174 60 156 193 107 4 159 5 164 47 182 148 93 165 37 98 41 3 11 136 91 
Sun Apr 06 11:28:11 2014
times:5
solution is:14751.000000.       temperature is:999.990000
ans array:
150 10 191 171 94 22 97 43 119 197 151 11 130 165 57 149 141 188 124 66 183 146 102 160 90 33 31 79 108 179 52 7 190 121 116 198 162 93 157 88 45 126 140 181 92 169 112 167 82 26 6 80 147 115 69 200 156 51 49 9 59 199 152 91 30 58 85 154 13 5 133 111 54 117 84 99 19 56 125 8 143 176 170 28 63 113 155 89 76 29 12 46 39 107 101 173 136 96 36 166 123 55 138 135 17 178 184 161 129 95 34 114 177 4 182 64 163 25 35 18 180 120 105 137 104 24 72 74 175 53 75 174 192 16 44 78 132 194 144 42 158 134 48 50 187 27 109 127 70 62 65 40 110 128 15 32 87 61 172 118 86 122 164 67 159 81 142 41 196 2 14 71 103 195 189 3 98 193 186 131 139 68 185 37 100 153 21 73 77 1 148 106 145 60 38 23 168 83 20 47 
Sun Apr 06 11:28:32 2014
times:6
solution is:14753.000000.       temperature is:999.990000
ans array:
134 142 32 160 158 97 129 70 83 167 169 183 197 189 82 162 43 157 119 80 11 59 33 14 151 173 90 50 99 126 85 76 191 95 179 24 31 200 165 159 45 55 44 117 49 34 177 22 116 184 166 109 124 195 15 114 181 137 56 66 163 108 51 152 19 188 125 9 111 52 47 8 120 12 79 176 155 164 143 10 54 25 141 6 94 104 115 58 156 147 168 39 149 26 198 136 175 113 92 64 112 174 28 1 27 110 75 69 84 196 63 35 123 13 132 74 40 42 88 2 77 170 30 65 7 16 153 57 101 46 161 121 105 21 178 98 130 17 48 106 118 36 53 180 139 146 133 4 37 93 89 127 192 172 5 185 148 190 199 135 171 150 87 140 78 29 38 73 96 100 86 194 122 91 186 23 68 61 18 102 71 60 128 41 103 131 193 144 107 154 3 182 187 62 20 138 72 81 67 145 
Sun Apr 06 11:28:53 2014
times:7
solution is:14832.000000.       temperature is:999.990000
ans array:
150 45 11 43 142 156 157 183 97 27 70 135 7 197 13 190 80 154 117 94 69 32 160 189 115 92 167 62 85 63 184 93 82 137 200 96 188 33 136 151 152 155 46 39 123 31 90 66 99 146 130 91 112 149 173 198 6 129 12 119 35 25 15 147 144 34 180 56 104 59 141 113 2 159 175 26 28 110 58 49 51 176 162 179 108 121 145 105 120 114 14 195 52 166 73 102 67 88 178 126 171 177 131 199 89 68 47 64 71 24 1 124 79 72 95 116 10 143 122 169 191 23 111 109 161 103 181 19 168 148 186 53 78 83 44 192 133 40 86 174 138 4 128 18 29 9 134 20 41 21 36 118 127 17 16 65 42 185 37 87 60 38 48 196 75 101 5 74 172 61 194 165 164 30 193 132 100 140 84 158 50 187 81 76 125 22 182 107 57 163 153 139 106 55 77 3 8 98 54 170 
Sun Apr 06 11:29:15 2014
times:8
solution is:14872.000000.       temperature is:999.990000
ans array:
92 171 157 197 113 117 63 116 70 101 79 59 162 10 22 130 167 97 35 118 30 24 28 149 191 119 95 84 141 49 43 135 66 33 80 152 11 8 154 94 178 51 62 131 199 122 27 82 173 12 194 140 39 26 158 195 13 175 31 32 2 155 5 188 172 183 124 142 146 85 177 88 109 89 77 90 112 181 160 21 98 147 198 25 126 104 189 129 114 133 127 125 184 29 36 45 17 123 9 1 57 55 137 58 161 56 163 105 196 72 180 190 166 18 115 6 76 128 111 52 99 44 50 148 138 151 64 91 156 179 96 68 34 186 47 71 144 83 78 159 103 107 110 61 54 121 69 176 170 16 185 200 182 37 46 87 120 134 73 48 20 75 187 192 4 74 67 193 65 136 174 42 145 40 41 60 168 100 139 15 108 81 3 14 7 164 165 106 169 153 102 53 132 93 38 23 19 143 150 86 
Sun Apr 06 11:29:36 2014
times:9
solution is:14753.000000.       temperature is:999.990000
ans array:
92 197 97 151 165 32 183 188 33 63 112 59 43 127 171 70 191 116 157 82 181 135 160 167 109 30 124 80 31 8 102 24 76 88 85 154 47 152 196 150 162 147 12 106 180 190 173 93 26 195 158 178 7 142 115 141 149 119 166 68 101 184 96 126 111 143 199 114 44 163 54 121 175 117 84 156 108 57 79 200 25 140 58 77 66 90 94 170 129 69 194 56 130 14 55 148 99 72 123 15 13 113 21 2 51 18 144 169 48 42 52 122 50 98 91 118 4 34 155 164 172 6 120 86 110 105 104 1 5 107 16 64 83 35 9 125 153 27 128 133 174 49 19 40 3 168 146 71 198 192 134 28 177 38 29 87 60 78 46 161 53 62 61 103 36 179 45 73 37 185 131 137 89 10 139 100 81 182 75 132 39 65 41 67 23 138 193 20 145 187 95 159 17 176 11 136 22 189 186 74 
Sun Apr 06 11:29:57 2014
The average run time for the algorithm is : 21.375600
The average solution for the algorithm is : 14780.200000
The maxx solution for the algorithm is : 14872.000000
The minn solution for the algorithm is : 14708.000000
