period=20.000000
Sun Apr 06 11:29:57 2014

N=200 M=20
times:0
solution is:15505.000000.       temperature is:999.990000
ans array:
103 199 2 110 99 105 42 200 184 20 43 100 160 171 188 172 154 66 64 50 44 134 9 60 93 133 52 106 87 89 33 23 25 189 83 141 1 122 135 90 95 70 194 53 120 68 155 24 7 73 137 151 104 109 30 166 159 117 61 21 195 149 147 142 78 125 115 18 5 183 156 72 27 157 94 187 77 63 92 161 177 116 97 45 111 128 113 167 58 13 173 59 153 14 108 127 28 88 123 10 40 41 168 65 175 178 145 162 170 12 54 57 84 32 55 164 3 140 143 75 180 144 131 130 179 96 169 107 174 126 129 46 139 114 118 136 138 51 22 47 38 197 67 124 119 185 26 71 81 11 132 82 16 36 69 192 196 148 198 62 4 150 8 6 76 176 15 190 186 163 48 121 112 39 79 86 191 91 101 74 34 37 158 181 17 152 85 31 193 35 29 19 102 182 56 98 165 49 146 80 
Sun Apr 06 11:30:19 2014
times:1
solution is:15533.000000.       temperature is:999.990000
ans array:
103 2 199 182 49 66 43 174 134 65 135 92 166 60 147 184 116 154 108 33 20 64 87 70 3 200 45 109 1 99 44 186 72 171 89 142 113 120 9 100 168 172 160 28 180 106 16 55 50 78 97 197 18 129 122 23 82 155 170 25 12 54 13 133 53 63 104 95 94 162 14 117 52 24 156 73 48 149 131 19 192 157 130 138 5 58 84 22 128 144 132 194 7 71 6 198 127 176 93 161 30 151 26 56 125 188 145 137 143 163 68 37 191 57 10 21 61 196 183 126 36 189 190 139 15 39 115 40 141 59 8 4 159 77 146 124 165 148 74 27 91 187 179 90 136 140 38 178 111 169 81 88 164 85 34 31 69 177 96 35 75 41 123 167 195 158 101 86 98 32 11 114 67 193 175 42 17 118 102 119 112 47 150 51 79 62 46 107 181 153 185 110 105 29 121 83 173 76 80 152 
Sun Apr 06 11:30:40 2014
times:2
solution is:15465.000000.       temperature is:999.990000
ans array:
164 65 174 200 9 50 71 181 44 3 134 151 108 78 194 119 182 92 117 72 80 99 60 100 184 20 57 87 168 141 166 147 14 49 70 64 127 171 1 159 153 56 154 129 120 198 144 161 18 186 43 33 16 188 63 52 45 140 136 111 48 59 138 176 146 106 145 53 185 22 149 155 42 82 139 84 192 163 179 131 114 152 37 19 93 58 69 35 54 110 116 67 109 133 178 135 27 12 46 55 156 123 122 113 169 68 7 187 6 24 4 195 25 85 91 94 61 11 189 143 197 124 160 26 97 105 115 173 83 167 89 191 103 29 32 177 137 132 157 170 17 36 130 86 38 41 142 183 150 74 190 47 15 13 101 75 28 73 5 81 172 175 125 107 88 162 8 21 180 112 96 77 126 102 31 196 165 128 39 51 158 76 90 79 40 148 98 118 121 30 193 34 2 62 10 104 23 199 95 66 
Sun Apr 06 11:31:01 2014
times:3
solution is:15490.000000.       temperature is:999.990000
ans array:
131 11 182 171 50 106 49 199 64 100 200 119 164 78 44 90 111 116 147 154 168 53 174 23 3 87 141 12 9 25 160 133 188 151 163 1 155 60 63 19 30 28 113 97 145 134 80 166 73 7 33 140 197 170 194 129 20 173 99 135 120 45 128 192 48 195 167 55 43 117 62 37 5 94 183 72 89 32 70 18 143 68 40 71 189 159 132 156 186 36 115 152 58 142 108 104 59 184 14 67 153 149 82 198 52 98 21 161 54 92 139 76 96 114 191 180 127 17 57 93 179 27 95 196 13 109 107 130 190 74 46 176 157 101 84 85 69 79 177 138 47 169 83 75 118 172 103 137 24 178 148 125 102 4 26 41 123 34 88 81 124 144 65 77 105 126 185 8 6 38 39 35 91 121 15 16 136 110 56 150 187 22 10 86 112 42 31 146 162 122 193 158 61 175 181 51 29 165 66 2 
Sun Apr 06 11:31:23 2014
times:4
solution is:15369.000000.       temperature is:999.990000
ans array:
43 200 199 2 166 108 106 44 89 9 48 20 117 154 50 182 33 49 104 61 95 147 111 64 194 53 134 90 141 25 110 113 196 57 177 174 149 198 116 18 21 189 171 92 70 119 164 136 151 97 45 129 78 184 83 68 140 65 99 36 195 100 173 60 28 87 120 128 94 27 160 186 66 131 155 19 144 14 24 37 23 161 115 142 12 72 107 125 153 143 188 11 178 16 1 67 133 114 3 170 93 158 71 197 96 162 145 85 148 52 55 13 59 82 159 137 101 91 127 163 7 139 74 138 172 84 109 181 118 46 191 126 35 22 190 152 168 98 69 79 4 30 81 123 17 187 122 183 73 124 156 132 80 146 88 54 157 175 130 31 38 26 169 29 176 185 47 5 8 32 102 39 34 51 77 121 76 41 103 10 15 150 6 40 179 167 58 135 75 112 86 62 193 180 42 105 56 165 63 192 
Sun Apr 06 11:31:44 2014
times:5
solution is:15487.000000.       temperature is:999.990000
ans array:
66 2 200 44 199 108 106 65 140 50 182 49 53 78 61 9 20 135 120 52 33 154 99 87 194 96 94 129 160 25 37 100 72 155 73 117 186 189 7 198 1 174 122 48 168 130 166 18 134 70 145 142 45 22 153 64 116 60 97 19 3 141 67 21 187 103 111 89 167 146 82 152 126 55 28 92 133 104 58 151 36 115 14 169 23 184 68 93 195 147 161 4 183 59 113 136 164 171 173 32 84 190 197 128 138 144 177 163 143 42 83 63 13 180 123 137 131 114 139 79 172 110 192 149 24 26 40 27 107 125 80 6 74 56 69 41 191 156 170 54 159 47 124 196 148 86 38 109 5 165 105 119 98 17 158 15 178 34 112 16 90 162 91 76 39 132 31 77 35 157 88 176 8 81 75 118 62 175 181 121 12 51 150 127 85 57 185 188 10 30 46 193 179 43 71 101 11 95 102 29 
Sun Apr 06 11:32:05 2014
times:6
solution is:15399.000000.       temperature is:999.990000
ans array:
43 200 199 182 192 44 50 49 66 22 68 134 92 2 11 6 78 69 154 42 18 186 147 20 117 100 3 84 53 171 116 70 119 99 190 132 161 63 72 93 24 55 91 95 194 28 160 8 129 196 140 155 188 97 16 14 65 56 12 57 144 101 54 191 145 141 33 152 183 1 46 139 45 150 142 13 106 198 179 30 135 177 86 74 164 111 59 128 37 126 149 64 146 125 153 27 83 109 136 163 94 130 85 104 58 19 184 103 67 102 89 105 159 21 120 73 40 71 176 115 178 167 172 9 113 173 195 133 138 127 34 36 15 124 170 26 39 148 77 5 156 10 180 169 123 90 48 137 143 25 52 197 51 96 107 185 32 174 7 82 175 187 131 80 60 189 114 4 47 88 162 75 157 118 121 168 41 81 87 76 112 35 166 17 110 158 181 31 61 122 193 62 98 79 29 23 38 165 151 108 
Sun Apr 06 11:32:26 2014
times:7
solution is:15498.000000.       temperature is:999.990000
ans array:
131 2 200 66 182 64 141 199 78 90 116 92 18 117 44 111 53 140 87 9 70 155 171 73 194 97 168 25 122 186 147 113 28 52 151 134 83 26 172 180 72 133 99 120 39 7 61 60 69 198 104 160 189 23 96 127 21 106 197 49 24 173 48 30 86 5 154 37 138 135 125 94 159 12 68 74 1 191 174 139 65 13 100 181 14 184 55 129 170 137 166 142 36 161 71 177 132 67 115 80 103 195 19 148 187 156 27 110 179 95 45 183 3 178 153 130 101 163 164 59 169 167 42 84 185 81 34 128 136 143 17 109 63 119 93 41 40 108 149 124 75 16 85 4 47 31 162 144 157 77 123 46 121 32 146 51 118 176 158 88 8 105 98 11 79 76 107 56 190 145 126 22 38 58 50 6 150 112 165 29 175 114 91 15 82 54 35 193 20 10 62 43 33 192 89 57 188 196 152 102 
Sun Apr 06 11:32:48 2014
times:8
solution is:15504.000000.       temperature is:999.990000
ans array:
199 65 200 50 182 166 66 2 70 154 78 171 111 160 20 44 92 87 9 100 113 33 24 89 36 83 52 119 63 127 99 131 53 48 25 104 141 58 45 197 96 140 147 116 68 190 146 59 72 90 64 144 167 14 97 151 126 137 194 49 134 178 186 108 196 8 129 95 60 120 156 3 168 149 161 18 54 1 55 115 23 169 69 11 93 30 19 67 184 188 82 42 57 106 135 195 133 145 71 174 28 7 198 27 159 117 139 38 175 170 40 84 164 61 128 5 105 26 94 183 4 180 172 130 85 41 75 17 21 6 179 56 12 173 136 109 176 189 101 79 32 47 157 142 177 148 163 125 153 143 73 158 46 77 37 123 187 16 122 162 155 98 103 13 34 112 81 86 74 107 110 121 181 185 193 62 192 191 118 76 35 165 31 88 124 15 10 102 114 51 150 132 39 80 91 43 152 22 138 29 
Sun Apr 06 11:33:09 2014
times:9
solution is:15379.000000.       temperature is:999.990000
ans array:
43 110 47 199 140 200 152 50 44 147 182 104 9 166 97 27 60 141 154 16 135 99 109 61 92 78 119 160 64 174 33 70 14 161 194 167 72 68 20 49 7 172 100 53 117 18 111 87 24 184 52 45 3 28 155 106 89 156 198 57 37 30 21 1 48 40 197 189 93 13 94 195 188 183 177 71 144 84 130 151 128 181 157 137 58 96 129 73 62 115 6 88 120 79 83 85 75 41 145 74 162 90 55 46 63 168 124 170 121 8 186 12 122 131 59 187 118 149 103 113 17 82 159 191 95 163 15 139 127 176 173 116 86 26 77 81 164 192 132 32 4 185 196 54 91 146 19 114 25 153 67 42 126 123 180 143 66 125 150 158 10 105 107 136 23 133 179 112 65 34 69 39 101 5 138 11 51 35 31 56 178 169 142 29 193 175 38 102 134 165 76 148 98 190 36 22 171 80 2 108 
Sun Apr 06 11:33:30 2014
The average run time for the algorithm is : 21.310200
The average solution for the algorithm is : 15462.900000
The maxx solution for the algorithm is : 15533.000000
The minn solution for the algorithm is : 15369.000000
