period=20.000000
Sun Apr 06 11:33:31 2014

N=200 M=20
times:0
solution is:15282.000000.       temperature is:999.990000
ans array:
127 130 87 160 94 15 73 155 11 78 80 115 167 126 56 105 32 33 24 88 128 45 22 187 113 148 59 74 190 61 65 95 21 52 84 137 63 181 198 118 79 182 168 9 92 166 104 177 50 163 184 60 14 28 199 147 191 70 176 196 154 140 133 12 112 102 142 23 107 185 170 139 81 89 17 145 85 16 138 174 194 48 39 75 200 72 122 26 151 135 159 25 175 193 179 41 1 186 36 90 34 117 173 53 68 71 30 98 91 149 153 4 101 18 180 100 114 2 37 6 27 29 141 47 144 86 188 111 124 42 49 62 110 96 109 93 164 120 146 178 131 67 5 195 192 143 58 106 189 40 38 183 121 169 172 136 8 19 158 171 123 129 69 66 44 83 20 43 119 64 132 54 134 197 13 157 150 46 165 156 116 82 57 7 31 162 3 125 51 152 97 35 55 99 161 76 103 77 108 10 
Sun Apr 06 11:33:51 2014
times:1
solution is:15358.000000.       temperature is:999.990000
ans array:
199 108 12 160 182 53 155 56 200 65 149 21 91 62 174 45 24 28 80 102 126 132 139 48 144 92 128 19 61 23 2 82 17 114 119 105 138 22 142 74 135 89 86 59 157 148 73 85 101 120 167 11 37 55 197 42 36 124 8 32 186 68 87 166 191 162 173 39 84 147 72 78 112 29 10 198 115 146 106 196 50 137 170 185 100 16 70 143 163 31 184 49 110 188 153 136 103 33 54 30 133 179 177 113 159 88 1 145 154 27 175 187 25 111 6 171 109 140 60 34 26 79 95 9 20 77 15 151 90 178 122 69 43 52 93 41 158 63 14 40 64 192 183 67 47 123 141 83 161 127 5 18 181 152 98 164 176 195 189 75 104 99 96 46 156 116 121 169 118 97 194 168 4 131 150 76 130 129 58 38 51 94 165 35 107 117 13 3 57 44 125 7 134 180 71 81 172 66 193 190 
Sun Apr 06 11:34:11 2014
times:2
solution is:15384.000000.       temperature is:999.990000
ans array:
106 38 160 109 73 102 89 39 90 105 98 32 142 2 72 87 48 150 86 26 84 154 56 124 69 44 62 28 155 55 53 174 113 11 70 177 169 85 108 151 128 133 34 167 120 148 168 126 153 139 23 16 140 159 4 17 111 67 45 114 121 22 65 170 127 181 146 25 59 57 187 191 194 93 49 149 60 173 197 63 198 78 115 24 141 94 118 41 36 12 145 10 188 185 199 40 30 123 19 88 100 79 119 132 147 179 136 14 138 6 15 196 158 61 178 129 110 166 52 37 35 42 50 1 9 143 171 184 175 131 183 163 122 64 74 192 91 161 104 165 162 43 92 95 137 76 164 152 54 97 81 20 180 195 51 135 47 77 29 83 46 200 27 80 75 3 82 71 33 156 176 58 96 18 189 107 5 8 7 21 101 68 103 116 66 144 99 31 125 157 134 13 193 117 172 182 186 190 112 130 
Sun Apr 06 11:34:31 2014
times:3
solution is:15276.000000.       temperature is:999.990000
ans array:
108 160 89 73 102 155 190 39 186 61 15 21 113 88 25 92 2 84 121 139 53 185 146 188 193 1 23 45 124 168 94 49 56 48 74 142 36 6 98 140 12 173 170 78 179 47 69 30 195 196 182 55 128 144 143 105 85 101 17 150 178 166 177 10 65 180 81 24 22 13 86 4 135 96 167 66 187 59 28 119 34 44 67 126 112 171 76 14 16 123 7 20 148 54 145 132 151 120 131 64 115 33 200 174 154 100 122 52 194 141 41 109 136 106 83 42 80 19 9 40 79 91 181 95 159 153 38 184 133 87 82 114 138 163 58 32 137 70 191 37 43 156 18 3 63 68 57 29 93 130 97 72 198 199 104 71 111 62 60 51 165 129 90 11 35 5 8 149 26 197 164 50 161 157 125 75 134 175 103 77 176 162 183 118 158 172 192 117 107 99 46 189 147 110 116 169 27 152 127 31 
Sun Apr 06 11:34:51 2014
times:4
solution is:15169.000000.       temperature is:999.990000
ans array:
31 200 190 89 32 157 65 177 125 160 186 113 56 84 132 146 173 15 28 55 171 148 193 45 2 73 16 10 61 137 128 155 50 115 1 21 39 120 64 139 22 138 198 62 181 119 102 82 92 164 48 114 59 174 19 163 9 86 69 85 140 41 24 168 170 182 49 179 159 95 68 101 191 70 126 195 12 36 136 40 196 135 184 187 91 121 5 167 42 52 131 149 144 143 142 93 33 100 30 74 166 158 78 185 194 37 94 104 27 72 199 75 17 34 106 18 88 111 60 124 79 98 8 44 25 67 47 169 162 151 29 112 150 176 58 197 66 153 71 105 165 133 127 46 81 26 63 4 154 189 123 80 11 175 38 54 87 180 6 156 7 118 188 96 83 57 110 161 122 152 23 183 51 147 13 109 134 43 145 107 141 178 76 35 97 99 20 129 172 117 90 14 3 116 192 103 77 130 53 108 
Sun Apr 06 11:35:11 2014
times:5
solution is:15308.000000.       temperature is:999.990000
ans array:
193 176 105 48 98 181 190 106 139 167 30 113 89 126 128 61 157 154 24 142 87 146 102 65 135 59 200 21 86 63 109 195 149 36 182 188 28 158 160 49 67 79 137 120 119 68 185 148 115 170 10 95 177 42 19 45 53 107 17 173 100 11 191 56 99 50 112 138 78 118 29 183 34 166 121 82 62 144 93 94 72 33 58 196 39 155 145 22 12 140 153 55 2 84 41 37 194 116 69 23 83 14 66 92 127 136 70 16 104 88 163 101 52 179 7 9 169 175 35 3 161 156 143 174 71 85 122 114 75 171 13 199 152 172 168 91 124 5 54 73 110 197 111 1 186 47 132 64 43 90 141 180 162 38 147 123 159 198 150 44 6 131 151 103 27 77 20 80 74 184 15 96 18 25 133 60 178 164 81 51 26 129 76 125 8 108 165 46 189 192 134 97 117 187 32 57 4 40 130 31 
Sun Apr 06 11:35:31 2014
times:6
solution is:15308.000000.       temperature is:999.990000
ans array:
108 160 102 38 155 56 170 48 86 89 181 184 17 28 139 53 121 30 140 194 142 54 59 50 78 105 16 42 61 101 68 171 40 21 166 2 33 136 62 45 143 144 113 70 154 128 173 177 23 167 10 149 24 137 195 148 176 52 15 81 107 114 7 66 168 138 79 19 74 124 65 110 92 32 34 197 198 57 44 60 185 85 162 64 94 22 11 158 132 174 73 191 129 135 100 36 126 41 112 12 93 43 157 182 122 159 95 178 187 8 169 55 146 39 97 165 25 84 5 119 153 196 63 151 98 29 88 9 200 37 103 4 164 1 147 109 69 120 71 115 96 72 180 145 116 172 46 47 179 141 130 83 199 67 186 51 20 87 156 106 163 161 35 150 49 188 123 183 13 27 118 111 75 18 133 131 99 31 14 192 104 82 77 91 125 58 189 3 6 193 26 117 90 80 175 76 190 134 152 127 
Sun Apr 06 11:35:52 2014
times:7
solution is:15265.000000.       temperature is:999.990000
ans array:
193 38 157 190 91 186 56 135 87 155 4 21 150 171 173 84 89 109 16 113 139 148 137 154 22 141 166 15 79 39 48 181 142 168 100 60 94 90 174 108 140 23 198 19 26 45 98 65 105 12 86 62 59 36 67 194 160 52 69 170 50 47 164 178 61 177 102 71 82 120 27 167 188 144 25 37 6 115 124 136 54 42 28 85 2 183 53 176 93 11 128 24 101 106 33 200 182 153 185 131 121 40 114 63 163 119 175 49 72 32 179 197 88 95 191 123 132 44 112 78 17 34 9 97 151 149 74 146 80 199 75 83 122 29 165 126 55 138 18 195 118 143 1 133 159 57 30 68 92 156 161 184 196 158 8 43 169 70 7 41 129 127 104 73 103 35 152 116 110 64 20 76 172 130 145 162 81 14 180 5 58 3 99 51 46 134 13 189 111 192 147 125 187 77 117 96 107 10 66 31 
Sun Apr 06 11:36:12 2014
times:8
solution is:15318.000000.       temperature is:999.990000
ans array:
199 105 190 160 186 80 157 12 155 187 163 33 28 84 130 2 167 9 17 180 179 98 114 176 131 102 10 148 200 65 4 139 113 49 89 120 23 138 1 133 174 42 193 61 115 50 16 170 32 79 25 140 185 198 30 24 85 40 36 82 19 181 45 195 100 81 59 39 173 7 188 197 52 87 142 171 124 123 128 145 101 135 136 149 132 106 95 78 191 109 194 34 21 93 141 177 69 54 37 119 166 88 159 110 74 92 64 144 127 41 27 15 86 99 169 8 158 18 172 184 47 151 137 182 66 11 48 43 53 6 154 178 116 126 67 196 76 175 35 22 162 60 5 70 121 63 168 122 104 14 103 143 55 156 91 118 38 77 150 165 58 57 146 71 68 112 153 96 164 20 83 183 44 125 51 46 117 192 29 111 134 62 189 107 152 161 129 26 90 73 3 147 75 94 97 72 13 31 56 108 
Sun Apr 06 11:36:34 2014
times:9
solution is:15170.000000.       temperature is:999.990000
ans array:
31 105 130 155 2 16 10 89 61 193 150 195 73 128 157 167 132 142 17 148 28 27 50 114 21 56 121 120 92 154 198 113 63 126 177 164 86 173 153 43 184 94 171 22 93 87 144 84 36 102 39 19 62 182 168 174 135 140 196 141 67 53 160 88 191 80 41 85 181 79 4 59 15 170 44 186 101 187 70 68 183 52 200 42 138 124 163 159 60 72 34 65 75 12 175 145 136 24 74 25 172 37 194 98 18 139 119 149 100 169 54 26 137 11 64 20 30 115 179 69 188 78 107 178 49 151 38 3 96 66 129 95 8 33 122 1 158 45 199 118 40 111 180 133 46 7 57 197 117 166 110 29 147 14 143 6 123 131 90 165 176 32 47 58 91 152 83 112 55 71 5 109 162 108 104 9 103 134 13 156 82 161 48 189 35 23 185 99 127 125 146 81 77 51 76 97 190 116 106 192 
Sun Apr 06 11:36:54 2014
The average run time for the algorithm is : 20.324300
The average solution for the algorithm is : 15283.800000
The maxx solution for the algorithm is : 15384.000000
The minn solution for the algorithm is : 15169.000000
