period=20.000000
Sun Apr 06 11:36:54 2014

N=200 M=20
times:0
solution is:14390.000000.       temperature is:999.990000
ans array:
32 56 106 45 51 29 176 57 167 141 101 19 10 170 133 4 96 166 188 1 200 20 185 102 120 129 111 168 183 70 87 55 193 78 92 146 25 110 139 113 109 173 182 26 164 145 80 195 153 112 41 53 73 27 8 33 169 72 148 180 161 191 151 186 15 192 158 63 108 39 134 138 47 18 86 154 60 100 123 54 137 12 67 81 69 31 156 77 121 128 119 58 181 71 124 177 37 197 196 17 115 44 165 163 42 88 127 98 28 126 7 152 184 172 50 130 157 38 76 21 135 34 74 13 43 160 36 61 150 131 198 5 79 118 171 103 155 49 85 2 143 30 142 97 68 75 199 99 59 95 144 16 149 147 107 117 93 89 9 140 48 136 22 114 178 105 52 35 6 11 162 187 104 65 83 46 122 90 66 3 189 91 23 116 179 24 132 82 62 159 14 64 175 190 125 84 94 174 194 40 
Sun Apr 06 11:37:15 2014
times:1
solution is:14390.000000.       temperature is:999.990000
ans array:
6 55 29 56 161 146 191 177 100 129 169 18 180 102 123 76 39 10 188 113 87 148 51 176 38 199 8 200 181 159 144 106 121 167 101 19 86 82 57 95 70 195 183 136 109 71 104 186 168 94 110 17 13 125 74 163 81 67 21 157 33 124 31 37 158 59 151 150 4 92 88 131 112 108 15 28 24 137 69 145 1 192 47 198 7 164 193 41 77 43 173 153 54 152 126 26 175 128 135 53 166 42 182 97 62 120 118 127 194 197 80 72 171 149 139 75 165 134 133 185 58 78 68 36 117 63 25 65 32 34 189 147 138 52 130 119 170 9 12 190 142 103 30 49 85 107 141 184 60 116 35 79 83 22 11 156 155 93 5 162 46 50 14 91 23 111 98 61 2 178 154 132 64 3 187 84 160 143 48 73 44 122 140 174 172 96 196 99 105 179 90 40 114 20 27 66 45 89 115 16 
Sun Apr 06 11:37:36 2014
times:2
solution is:14233.000000.       temperature is:999.990000
ans array:
6 55 10 29 113 176 51 89 131 45 140 124 1 161 7 169 31 165 139 119 168 57 137 41 97 193 192 36 25 107 102 4 30 129 77 200 70 145 167 101 20 33 67 181 43 21 135 104 108 13 15 38 93 26 196 188 100 136 86 39 128 19 109 8 162 186 182 99 198 76 3 98 118 42 183 66 158 170 120 197 174 78 63 117 17 149 24 141 151 173 126 81 62 53 88 37 148 133 190 166 115 106 18 160 150 2 187 72 142 44 189 110 65 54 123 9 71 171 58 121 75 153 22 34 87 95 185 56 164 49 184 163 144 11 79 112 127 134 116 125 82 96 35 91 146 83 172 60 156 159 111 103 23 143 27 177 157 152 138 147 85 12 52 47 154 69 194 61 191 74 68 50 46 80 175 64 155 40 73 84 178 90 180 105 14 122 59 32 195 132 5 94 48 179 114 28 199 130 16 92 
Sun Apr 06 11:37:58 2014
times:3
solution is:14389.000000.       temperature is:999.990000
ans array:
6 176 29 56 20 124 146 55 70 168 38 119 100 139 169 25 87 53 196 101 86 30 76 120 39 156 189 89 179 21 195 1 102 57 158 199 10 129 197 170 192 198 41 148 63 161 112 31 183 13 33 51 173 18 133 77 188 109 162 167 32 150 140 92 136 113 200 45 84 12 7 106 135 144 177 59 131 23 54 81 88 127 27 15 74 166 2 181 193 121 123 104 8 194 97 165 186 67 17 26 128 91 178 191 145 153 163 154 149 182 43 152 157 83 65 3 69 125 137 159 72 82 22 37 138 44 47 75 98 115 110 95 96 36 190 71 164 99 85 11 141 175 61 107 114 24 184 180 58 42 50 118 122 80 68 4 185 147 90 174 116 117 79 46 52 19 126 143 172 187 130 103 5 78 142 34 134 111 60 62 48 105 132 94 35 28 93 40 155 73 49 14 160 16 171 108 66 151 9 64 
Sun Apr 06 11:38:19 2014
times:4
solution is:14374.000000.       temperature is:999.990000
ans array:
170 29 56 106 89 76 146 10 45 124 57 151 119 129 166 167 30 20 84 97 109 100 161 156 164 188 70 139 21 13 88 143 39 162 141 33 55 86 181 77 192 92 118 4 194 53 63 150 191 17 182 98 108 193 107 183 136 145 127 158 15 101 26 144 113 169 116 128 36 74 102 7 186 43 177 8 47 51 28 1 195 41 165 96 24 2 200 112 67 148 110 64 94 133 121 135 142 18 137 197 153 174 11 149 78 196 180 184 114 69 134 171 68 80 62 123 72 42 34 50 22 172 65 79 60 130 32 103 140 125 5 91 99 58 120 163 95 115 122 173 23 73 31 198 61 6 54 132 152 75 59 138 104 157 187 40 35 147 82 179 52 12 190 160 87 131 85 37 90 175 3 159 189 155 48 46 126 83 49 117 66 105 71 27 25 81 16 9 111 14 93 44 38 154 19 178 199 168 176 185 
Sun Apr 06 11:38:41 2014
times:5
solution is:14141.000000.       temperature is:999.990000
ans array:
6 55 23 94 76 92 113 41 100 70 167 161 47 10 37 4 146 182 51 171 158 180 129 166 67 121 101 33 102 193 143 119 164 15 108 13 195 200 124 65 156 159 170 25 139 196 57 153 11 18 173 81 116 86 177 192 154 109 111 188 162 87 183 123 150 97 43 126 88 168 112 71 54 82 104 115 181 28 69 128 144 96 106 58 190 50 78 66 137 21 56 45 135 17 127 174 7 95 62 125 53 2 73 80 148 42 8 39 38 118 24 110 64 157 197 12 59 98 34 84 169 155 136 61 117 131 152 74 142 132 26 163 91 99 72 141 186 107 27 179 40 31 1 77 120 16 20 5 198 105 147 145 140 60 191 63 176 134 79 22 46 130 75 175 178 187 90 189 103 3 133 19 36 184 122 149 52 85 35 138 165 83 68 114 172 93 194 9 151 44 48 49 199 14 30 32 29 160 89 185 
Sun Apr 06 11:39:02 2014
times:6
solution is:14272.000000.       temperature is:999.990000
ans array:
29 56 10 170 148 20 89 167 176 169 76 57 113 156 51 146 12 101 188 23 164 86 129 139 18 199 112 77 19 36 171 31 4 109 195 53 42 166 68 2 131 198 141 47 178 124 119 151 121 161 108 25 193 33 81 45 123 54 103 9 70 192 180 100 88 37 172 127 72 107 34 50 102 6 78 173 99 28 26 15 58 7 82 200 183 13 44 182 126 135 177 120 92 83 65 187 185 73 140 1 63 71 162 110 145 97 75 153 165 181 98 197 143 96 144 137 91 38 8 17 168 43 163 22 27 186 69 32 128 55 150 122 114 67 41 157 142 184 191 136 60 49 138 74 39 155 152 149 147 59 62 24 95 115 52 158 125 117 11 79 104 159 190 118 196 134 106 194 105 179 133 61 132 85 93 35 16 90 116 175 46 48 66 174 40 154 130 5 3 64 14 111 21 80 30 94 189 84 87 160 
Sun Apr 06 11:39:23 2014
times:7
solution is:14412.000000.       temperature is:999.990000
ans array:
189 29 53 56 169 167 57 176 41 135 100 196 25 55 124 119 161 146 13 193 77 30 128 129 97 6 141 131 177 121 2 115 18 170 86 21 173 195 51 109 10 45 168 145 91 108 148 70 163 72 152 20 64 197 15 192 162 78 61 4 136 200 137 164 139 114 106 38 34 188 126 102 88 92 117 107 185 26 175 54 76 37 8 153 149 39 65 165 80 158 151 59 7 23 42 166 12 43 127 123 32 58 33 62 82 83 186 113 101 154 134 112 98 66 67 50 150 1 156 17 182 120 87 47 103 198 181 79 49 96 118 16 14 183 36 11 171 199 133 93 191 144 159 155 180 31 75 110 138 125 60 187 122 35 111 28 71 190 116 157 69 73 44 27 132 178 19 147 3 81 5 22 142 105 143 95 85 99 172 179 84 40 52 48 74 46 68 140 184 63 130 9 160 90 174 194 94 89 104 24 
Sun Apr 06 11:39:45 2014
times:8
solution is:14502.000000.       temperature is:999.990000
ans array:
185 29 167 76 200 161 57 169 20 89 6 177 38 10 195 51 108 13 55 186 182 39 113 124 77 146 67 58 28 171 25 102 7 98 156 123 119 54 193 151 120 12 70 1 176 100 92 4 101 197 166 110 148 163 21 129 188 136 56 45 106 137 112 81 99 164 65 170 133 33 173 131 153 15 63 135 141 109 74 42 162 88 184 26 94 144 36 86 47 59 192 80 23 183 198 82 3 96 107 37 150 115 126 31 16 78 158 132 121 43 152 168 199 181 97 18 50 191 72 27 69 149 155 134 32 34 87 127 125 196 19 60 140 41 73 117 154 91 159 95 103 79 147 174 190 2 143 84 111 116 157 64 17 71 8 145 165 179 187 75 189 30 52 138 35 118 49 68 85 11 104 5 93 14 83 122 61 178 22 114 66 130 62 160 90 46 172 9 142 105 48 128 24 175 194 139 53 180 44 40 
Sun Apr 06 11:40:07 2014
times:9
solution is:14391.000000.       temperature is:999.990000
ans array:
29 56 45 10 158 188 160 55 169 176 18 167 20 41 113 13 73 168 77 81 148 38 177 12 4 110 129 88 112 180 137 100 7 124 11 2 123 25 119 31 164 37 53 109 197 170 182 139 19 102 173 199 70 126 192 57 154 33 106 161 150 49 54 26 97 181 165 67 193 200 76 98 151 131 32 8 189 196 21 162 85 36 72 195 120 30 65 140 108 125 50 141 187 42 146 99 86 82 69 118 184 134 171 157 39 17 15 84 80 87 107 74 149 135 153 185 24 117 121 152 78 101 83 63 28 138 115 144 147 27 103 51 133 9 43 58 71 61 156 47 136 40 128 111 130 1 35 59 198 34 191 96 159 95 122 46 114 91 127 145 44 186 163 166 68 93 175 79 60 104 143 23 142 14 183 105 48 116 132 3 179 16 90 155 172 178 75 22 6 190 52 89 194 94 62 92 5 64 174 66 
Sun Apr 06 11:40:29 2014
The average run time for the algorithm is : 21.514400
The average solution for the algorithm is : 14349.400000
The maxx solution for the algorithm is : 14502.000000
The minn solution for the algorithm is : 14141.000000
