period=20.000000
Sun Apr 06 11:40:29 2014

N=200 M=20
times:0
solution is:14619.000000.       temperature is:999.990000
ans array:
189 47 191 126 196 141 103 19 16 30 14 85 188 171 132 178 142 50 22 87 200 24 37 26 146 195 86 31 166 83 162 49 160 57 187 70 109 107 79 169 133 116 197 56 12 184 41 68 180 152 48 100 183 39 123 84 60 44 110 46 94 74 71 77 153 174 69 148 51 198 194 124 118 147 135 88 8 89 112 21 38 157 23 176 125 13 151 42 10 179 173 170 192 145 25 182 181 130 138 52 72 15 113 104 106 6 59 156 137 121 119 167 140 105 4 155 96 36 168 172 53 159 154 43 108 136 63 92 150 161 186 54 73 82 101 102 163 91 9 199 185 127 65 120 62 80 99 78 122 28 66 76 190 90 149 128 158 115 29 34 61 164 98 35 11 117 55 129 58 97 17 64 193 175 45 134 81 111 177 32 67 2 143 139 33 20 93 165 114 1 40 18 7 75 144 3 5 27 131 95 
Sun Apr 06 11:40:51 2014
times:1
solution is:14555.000000.       temperature is:999.990000
ans array:
189 55 191 197 126 46 49 14 144 89 162 12 39 160 157 178 171 42 24 26 141 195 112 153 70 65 138 100 188 182 37 129 68 135 159 109 87 152 147 83 196 107 79 41 30 4 119 22 200 15 16 170 133 110 142 44 88 59 118 85 187 174 32 140 91 123 31 124 20 21 50 199 95 167 48 130 149 192 120 132 53 146 105 7 168 36 51 74 151 179 198 104 47 6 57 8 2 137 166 150 38 54 169 193 5 84 173 60 25 128 136 176 19 34 98 148 154 106 163 164 184 92 115 125 180 75 96 131 73 117 3 103 82 77 72 156 127 165 29 113 56 145 99 86 114 52 18 81 108 33 172 62 90 101 10 11 64 111 80 194 116 102 61 190 71 9 67 76 40 1 185 134 69 183 28 139 45 143 58 175 23 161 122 17 97 94 43 63 27 177 158 78 66 121 181 93 186 35 155 13 
Sun Apr 06 11:41:12 2014
times:2
solution is:14679.000000.       temperature is:999.990000
ans array:
103 1 14 62 126 127 157 169 12 162 77 24 57 109 171 30 191 170 133 100 26 86 15 152 41 105 65 70 87 49 73 37 142 35 200 188 6 184 168 192 149 129 42 116 181 10 85 146 22 193 8 182 166 130 174 183 89 198 39 136 159 51 56 131 187 107 9 21 197 118 46 79 54 123 47 83 124 173 125 196 167 138 38 50 19 153 74 81 36 119 110 178 44 2 23 113 52 91 58 43 82 84 164 31 4 108 16 176 137 135 106 140 72 112 199 194 150 180 195 68 92 5 80 25 117 18 69 55 98 3 101 71 76 60 59 139 96 40 28 64 7 147 175 160 66 48 34 163 154 95 88 145 61 53 114 148 99 190 104 134 67 120 17 29 161 189 115 186 141 185 11 97 179 13 156 94 122 63 20 172 90 158 121 102 33 177 151 132 45 27 78 165 143 75 93 111 144 128 32 155 
Sun Apr 06 11:41:34 2014
times:3
solution is:14705.000000.       temperature is:999.990000
ans array:
103 157 132 68 196 35 14 141 105 31 39 191 24 109 176 42 125 65 41 179 49 171 59 197 162 77 178 100 107 79 166 12 138 87 84 30 170 133 182 153 187 5 47 110 52 28 160 95 3 1 152 7 43 119 169 72 36 86 21 23 168 50 29 123 126 85 117 51 174 154 145 83 167 142 198 10 173 69 146 101 9 127 99 186 16 183 89 54 19 22 192 88 74 64 199 180 159 8 48 44 60 190 34 184 96 131 130 37 140 129 124 70 113 98 15 102 137 38 128 151 92 118 57 135 2 20 32 172 56 134 149 189 61 75 150 108 115 194 106 163 63 4 55 53 97 18 13 81 116 161 91 188 164 80 11 33 6 144 122 156 148 45 93 66 82 195 58 158 111 46 90 120 185 114 104 143 175 73 71 25 78 165 121 112 155 177 62 67 40 27 17 193 26 139 136 200 76 94 181 147 
Sun Apr 06 11:41:56 2014
times:4
solution is:14591.000000.       temperature is:999.990000
ans array:
35 155 113 47 191 144 188 42 39 157 83 41 31 162 49 70 38 30 14 160 197 182 15 171 135 44 79 166 37 105 110 68 48 12 184 16 101 50 24 141 4 80 192 173 119 85 65 89 142 107 63 123 174 19 6 136 109 8 112 167 46 153 180 7 54 186 22 178 146 118 76 32 74 56 159 59 165 170 52 127 176 187 87 200 91 140 195 72 152 194 28 58 181 23 196 147 169 103 2 55 21 60 130 138 69 133 193 124 114 100 151 25 116 137 11 117 40 51 96 10 131 115 29 36 5 164 139 82 81 172 129 106 179 57 95 9 33 88 190 86 199 73 64 125 13 92 161 175 62 104 132 145 75 67 158 108 98 99 93 183 185 77 20 71 1 97 163 84 128 134 43 149 66 168 156 102 148 150 121 53 120 189 198 61 154 78 90 122 94 143 45 27 17 111 177 18 26 34 3 126 
Sun Apr 06 11:42:17 2014
times:5
solution is:14646.000000.       temperature is:999.990000
ans array:
162 1 157 191 64 132 171 65 195 142 14 123 105 39 21 47 83 79 126 153 167 96 68 166 56 170 144 95 70 187 128 85 48 24 200 110 178 168 129 182 141 54 88 36 109 4 31 125 198 22 3 106 188 145 133 189 12 41 100 163 30 5 51 112 91 138 9 197 23 118 26 124 15 18 89 44 192 69 60 16 50 135 7 173 127 107 152 74 196 92 104 147 180 119 38 71 28 42 146 117 80 49 73 8 176 52 25 190 199 184 116 61 58 37 63 32 140 174 137 156 11 175 130 154 57 35 155 113 159 101 151 103 108 45 2 181 183 149 29 20 172 6 122 150 43 160 97 115 99 10 72 131 46 90 136 193 33 76 77 169 185 161 143 81 164 59 55 139 82 78 62 148 75 102 98 134 84 179 27 67 86 34 114 13 17 158 121 53 66 177 111 120 87 194 93 186 94 165 40 19 
Sun Apr 06 11:42:39 2014
times:6
solution is:14460.000000.       temperature is:999.990000
ans array:
132 14 200 135 20 133 195 141 191 166 144 157 180 68 142 65 196 126 6 105 41 109 184 52 160 42 47 4 44 178 187 21 12 39 198 170 171 110 176 77 30 197 84 130 186 60 18 83 70 46 87 49 137 74 188 123 34 138 158 119 38 36 15 162 140 88 147 19 89 24 73 48 146 22 8 165 174 145 173 3 71 182 16 106 50 76 101 85 159 72 26 192 29 28 69 179 79 161 172 153 152 31 63 169 10 181 124 9 93 32 75 55 117 151 11 168 125 107 80 59 86 61 96 57 118 127 108 92 13 23 58 99 167 2 67 56 154 148 136 112 129 163 149 5 104 199 183 51 45 156 53 37 139 91 189 115 7 66 143 82 33 78 97 64 116 150 190 134 155 194 81 1 98 90 128 131 43 121 113 54 120 164 100 111 95 62 40 102 175 25 122 185 114 177 27 17 193 94 103 35 
Sun Apr 06 11:43:00 2014
times:7
solution is:14533.000000.       temperature is:999.990000
ans array:
103 155 113 197 187 126 200 49 42 39 47 171 112 31 14 92 162 26 191 70 9 170 168 157 15 144 22 138 142 87 178 110 85 192 24 79 188 195 153 140 4 82 68 30 156 196 167 91 16 137 19 185 89 135 12 5 36 116 166 8 65 124 186 57 128 109 41 172 48 107 74 130 52 100 77 118 125 173 51 108 147 50 129 183 21 182 86 159 18 1 28 106 2 59 141 136 180 146 169 145 132 119 81 101 150 20 60 149 111 44 174 54 176 123 64 105 193 88 17 56 114 84 61 6 198 148 152 184 190 38 25 151 154 11 69 163 7 189 46 134 78 55 161 63 139 72 175 160 95 29 117 37 102 98 165 131 76 179 133 73 23 35 194 40 120 67 62 143 58 115 83 66 158 199 43 177 80 71 104 33 10 34 45 97 127 99 90 53 122 75 32 181 13 96 121 27 164 93 3 94 
Sun Apr 06 11:43:22 2014
times:8
solution is:14616.000000.       temperature is:999.990000
ans array:
103 126 1 20 53 169 97 155 14 187 15 195 31 200 191 123 178 152 42 166 4 109 16 184 162 100 171 197 22 41 46 49 83 151 24 107 30 68 141 39 50 130 79 193 192 85 70 47 2 142 135 12 182 89 32 110 81 26 116 119 138 37 137 36 74 133 170 44 159 8 106 198 23 59 154 129 18 180 60 87 183 69 28 118 168 146 157 101 128 147 57 140 77 174 112 153 196 52 127 51 108 125 56 65 66 105 98 104 6 71 55 48 3 186 11 124 115 73 131 148 91 9 38 164 19 185 62 173 167 80 188 84 45 199 149 181 161 25 63 136 54 189 92 21 88 176 61 172 10 72 78 158 43 33 175 163 76 143 5 117 82 96 120 111 122 194 114 86 95 113 40 190 156 102 150 94 58 145 177 139 7 134 34 35 99 90 17 179 144 29 93 165 13 67 75 132 64 160 121 27 
Sun Apr 06 11:43:43 2014
times:9
solution is:14519.000000.       temperature is:999.990000
ans array:
103 122 162 195 89 133 144 14 157 126 24 30 39 191 50 170 85 107 51 200 83 65 113 21 187 171 123 188 41 153 26 160 2 168 12 57 69 197 137 178 31 167 142 91 100 112 109 49 135 110 138 36 48 70 129 87 47 119 125 156 174 193 146 84 184 179 141 59 4 131 166 147 105 8 183 88 152 173 28 148 23 108 106 37 128 159 169 72 118 74 54 185 29 182 95 154 127 77 32 150 192 196 90 44 22 124 176 15 140 3 98 194 42 16 104 79 116 130 136 180 139 17 145 96 62 76 5 66 9 198 58 56 163 52 102 18 63 151 165 143 149 93 7 186 6 164 64 120 73 199 25 82 60 172 86 19 1 81 10 13 34 115 158 117 175 101 68 40 43 75 46 11 38 33 71 67 20 61 55 80 97 181 121 92 190 78 134 99 189 161 53 111 132 114 27 177 155 45 94 35 
Sun Apr 06 11:44:05 2014
The average run time for the algorithm is : 21.609800
The average solution for the algorithm is : 14592.300000
The maxx solution for the algorithm is : 14705.000000
The minn solution for the algorithm is : 14460.000000
