period=50.000000
Sun Apr 06 11:51:51 2014

N=500 M=20
times:0
solution is:30222.000000.       temperature is:999.990000
ans array:
133 452 216 55 103 387 209 214 353 349 433 313 496 487 381 306 85 295 37 22 54 343 424 34 288 362 260 275 473 385 160 192 243 383 303 331 202 112 494 356 334 180 447 114 370 471 158 290 205 153 451 151 88 148 358 42 128 184 359 83 18 250 41 239 129 302 484 320 96 316 292 6 29 149 408 105 369 199 374 332 110 372 258 248 411 388 431 443 179 140 145 165 13 321 191 367 298 377 395 286 127 189 256 224 378 470 486 50 469 465 389 498 472 344 19 198 246 468 194 315 81 245 339 428 458 115 345 143 62 108 278 78 347 122 222 74 10 296 1 154 157 201 430 220 304 135 398 173 181 56 464 254 172 499 263 208 335 483 31 491 318 454 57 142 336 130 101 99 152 244 477 255 185 136 102 109 166 384 168 107 139 327 61 159 226 229 87 215 124 177 386 264 167 289 341 350 4 113 174 414 467 131 89 497 169 95 217 106 478 242 391 337 308 238 213 262 364 476 360 16 268 52 480 97 150 183 123 481 415 267 147 440 421 323 436 309 94 355 119 438 68 176 237 281 171 299 448 92 485 69 15 427 64 311 21 456 91 100 301 463 14 175 82 241 146 195 227 376 121 76 39 348 346 283 400 162 277 218 379 417 5 67 247 126 43 70 410 368 446 432 231 371 141 425 11 287 319 357 437 276 77 163 232 423 280 203 104 236 404 259 361 212 210 111 495 293 338 252 225 53 270 66 178 84 401 156 382 351 399 314 30 9 46 40 482 230 479 186 300 394 234 363 409 72 26 416 120 402 219 27 455 207 28 118 325 80 444 462 380 310 333 340 240 38 366 138 58 63 60 429 434 265 284 373 445 25 35 442 449 460 155 47 20 492 439 49 412 397 266 2 223 79 196 489 342 272 305 269 204 71 393 59 271 403 73 144 475 322 161 23 420 329 93 453 8 193 33 274 117 450 418 375 392 17 365 44 257 65 3 466 291 413 457 233 251 352 396 249 7 228 137 45 182 86 459 294 132 188 221 390 405 253 422 330 206 36 187 235 474 200 406 90 75 493 197 211 307 164 407 170 12 261 500 125 490 419 24 324 326 279 312 441 354 51 461 32 426 297 285 190 488 328 98 317 273 282 116 435 48 134 
Sun Apr 06 11:52:57 2014
times:1
solution is:30271.000000.       temperature is:999.990000
ans array:
215 68 433 295 152 199 387 103 319 447 452 293 407 96 94 120 275 424 258 54 483 91 256 14 245 85 381 225 338 150 27 191 335 167 470 288 413 89 242 250 82 369 180 162 32 263 186 318 282 166 149 254 83 95 415 297 185 341 374 22 394 6 52 181 370 485 494 131 148 153 476 408 43 353 499 184 84 496 224 267 138 145 367 16 139 246 128 141 327 146 383 334 290 74 411 198 458 238 53 386 324 98 339 243 331 313 37 344 414 463 104 202 389 41 471 472 135 13 116 107 392 487 486 1 178 469 315 259 456 349 80 160 129 362 110 345 402 228 151 69 468 373 171 15 466 289 303 62 109 336 50 343 276 210 306 403 320 101 127 431 395 497 88 384 388 124 368 169 144 428 480 423 168 114 409 448 174 332 173 300 211 206 126 299 42 311 21 237 248 147 283 157 136 63 410 218 122 442 435 278 226 220 286 443 398 498 56 323 477 309 445 97 467 209 28 51 196 427 377 239 380 5 34 312 268 361 274 342 451 4 143 365 271 434 189 61 372 18 356 454 31 244 358 340 418 465 255 217 163 382 10 277 154 446 412 347 357 194 72 359 201 231 133 40 260 58 221 55 38 421 161 222 130 488 216 204 205 481 113 325 490 78 214 81 307 321 378 375 223 232 479 99 177 26 348 493 360 440 9 247 64 213 393 11 460 270 482 350 212 33 125 100 112 165 292 491 19 179 123 59 284 229 287 29 92 379 430 405 473 176 399 453 49 102 106 140 170 291 66 364 406 227 296 449 464 70 46 298 115 105 207 208 39 280 175 111 333 495 439 65 478 371 86 183 363 71 376 219 155 192 437 422 134 45 12 240 142 132 273 484 346 492 489 391 233 200 301 328 264 57 425 241 314 390 462 188 119 401 48 457 60 121 30 234 90 230 24 397 304 187 257 310 459 193 118 281 400 316 396 308 77 252 17 272 285 73 438 317 366 444 172 351 355 330 419 108 36 475 203 426 93 417 329 420 269 47 158 8 75 404 294 266 197 450 249 455 182 7 500 23 337 354 67 279 262 117 20 251 432 159 87 352 416 236 322 305 79 474 195 461 156 76 326 164 235 441 261 429 265 2 35 25 44 3 385 253 137 436 302 190 
Sun Apr 06 11:54:03 2014
times:2
solution is:30166.000000.       temperature is:999.990000
ans array:
67 192 413 369 477 311 494 83 94 437 135 185 55 91 349 103 265 345 452 100 288 431 132 353 139 227 321 88 381 152 374 302 327 398 472 22 334 480 14 158 150 213 306 69 145 275 27 389 451 86 255 395 335 21 42 362 246 447 340 84 290 37 295 324 469 360 256 332 372 368 456 39 254 298 258 245 387 496 166 262 370 51 56 336 243 449 344 315 250 165 208 54 97 263 89 52 377 101 237 384 210 214 286 247 488 180 296 151 138 487 297 215 62 174 4 157 414 43 470 32 270 435 109 102 363 408 497 131 191 16 313 81 388 202 61 458 244 309 168 205 260 140 147 242 129 130 434 199 476 463 108 356 420 410 373 385 128 411 316 359 153 277 240 125 99 448 201 123 338 320 325 485 64 234 285 45 483 211 380 114 224 415 427 85 107 53 364 493 425 143 162 282 424 226 41 159 96 6 124 146 18 184 95 172 48 478 31 176 421 92 80 182 402 391 461 115 198 318 8 60 442 65 248 167 358 233 378 105 173 479 75 33 68 206 354 299 200 428 399 181 383 465 148 141 382 238 241 341 346 163 231 219 177 482 287 63 464 82 361 393 471 347 38 209 417 5 239 25 112 339 486 120 1 160 34 110 78 155 444 217 304 218 319 189 407 87 375 118 337 495 328 13 15 333 314 430 284 46 36 403 134 225 113 193 26 350 127 351 220 190 29 323 221 436 204 111 348 331 149 279 175 133 232 179 161 481 498 396 252 467 423 10 2 303 371 50 186 438 308 98 443 57 376 171 484 24 271 119 259 454 491 126 268 400 93 293 422 343 106 280 117 441 322 20 74 446 104 58 264 236 207 492 274 154 187 28 49 473 489 365 266 40 70 137 142 468 229 278 394 450 500 475 397 77 178 439 499 291 305 79 357 257 392 66 301 292 216 386 23 352 169 418 276 136 197 30 412 73 300 144 7 203 195 222 419 90 289 156 281 183 223 455 12 409 170 307 164 273 459 47 453 466 35 460 122 121 404 212 230 406 9 440 269 19 71 310 194 445 251 326 416 366 426 59 249 76 253 355 44 312 474 401 342 267 317 462 261 330 490 367 329 228 405 3 432 17 294 11 390 188 196 235 116 429 272 283 72 457 379 433 
Sun Apr 06 11:55:09 2014
times:3
solution is:30071.000000.       temperature is:999.990000
ans array:
62 116 452 288 377 224 481 374 103 338 381 152 349 86 250 51 158 469 89 335 56 496 303 395 48 282 214 186 454 243 256 227 22 447 198 192 483 494 368 358 484 343 345 275 139 151 94 138 222 407 487 255 387 414 167 379 113 295 302 120 370 181 100 202 433 319 216 385 210 411 324 217 6 290 248 147 328 229 391 267 37 353 237 228 410 137 327 148 318 323 435 41 109 242 160 88 386 488 362 274 286 341 434 29 456 145 177 336 408 42 23 97 191 369 356 486 110 378 480 470 428 150 409 32 131 169 491 316 398 466 128 146 154 172 129 278 283 143 52 85 333 471 463 361 187 18 40 136 320 260 367 53 50 231 297 101 233 213 238 83 364 155 106 489 464 190 263 344 417 126 306 220 184 254 5 27 258 225 1 176 458 60 119 339 157 49 293 340 130 287 142 234 259 399 55 384 296 180 183 204 69 33 140 247 98 332 162 215 199 354 54 300 499 166 135 189 127 334 392 432 382 68 173 64 211 310 134 451 80 185 87 31 342 331 337 346 389 61 104 315 245 474 221 102 431 175 205 95 321 383 39 57 7 74 144 437 314 114 457 19 304 482 171 424 16 404 285 165 449 270 271 309 498 111 472 442 201 360 372 209 84 149 218 10 357 28 495 299 161 153 257 4 71 420 82 280 35 112 44 81 307 252 178 124 478 47 174 313 200 468 63 230 272 400 206 479 450 9 415 91 292 380 485 168 156 14 422 419 108 13 15 246 439 45 43 239 163 430 99 25 477 473 115 226 446 348 497 363 107 453 373 308 359 93 465 401 34 281 423 58 371 365 75 444 125 232 77 418 133 76 236 329 291 179 347 445 301 21 467 425 240 461 366 500 298 393 325 194 105 208 405 312 351 78 26 438 92 30 403 448 492 412 421 132 72 96 241 90 223 123 376 475 402 79 266 38 122 196 73 416 427 396 279 20 193 164 273 390 70 269 355 268 394 455 118 249 212 261 65 443 426 17 289 67 276 493 490 330 305 219 11 59 170 159 284 476 406 251 117 121 188 429 207 8 350 203 277 294 352 397 182 244 322 375 36 195 24 460 253 311 326 262 441 388 12 462 3 440 141 459 235 46 197 265 413 2 436 317 66 264 
Sun Apr 06 11:56:15 2014
times:4
solution is:30222.000000.       temperature is:999.990000
ans array:
183 33 116 94 158 184 250 319 387 70 145 256 55 452 22 496 391 83 381 146 165 85 224 114 431 395 220 469 88 349 254 180 313 56 89 353 483 377 185 414 130 270 494 303 456 151 31 63 297 491 29 213 152 477 40 488 323 205 344 449 341 96 356 139 150 306 243 154 84 408 227 109 166 286 103 42 435 242 167 275 374 245 335 18 337 278 214 140 107 148 233 207 385 415 113 358 362 129 48 51 177 327 216 288 304 52 331 267 370 410 388 198 320 174 110 101 308 413 368 10 201 162 157 398 467 324 131 482 382 112 468 430 367 120 424 15 321 295 282 95 202 350 421 149 189 199 433 307 32 255 302 284 389 173 437 43 115 360 118 193 423 411 345 181 141 4 62 442 171 499 66 138 147 296 128 246 143 98 425 7 21 472 160 427 119 261 479 28 434 451 82 80 293 74 454 283 257 263 93 470 175 412 487 268 229 258 372 49 126 484 428 105 481 343 41 231 471 6 69 316 226 309 315 125 248 495 5 16 373 490 354 333 265 190 399 45 359 14 47 384 97 334 132 369 176 73 34 136 311 348 355 260 347 137 155 409 26 117 53 121 264 500 371 179 192 169 480 403 259 446 478 64 225 289 210 274 448 338 318 244 364 497 217 498 153 208 59 380 46 386 492 25 447 144 39 455 298 402 19 219 78 299 127 290 108 236 61 65 196 156 91 209 281 142 203 234 287 464 206 404 102 363 191 163 23 111 416 195 123 486 277 463 238 332 135 134 280 81 340 68 476 393 12 99 239 457 438 194 473 375 339 161 106 422 37 301 186 54 310 453 90 325 459 104 124 200 317 418 60 485 79 9 466 76 172 273 346 222 133 230 13 312 164 357 92 122 279 249 417 326 159 252 50 465 215 328 400 30 237 247 392 314 75 212 223 24 322 361 474 182 187 376 383 218 460 271 493 38 71 168 291 285 221 406 450 44 432 178 366 292 228 342 390 365 72 436 188 17 8 197 3 352 240 86 294 489 420 1 439 262 396 211 330 394 305 440 272 397 235 379 405 57 77 27 351 401 426 462 20 445 475 441 251 170 67 232 58 266 329 461 241 300 253 36 35 204 378 407 419 11 269 429 276 2 87 443 100 336 444 458 
Sun Apr 06 11:57:21 2014
times:5
solution is:30303.000000.       temperature is:999.990000
ans array:
407 55 169 59 493 158 433 250 62 313 18 94 225 103 387 494 85 251 398 162 395 270 83 367 61 27 362 150 311 335 50 116 111 243 89 56 345 491 288 448 242 381 477 145 469 361 483 327 86 410 69 370 267 184 109 358 29 382 51 260 485 146 138 220 374 385 135 279 22 487 139 254 467 296 91 114 113 126 349 202 292 265 255 54 321 167 208 353 6 303 336 281 37 213 49 415 28 227 341 435 198 120 318 43 406 286 224 454 157 181 189 48 377 316 230 101 217 180 97 389 154 201 205 149 151 110 338 325 414 160 74 499 32 359 283 176 45 128 356 332 473 13 16 340 428 80 498 129 344 130 53 348 368 186 298 204 206 82 102 4 275 41 496 320 209 290 124 299 342 147 312 166 222 315 466 306 277 84 424 77 465 411 5 441 79 226 64 219 360 87 337 308 373 259 383 10 105 431 88 419 232 216 421 100 471 191 319 141 463 304 203 278 125 365 123 464 302 104 99 425 258 143 234 192 199 408 42 363 95 331 447 78 8 399 107 248 297 171 34 474 39 108 323 12 470 140 268 15 168 246 153 98 350 364 295 33 228 194 68 245 112 231 7 488 71 229 490 440 457 92 369 375 177 152 432 333 472 115 161 444 495 183 386 282 460 380 241 96 165 148 58 132 247 384 430 38 239 21 451 287 343 461 179 436 453 492 409 347 31 478 366 70 163 256 427 372 339 19 2 437 284 329 442 423 486 65 346 81 244 500 480 392 434 439 328 142 127 324 196 334 489 497 66 187 173 443 1 215 60 355 379 174 293 185 52 330 481 420 190 402 388 172 445 211 121 221 412 144 137 391 484 14 378 182 218 272 253 280 188 262 40 401 393 438 418 371 90 305 118 422 30 75 223 63 119 397 310 67 178 404 122 26 322 46 164 468 9 36 274 289 207 417 72 237 301 257 238 449 300 17 475 479 482 3 394 156 195 131 271 261 426 136 23 106 276 159 117 376 24 314 47 273 236 294 354 193 25 400 252 170 200 396 57 405 403 233 197 307 459 450 20 44 35 93 351 429 269 357 326 291 73 455 76 352 264 446 266 240 175 249 11 390 235 462 212 413 263 317 133 452 416 309 210 476 285 458 456 155 214 134 
Sun Apr 06 11:58:27 2014
times:6
solution is:30328.000000.       temperature is:999.990000
ans array:
293 94 114 373 214 446 387 56 496 158 320 471 452 304 321 103 96 306 208 381 341 101 313 499 362 331 135 260 250 290 407 201 145 143 69 231 112 237 307 264 472 494 184 318 410 205 241 34 327 385 408 469 222 110 349 139 465 297 248 428 285 82 263 319 344 42 258 220 308 480 41 29 160 107 166 146 356 148 456 470 149 225 32 182 109 382 242 26 175 13 335 388 303 55 83 389 374 324 113 120 254 328 85 224 18 129 415 180 89 433 151 343 350 482 87 35 431 202 71 368 54 98 137 27 435 190 256 309 474 411 174 282 142 334 484 10 28 105 100 196 448 66 185 229 126 275 199 5 361 336 191 127 353 200 409 447 53 286 364 84 299 255 310 384 245 399 37 141 483 487 97 140 19 80 442 298 398 16 400 451 372 99 238 438 280 62 486 476 325 458 498 226 274 346 30 351 377 167 403 391 338 125 22 291 239 95 348 477 287 489 168 150 227 464 51 358 288 206 52 436 337 12 108 33 449 92 240 104 468 369 58 179 178 370 284 270 172 198 473 419 61 15 157 276 414 162 277 475 481 236 187 243 265 181 283 281 295 102 345 268 86 186 347 147 434 68 386 36 44 443 267 492 207 233 209 439 163 64 136 402 234 378 90 177 156 6 204 466 376 278 210 365 289 495 215 272 169 390 329 479 271 340 47 383 192 161 88 252 257 221 50 43 404 359 311 332 218 131 1 463 491 4 249 195 73 367 478 246 360 171 441 106 133 279 153 460 454 63 497 273 354 74 406 430 115 154 355 232 123 301 262 118 67 357 251 421 122 111 432 420 413 159 339 49 450 418 2 292 152 132 459 119 78 488 45 176 39 81 315 24 493 193 72 25 219 317 490 440 417 130 323 437 259 396 211 394 155 40 124 23 138 393 422 77 21 223 194 60 244 79 294 379 57 342 423 228 500 366 312 266 93 330 427 75 416 453 203 7 17 189 375 269 412 485 405 48 14 247 305 117 230 212 70 352 144 371 401 183 261 170 444 392 461 397 9 11 216 445 3 300 65 59 322 235 462 8 188 253 326 425 164 121 116 197 314 20 76 429 91 424 128 38 173 333 46 380 316 363 217 165 302 134 426 395 455 296 213 31 457 467 
Sun Apr 06 11:59:32 2014
times:7
solution is:30049.000000.       temperature is:999.990000
ans array:
307 70 475 55 37 298 158 22 86 452 387 374 399 94 180 306 383 356 472 385 353 481 85 114 166 56 226 243 185 135 280 369 316 184 465 384 231 51 362 467 367 42 162 338 290 410 145 303 331 343 282 346 147 6 139 159 377 471 198 407 109 491 97 477 194 313 344 152 402 210 368 26 325 148 302 165 323 250 143 255 496 335 100 447 29 274 153 224 370 473 213 89 62 91 95 458 488 389 149 99 469 288 128 479 381 319 237 311 435 202 64 111 463 350 110 483 217 415 214 448 146 349 395 222 167 314 341 16 333 275 183 248 487 492 216 205 15 378 238 339 358 345 52 130 96 304 181 449 32 498 433 400 138 74 57 422 129 408 359 321 108 480 120 10 246 478 334 388 28 4 115 191 296 386 132 54 79 101 464 420 125 43 245 58 131 318 227 31 373 229 315 119 186 284 283 41 154 285 372 27 438 459 256 267 116 484 411 489 431 196 127 295 401 179 398 73 454 177 34 427 142 254 337 33 212 47 141 497 84 234 270 342 456 494 60 126 258 293 66 8 312 233 468 474 174 63 230 88 151 239 336 264 470 327 204 1 263 106 366 332 173 30 140 414 121 286 364 413 244 113 242 396 355 428 430 69 192 61 281 161 46 289 215 50 107 278 382 391 348 13 78 72 297 423 460 466 320 24 424 261 82 299 347 123 376 171 45 294 418 209 122 39 279 178 409 189 90 172 92 442 137 187 53 287 265 406 223 18 144 324 301 176 499 21 203 445 105 9 361 451 495 437 49 309 363 236 93 365 225 201 273 220 375 67 380 485 262 328 441 228 310 300 112 136 219 157 118 134 421 38 416 253 195 207 257 156 461 268 77 440 390 65 80 436 357 482 218 392 40 394 308 232 25 133 193 190 371 453 206 124 476 354 211 439 247 2 490 432 500 102 269 163 405 434 221 252 271 155 182 23 76 48 493 169 404 68 486 277 175 305 14 457 36 71 443 19 117 259 450 35 240 44 170 330 425 444 87 419 266 17 393 322 403 12 417 7 352 329 351 446 379 98 104 200 397 5 291 20 188 272 81 241 164 412 292 249 251 462 276 326 168 11 197 317 59 208 235 426 260 3 429 75 360 160 103 455 83 150 340 199 
Sun Apr 06 12:00:38 2014
times:8
solution is:30050.000000.       temperature is:999.990000
ans array:
413 231 94 264 103 114 369 456 378 74 56 290 122 452 362 85 30 494 43 256 148 306 286 53 385 55 185 160 31 368 313 496 145 395 111 213 26 302 95 179 483 433 453 370 298 387 18 180 477 105 382 469 408 119 130 37 199 260 391 411 245 166 6 332 337 335 339 32 410 381 51 167 263 243 88 210 183 499 497 191 434 121 491 157 424 58 184 308 430 84 97 288 284 129 389 451 224 303 321 282 89 42 138 237 345 358 324 418 248 13 48 101 16 315 110 69 66 28 225 201 374 467 484 383 104 153 192 98 466 470 217 158 318 287 414 173 485 220 320 338 238 73 116 350 91 465 214 45 255 349 61 246 82 460 202 464 200 319 421 283 454 275 182 141 46 372 175 398 227 22 274 343 399 143 39 498 132 177 120 107 325 333 127 168 472 390 181 86 417 312 415 435 481 96 347 479 296 356 19 328 146 218 172 488 280 1 222 293 244 346 361 126 62 447 147 27 33 47 427 234 331 165 247 134 52 162 29 171 60 65 463 92 137 9 304 40 258 471 131 216 118 87 78 25 367 487 277 178 70 276 249 380 459 198 340 440 233 150 359 15 402 299 169 174 468 354 208 473 423 23 14 34 239 305 226 371 4 396 365 207 77 20 257 242 455 135 156 360 12 492 486 44 140 419 63 229 139 416 316 215 409 412 457 5 314 223 394 187 76 250 363 281 163 189 478 355 422 254 446 400 480 228 81 11 7 64 352 57 379 38 2 68 204 54 190 115 123 438 307 300 193 273 476 236 125 442 375 437 310 322 444 136 219 144 428 327 266 334 269 108 489 330 186 24 161 490 443 500 50 317 230 292 124 461 8 206 203 232 348 384 194 106 241 285 159 21 405 448 59 79 240 493 67 251 93 272 109 100 403 197 495 323 35 326 17 425 270 404 294 211 342 262 458 235 432 90 475 188 133 386 474 195 3 155 196 10 71 253 426 164 401 36 462 329 406 297 176 311 49 152 429 373 75 436 351 252 301 309 80 441 291 212 392 289 420 397 377 149 99 113 205 445 336 259 112 265 268 221 102 482 271 278 341 431 388 151 142 279 117 295 439 344 407 72 393 261 449 376 170 357 267 450 41 128 364 366 353 83 154 209 
Sun Apr 06 12:01:43 2014
times:9
solution is:30097.000000.       temperature is:999.990000
ans array:
307 398 413 94 86 377 286 385 83 199 452 447 151 56 496 433 224 166 368 306 407 89 103 6 297 374 275 387 319 167 435 165 477 449 288 100 105 381 411 414 114 245 451 483 498 434 311 51 333 128 335 424 302 145 408 250 209 184 303 356 22 494 313 362 206 205 15 37 456 255 485 210 415 290 410 110 346 369 160 152 337 395 139 177 402 125 136 18 258 242 133 244 274 53 158 201 389 123 256 147 298 157 248 180 267 344 358 42 159 162 487 324 32 202 488 45 243 138 399 386 137 82 191 65 341 220 375 124 84 208 318 467 463 499 153 174 217 458 200 134 146 373 388 107 234 315 391 283 91 111 223 484 465 141 428 278 1 230 143 113 173 323 473 241 238 170 131 63 331 383 363 64 88 320 427 43 142 116 57 264 300 450 4 436 168 78 378 287 343 181 492 23 227 7 129 109 112 257 222 347 321 21 161 400 406 101 438 262 187 106 118 198 350 87 466 148 486 74 29 289 403 97 28 54 367 98 296 213 38 214 31 493 73 464 228 218 327 353 50 49 469 417 231 27 476 478 69 120 221 479 265 140 216 361 154 186 149 99 144 336 182 370 13 332 225 448 497 472 215 204 453 316 392 446 444 334 121 61 470 5 39 304 246 364 254 384 33 314 442 281 339 46 376 284 263 359 92 192 348 16 352 430 115 219 425 330 85 431 491 418 401 240 489 421 58 480 445 260 247 41 185 471 70 203 226 443 68 96 34 126 176 325 308 194 474 10 108 79 461 454 345 468 179 119 95 237 482 169 309 229 44 47 276 239 268 500 135 130 460 259 24 439 340 372 349 211 19 396 412 355 12 233 419 441 261 279 52 81 328 397 305 14 379 409 195 299 76 326 351 293 440 20 40 422 322 163 360 25 266 80 393 67 404 285 127 3 156 62 183 394 481 354 357 277 155 437 310 295 236 280 189 132 420 366 270 301 312 380 232 426 390 90 17 60 104 252 35 253 455 459 55 197 495 273 405 291 249 8 93 271 71 317 122 178 11 269 212 193 72 59 102 490 432 294 457 475 235 462 292 164 26 196 36 207 371 365 2 272 75 172 190 329 9 150 188 175 77 416 342 382 429 338 30 282 117 171 251 48 423 66 
Sun Apr 06 12:02:50 2014
The average run time for the algorithm is : 65.897500
The average solution for the algorithm is : 30177.900000
The maxx solution for the algorithm is : 30328.000000
The minn solution for the algorithm is : 30049.000000
