period=100.000000
Sun Apr 06 13:51:52 2014

N=500 M=20
times:0
solution is:30114.000000.       temperature is:999.990000
ans array:
83 148 452 243 467 202 224 433 131 245 380 349 494 69 368 306 94 85 96 381 180 214 408 478 89 353 172 167 298 114 100 186 428 16 226 210 385 335 358 341 400 303 169 157 286 103 350 153 141 370 327 374 145 128 496 319 410 151 124 430 487 362 470 290 256 250 387 288 56 140 27 340 413 139 274 189 343 34 313 22 242 154 334 483 263 46 488 331 423 451 321 342 292 231 52 297 480 346 364 177 205 179 356 37 51 105 377 280 344 158 498 414 43 130 138 304 99 221 147 254 360 383 73 479 378 275 299 29 10 33 325 6 42 15 373 150 107 497 447 191 311 113 399 111 31 183 270 361 382 142 160 318 407 125 412 287 84 307 225 302 74 200 39 472 289 206 112 171 246 369 465 323 355 324 448 458 264 389 333 62 199 337 425 218 406 332 267 486 149 143 424 166 394 219 421 161 296 165 391 63 115 258 431 207 365 110 415 97 244 53 469 106 79 409 13 260 127 281 66 484 129 402 4 443 212 176 255 395 120 285 248 216 278 456 88 491 411 417 438 241 136 18 135 390 213 162 19 485 446 435 132 217 123 454 82 21 445 388 211 28 25 45 239 41 449 418 404 471 345 359 156 328 457 64 95 466 126 72 227 492 482 315 116 293 8 185 50 77 80 314 54 309 108 201 134 192 58 87 265 91 187 208 193 320 366 220 240 426 109 119 26 437 44 49 427 175 375 481 168 228 371 9 316 436 48 78 398 223 184 444 121 174 338 357 1 86 474 295 204 178 222 460 181 271 61 190 379 489 336 11 442 468 12 434 282 348 133 420 464 163 2 279 386 32 463 300 283 71 137 36 90 5 259 367 310 152 473 247 317 499 40 209 118 146 30 76 194 236 384 453 117 363 476 416 477 196 60 14 215 475 393 397 203 68 268 305 347 7 70 102 352 490 372 401 197 459 122 173 339 35 144 392 272 269 159 67 195 276 230 396 326 101 419 24 98 294 57 233 329 440 55 38 429 432 65 257 229 182 104 75 252 450 266 495 461 3 93 277 441 291 439 351 376 284 20 500 237 262 273 234 235 405 322 92 308 188 17 253 493 59 249 462 455 198 354 312 251 261 164 81 47 422 238 232 170 155 330 301 23 403 
Sun Apr 06 13:53:32 2014
times:1
solution is:29935.000000.       temperature is:999.990000
ans array:
413 264 129 250 407 298 381 452 290 94 100 387 180 487 150 447 346 451 174 286 158 389 242 162 226 78 245 56 335 207 198 201 147 76 99 116 62 200 148 374 169 302 385 494 18 278 74 145 362 345 32 331 97 113 192 52 383 256 316 22 358 306 304 433 166 103 488 320 205 319 186 288 119 371 340 173 303 448 301 202 185 295 213 408 86 5 254 114 146 285 472 464 309 324 350 61 456 151 125 42 6 313 175 96 181 382 333 130 486 355 283 327 112 353 31 108 160 368 275 128 395 414 4 224 297 95 82 281 84 246 483 356 478 344 101 126 51 435 411 440 191 214 109 454 143 89 102 394 421 334 434 152 482 153 217 199 399 321 53 231 296 225 239 484 69 47 135 233 190 248 161 168 315 431 369 284 13 299 219 204 471 442 402 88 91 105 189 227 427 244 449 49 29 328 410 33 139 81 127 34 323 477 314 260 149 157 428 19 120 220 377 215 354 300 423 479 60 499 379 48 182 43 359 289 243 41 263 337 293 142 496 210 444 10 124 258 194 110 318 310 255 341 140 184 400 111 27 388 171 430 178 282 437 131 136 311 470 460 165 14 87 177 270 63 418 273 83 28 121 373 218 2 491 343 438 64 364 347 424 16 348 54 107 325 467 80 342 172 259 123 268 463 473 370 206 45 458 137 46 367 133 391 71 229 176 425 193 247 118 338 167 336 465 416 466 21 468 498 469 234 1 11 37 9 222 384 26 489 38 361 420 439 339 398 409 308 403 90 195 241 462 67 15 79 360 365 363 329 163 36 141 274 422 252 68 122 58 155 8 378 436 40 57 271 216 280 138 75 70 287 134 332 307 305 492 480 266 73 351 257 144 23 115 66 187 212 276 386 443 209 65 179 238 450 156 417 312 375 221 476 98 493 170 159 208 500 93 401 481 497 490 453 380 249 415 12 372 223 203 92 317 230 279 392 50 330 59 55 485 106 412 197 132 261 188 445 72 196 272 404 475 267 251 183 228 294 326 236 366 419 25 44 322 396 262 269 397 277 39 426 253 432 211 393 455 441 291 20 7 232 17 240 461 237 77 495 406 104 24 474 35 30 459 164 376 3 429 357 352 235 390 405 265 457 446 117 349 85 292 154 
Sun Apr 06 13:55:44 2014
times:2
solution is:29842.000000.       temperature is:999.990000
ans array:
55 387 114 250 94 338 413 103 374 74 116 128 452 158 306 145 243 180 313 304 245 353 414 381 288 254 224 56 386 428 473 246 202 201 385 89 344 147 214 154 10 207 129 395 331 496 275 494 162 86 419 32 278 160 210 327 264 283 165 146 341 227 208 72 263 26 451 118 91 477 286 152 111 408 456 398 299 449 270 31 48 465 389 213 169 491 88 138 311 130 318 113 345 166 205 332 99 191 295 384 64 139 149 167 485 372 141 400 488 335 410 256 95 367 483 6 183 411 231 42 248 132 83 369 258 470 431 51 287 383 199 467 498 44 45 492 296 53 168 348 362 110 54 346 242 315 321 265 35 106 173 226 85 478 174 171 41 454 150 124 290 108 178 267 97 440 184 15 18 78 370 143 373 107 281 424 96 37 464 2 303 21 356 434 247 144 435 136 302 382 43 334 123 339 300 347 402 484 125 50 320 273 268 142 309 234 325 232 412 29 489 159 262 5 285 423 222 471 120 216 403 198 68 176 239 358 487 274 157 177 102 101 40 16 179 52 480 212 192 301 255 289 13 474 392 340 122 66 316 223 324 448 257 399 297 272 47 499 476 393 49 368 377 409 260 280 33 115 282 292 46 140 376 349 458 126 25 100 153 371 310 9 337 109 460 468 75 228 493 73 437 312 190 479 359 7 4 133 92 28 194 319 60 22 404 438 63 298 82 87 252 277 237 459 293 137 181 276 469 333 463 314 390 70 81 189 209 104 241 196 442 23 360 220 161 218 444 230 215 430 361 58 163 24 421 203 127 445 76 446 221 200 497 98 328 39 466 357 57 185 266 259 105 379 131 323 62 233 380 1 79 427 80 490 186 284 61 500 342 350 14 378 482 249 343 253 77 19 229 308 236 322 420 366 364 432 455 219 352 416 475 59 90 481 155 391 67 172 156 71 69 365 417 457 3 84 375 436 121 363 182 305 355 461 8 193 93 271 217 38 36 418 415 170 112 351 397 11 211 261 439 495 195 251 443 425 17 294 486 235 240 394 65 396 429 269 406 354 279 462 12 329 197 164 326 330 188 450 151 34 441 134 401 317 225 238 422 204 187 336 307 426 117 472 453 119 405 20 135 291 175 27 447 206 433 148 388 407 244 30 
Sun Apr 06 13:57:56 2014
times:3
solution is:30028.000000.       temperature is:999.990000
ans array:
55 76 407 214 452 345 402 22 431 15 374 180 56 224 398 96 385 319 112 118 386 389 85 335 94 149 27 145 69 43 467 381 80 158 245 39 288 315 433 494 313 487 303 414 368 304 160 191 133 428 349 413 210 456 286 336 275 387 372 198 162 153 377 202 146 132 424 103 217 332 130 42 435 181 370 14 491 318 256 496 327 100 52 306 362 302 48 89 434 411 231 169 469 447 369 267 331 274 135 192 58 151 324 1 278 139 109 185 83 470 137 204 173 13 213 338 113 451 108 311 484 382 218 242 344 101 280 255 248 282 205 64 37 415 184 342 116 263 358 295 189 33 51 254 219 499 265 356 480 171 99 316 449 399 373 32 465 88 65 250 340 337 123 364 82 296 95 5 410 105 284 227 168 243 383 54 124 126 200 26 167 239 84 292 366 233 186 201 21 199 234 225 28 408 483 325 86 232 18 320 297 367 298 127 147 31 134 497 472 287 309 49 346 355 473 363 485 62 289 468 321 436 453 492 437 283 384 482 7 308 125 353 128 290 466 269 419 440 380 98 359 360 347 220 341 177 438 174 445 176 481 421 208 110 474 11 500 229 215 78 365 471 226 148 6 16 486 395 114 388 299 25 24 179 97 247 241 45 312 119 416 29 157 61 293 138 68 464 446 478 343 144 166 222 156 350 141 391 378 479 425 154 129 53 140 409 165 111 74 427 246 41 266 249 106 4 2 334 412 454 107 40 120 142 498 307 102 361 300 230 272 75 172 143 47 323 216 183 444 264 442 159 339 488 19 394 310 423 417 420 115 432 66 23 221 400 196 392 281 475 259 223 79 317 50 46 348 91 73 333 122 458 60 194 258 121 271 90 418 163 212 131 352 175 182 170 187 490 238 430 70 268 193 35 207 63 328 136 262 448 314 93 351 206 59 406 305 57 489 77 261 279 450 455 463 87 376 195 457 72 285 164 405 422 190 357 228 493 203 270 393 443 8 277 237 10 371 403 301 477 236 152 244 375 104 17 117 404 155 379 461 67 92 34 150 460 397 161 401 495 276 12 441 188 178 240 354 273 71 81 260 9 253 439 326 329 197 38 252 426 3 459 211 257 251 44 396 476 330 462 294 291 429 235 390 322 36 30 20 209 
Sun Apr 06 13:59:36 2014
times:4
solution is:29963.000000.       temperature is:999.990000
ans array:
312 67 385 116 405 250 94 138 83 452 288 139 488 150 428 56 387 327 22 433 95 145 362 180 243 130 54 184 381 410 407 202 166 89 345 286 256 299 491 135 102 245 303 343 494 74 320 157 472 282 358 78 52 335 471 456 219 6 465 31 71 395 474 374 313 469 331 267 158 192 85 483 214 304 364 191 319 109 383 110 290 225 51 29 39 402 127 499 213 496 478 485 154 86 283 311 42 168 382 178 353 414 466 53 201 149 211 159 369 347 427 384 151 209 62 336 103 100 205 306 120 140 18 48 360 88 275 155 334 463 146 417 377 332 84 210 224 160 349 274 391 454 248 408 49 242 107 239 64 61 126 361 43 356 340 97 265 447 413 318 167 308 169 114 315 176 423 131 101 189 323 258 370 129 486 289 421 338 68 199 328 217 229 442 280 435 215 260 113 424 112 99 246 16 484 388 367 222 321 398 264 498 350 226 455 324 371 458 128 309 285 153 467 325 177 380 26 365 69 196 389 98 174 32 70 448 254 378 263 125 480 390 477 21 50 373 4 14 171 354 495 437 144 479 187 141 186 182 115 460 123 206 470 341 198 136 231 412 300 268 75 296 255 162 241 316 181 106 82 19 436 108 190 302 482 10 468 386 232 487 33 348 372 15 430 368 431 218 47 147 104 172 45 411 41 399 165 90 342 27 492 419 200 234 249 92 276 76 80 359 121 148 497 66 415 344 236 63 346 228 5 175 451 376 446 418 220 449 221 227 489 247 60 287 238 87 77 93 237 297 379 464 35 500 37 310 393 156 161 204 203 322 111 293 307 257 13 440 46 142 9 438 375 8 277 252 434 40 270 453 493 244 305 392 34 44 163 363 298 170 117 403 339 278 2 473 12 352 295 490 481 194 212 124 223 445 366 25 230 183 119 91 30 1 233 333 81 207 432 337 439 444 326 291 79 422 179 132 273 266 406 23 133 429 262 443 279 351 476 294 396 193 271 208 441 118 17 461 416 357 73 301 164 409 330 58 7 38 143 475 426 329 355 284 197 404 3 397 317 122 394 292 425 240 272 188 459 251 462 235 420 72 259 195 457 450 216 57 269 24 261 28 20 400 36 314 253 152 105 185 137 134 401 59 173 11 281 65 96 55 
Sun Apr 06 14:01:48 2014
times:5
solution is:29918.000000.       temperature is:999.990000
ans array:
307 349 413 94 456 374 250 198 162 151 148 288 201 290 243 103 320 452 381 369 451 496 51 15 483 411 138 56 100 335 435 89 133 458 314 387 408 18 180 22 85 414 109 86 256 299 302 295 389 1 499 308 224 115 29 143 227 150 323 254 471 173 213 373 64 282 166 119 191 53 144 6 241 265 129 486 434 395 341 491 494 107 378 132 370 362 174 179 368 158 321 73 449 165 353 114 385 388 147 4 424 127 54 327 498 110 190 185 450 300 263 275 61 67 145 420 43 278 215 205 285 42 402 454 16 184 306 433 146 181 382 384 204 25 118 364 367 202 101 108 62 171 128 82 399 313 340 470 74 478 105 26 255 139 31 183 286 40 324 37 217 345 304 102 160 200 344 350 84 407 11 95 153 245 309 421 14 489 226 467 258 229 214 252 168 142 428 469 358 157 210 383 331 372 283 417 447 386 356 248 465 400 130 268 274 431 52 99 459 194 154 410 152 186 426 167 221 233 199 297 111 187 281 487 361 495 231 468 301 238 359 48 98 264 69 463 149 337 464 10 58 338 236 319 50 296 140 438 19 27 225 36 303 379 211 83 427 377 97 169 329 206 182 137 13 195 135 448 466 355 176 398 409 117 472 280 33 453 45 239 392 293 360 91 90 371 416 77 240 477 32 485 422 193 474 473 136 444 116 348 357 156 178 311 222 492 354 192 177 266 234 279 318 488 269 333 332 208 343 347 328 394 189 237 134 47 277 339 175 442 315 39 120 336 476 123 232 415 80 346 230 437 484 287 141 60 418 78 380 259 267 246 363 41 72 445 125 28 446 497 63 270 326 88 242 79 325 365 81 121 34 124 5 24 76 244 218 216 479 131 312 126 161 351 441 480 57 490 113 342 23 96 291 430 322 376 284 334 220 443 260 7 9 106 21 292 247 38 203 92 403 75 65 423 2 436 159 406 482 30 46 196 112 163 49 393 257 317 475 104 71 460 228 20 223 12 262 316 425 44 253 235 70 366 93 396 249 212 207 439 219 305 8 155 172 493 273 375 271 59 419 500 294 289 405 122 251 432 164 401 397 35 352 188 461 412 68 55 404 197 455 261 330 17 3 170 462 66 429 298 481 276 391 440 310 457 87 390 272 209 
Sun Apr 06 14:04:00 2014
times:6
solution is:30254.000000.       temperature is:999.990000
ans array:
433 319 387 349 56 151 49 55 180 162 103 338 128 213 94 150 362 303 465 324 452 306 99 27 496 402 85 185 485 255 41 256 286 140 414 458 358 374 158 275 154 254 282 32 288 145 175 250 242 184 395 16 39 383 224 320 299 89 210 388 169 356 84 385 54 386 88 392 381 398 428 129 353 201 361 160 290 334 263 469 332 283 233 327 378 111 248 297 22 70 100 29 479 368 258 143 174 482 74 369 418 370 205 91 15 69 118 42 389 241 245 13 348 454 198 439 377 382 494 408 318 177 456 477 86 449 346 308 243 149 471 311 95 360 474 207 410 186 443 424 336 178 499 136 168 431 215 119 139 278 191 113 31 302 491 295 202 400 331 43 37 146 483 229 102 220 203 341 165 96 7 394 227 6 147 157 187 26 114 480 274 287 126 138 478 272 82 110 430 109 97 101 199 33 222 166 285 34 304 262 447 492 373 246 313 321 208 337 153 468 200 247 372 25 239 472 451 218 225 364 62 234 66 214 61 133 335 296 487 206 9 1 448 152 53 343 83 173 142 421 212 35 116 63 120 467 344 231 442 14 264 476 217 325 51 464 270 107 267 76 345 167 342 194 36 293 130 399 4 64 340 209 134 354 232 259 357 23 411 28 10 92 497 350 124 40 277 470 420 5 460 333 488 219 176 463 148 135 182 123 131 455 407 2 315 105 21 328 170 179 390 323 127 236 495 159 498 58 314 300 80 422 489 316 57 106 440 298 380 19 450 281 98 415 141 441 352 375 183 309 427 77 500 115 8 108 90 60 312 339 121 466 228 260 417 384 190 432 192 257 112 284 376 93 45 47 436 280 412 193 137 75 189 104 359 252 265 204 453 406 401 434 459 310 437 155 473 249 393 435 438 289 18 195 462 81 347 163 261 72 276 426 38 161 475 52 397 156 125 365 292 404 419 172 481 294 79 216 196 144 329 12 271 269 24 238 266 73 425 379 67 226 68 366 237 117 461 371 244 363 486 493 46 355 322 44 291 409 221 305 132 20 490 396 307 251 446 351 11 188 50 444 484 405 235 268 240 317 273 429 279 330 65 253 71 164 59 326 30 197 403 122 3 223 211 230 78 17 367 48 457 87 423 301 445 181 416 413 171 391 
Sun Apr 06 14:06:13 2014
times:7
solution is:30021.000000.       temperature is:999.990000
ans array:
392 452 250 116 476 214 245 172 243 335 350 148 94 381 433 202 88 166 368 56 469 151 306 332 387 110 158 302 242 248 171 402 391 198 494 349 331 374 411 183 167 85 295 192 256 290 311 395 32 100 318 382 338 288 485 51 388 475 114 231 456 61 483 283 499 345 451 496 233 153 383 477 362 165 454 316 373 103 449 319 208 181 10 321 389 139 410 89 29 22 275 39 414 470 398 309 377 320 463 224 390 313 299 334 6 360 60 128 54 284 18 268 353 119 286 408 421 217 304 333 385 378 358 372 225 488 118 340 13 280 471 4 497 83 439 254 458 66 15 5 37 323 431 226 384 58 157 278 34 227 135 424 213 354 132 12 27 177 492 107 441 134 327 329 176 241 69 179 324 472 301 315 285 84 95 184 125 48 289 200 64 101 76 480 498 147 149 380 219 376 495 220 400 62 317 303 415 394 436 359 42 464 127 68 53 465 215 111 126 73 423 41 150 428 138 491 160 141 40 136 205 169 78 201 370 115 90 341 344 52 236 218 109 297 49 296 16 234 74 174 106 342 487 113 367 98 255 223 91 239 175 210 434 267 45 282 419 216 435 346 264 123 222 162 365 369 240 479 7 412 440 442 230 28 142 489 263 182 1 168 199 143 467 453 328 364 416 146 427 63 120 47 307 348 77 112 92 185 417 209 187 438 25 2 178 325 265 430 21 357 287 80 31 337 70 228 271 276 347 105 186 259 140 237 270 96 274 19 292 173 269 180 161 87 72 266 444 43 97 468 221 155 446 399 386 195 260 232 124 247 55 355 108 425 403 131 257 206 314 26 93 30 272 129 152 336 258 326 396 293 163 352 86 437 246 82 409 130 356 23 189 273 207 460 418 190 33 291 102 363 145 99 379 122 11 121 252 443 478 238 194 371 164 3 235 44 413 212 466 459 197 339 300 50 305 366 298 486 279 59 310 20 448 196 229 429 432 420 57 14 38 204 361 484 393 482 445 406 262 75 481 188 156 455 203 24 79 375 133 312 144 457 450 461 137 474 67 244 9 8 322 397 404 170 277 308 401 281 159 493 17 193 330 490 249 261 422 462 351 81 211 117 405 35 104 500 473 253 71 251 36 294 426 447 46 65 407 343 191 154 
Sun Apr 06 14:08:25 2014
times:8
solution is:30016.000000.       temperature is:999.990000
ans array:
295 94 413 199 50 151 349 303 214 385 374 378 115 5 452 496 381 56 414 103 213 282 275 424 483 407 32 302 250 152 100 88 319 210 270 51 53 384 470 62 469 327 224 433 191 185 25 231 335 368 169 434 74 408 189 304 128 345 89 488 160 361 409 109 29 173 166 37 411 370 243 110 85 40 242 154 338 113 353 28 258 148 418 356 473 298 227 138 180 431 120 498 41 61 464 336 150 52 181 292 238 254 362 267 299 360 83 485 491 119 19 486 162 202 157 435 165 167 288 494 467 101 117 177 6 471 55 105 225 346 415 18 96 358 472 389 399 95 451 337 234 334 127 476 458 102 377 422 256 149 388 343 153 313 369 365 306 480 27 332 69 307 146 479 198 111 398 97 22 305 260 386 129 156 91 35 278 171 141 145 43 400 15 372 139 308 309 290 297 427 285 221 182 382 64 220 211 226 286 477 321 147 325 132 215 410 387 136 489 274 454 442 314 359 320 39 168 323 487 465 383 351 289 23 222 248 31 68 54 344 468 478 16 218 172 296 194 395 1 255 375 99 391 206 176 158 219 200 217 492 264 341 426 277 82 328 79 135 324 108 484 280 438 130 262 449 347 10 279 205 342 42 131 184 244 318 114 63 448 73 34 187 186 340 428 402 121 159 228 30 350 77 133 201 107 174 11 84 78 179 330 259 4 46 283 223 118 92 45 463 263 459 482 49 456 329 178 142 284 367 203 36 364 421 137 379 134 380 237 140 33 241 14 21 432 192 315 144 112 124 26 252 373 125 490 76 251 475 287 500 333 161 466 461 339 301 265 271 209 126 312 190 437 170 155 13 183 58 436 266 122 357 444 440 354 81 8 44 417 300 233 460 397 443 394 281 450 70 430 406 390 416 71 363 455 60 420 123 445 499 310 48 230 246 355 204 47 239 457 429 293 87 404 493 439 72 348 272 20 59 193 366 268 236 269 425 240 17 403 2 90 376 419 188 253 497 326 446 196 66 495 257 441 392 462 232 261 9 412 65 195 106 163 247 212 401 75 207 447 405 24 249 294 235 291 93 38 208 164 116 393 396 371 322 423 67 331 474 311 80 276 317 57 197 7 481 352 12 175 453 3 316 86 98 245 104 229 143 216 273 
Sun Apr 06 14:10:35 2014
times:9
solution is:30117.000000.       temperature is:999.990000
ans array:
55 94 324 47 39 264 158 408 452 250 496 112 192 387 362 166 110 41 399 184 494 370 56 256 349 381 270 83 472 327 151 13 484 424 353 319 314 202 116 201 282 180 488 499 148 469 336 369 145 191 318 312 89 152 303 410 306 248 187 483 471 485 423 149 385 470 210 344 480 147 415 388 154 288 199 29 421 245 125 224 337 95 431 48 146 313 395 255 225 275 368 356 85 290 433 18 238 10 217 414 487 278 52 143 311 378 1 42 321 167 127 215 457 64 343 489 32 320 22 316 498 254 363 220 350 451 88 478 464 342 181 358 243 157 407 162 205 456 6 21 189 417 287 128 183 411 108 91 37 377 4 69 454 43 103 335 49 175 442 113 100 297 51 463 371 295 200 31 160 374 76 286 99 323 171 234 62 226 345 315 86 333 440 296 239 211 136 60 221 383 341 430 389 74 448 428 198 27 382 299 176 144 468 71 177 447 301 115 130 28 367 241 304 458 97 111 434 139 19 172 310 425 34 90 63 214 82 75 174 357 332 137 133 119 435 467 497 436 418 124 109 302 173 340 280 376 466 96 427 196 12 380 246 30 120 194 285 186 68 244 105 271 80 283 259 412 102 398 477 331 267 168 328 277 242 491 274 293 459 153 263 161 379 213 386 212 231 233 486 476 61 384 405 437 445 258 347 135 446 354 441 14 190 482 265 101 165 78 432 129 360 400 237 150 208 185 361 131 325 26 438 268 351 5 84 257 77 366 450 163 236 93 87 460 279 114 222 373 54 289 449 24 141 134 132 67 364 223 15 229 40 45 298 2 126 121 262 334 106 375 247 207 179 81 107 300 57 46 492 404 474 140 219 206 416 266 317 50 493 281 465 422 138 403 372 7 227 159 390 3 230 228 156 104 17 252 193 479 11 330 394 420 117 182 36 35 20 123 339 260 142 401 396 273 481 216 397 272 365 359 58 329 253 426 203 170 495 118 98 453 305 294 16 393 8 79 33 461 25 9 209 413 455 355 429 346 462 475 292 500 195 308 70 188 155 490 406 72 444 122 284 269 197 338 402 164 235 443 409 348 92 73 322 23 419 204 326 65 291 44 249 251 240 232 391 261 178 352 276 307 439 38 473 59 392 169 309 218 53 66 
Sun Apr 06 14:12:45 2014
The average run time for the algorithm is : 125.354400
The average solution for the algorithm is : 30020.800000
The maxx solution for the algorithm is : 30254.000000
The minn solution for the algorithm is : 29842.000000
