period=140.000000
Sun Apr 06 17:21:26 2014

N=500 M=20
times:0
solution is:29915.000000.       temperature is:999.990000
ans array:
91 116 114 381 336 94 449 496 56 303 152 158 387 374 88 256 410 103 110 319 184 331 42 180 433 456 368 452 238 6 494 408 370 472 18 312 74 313 89 245 308 179 407 166 258 358 109 186 306 345 483 242 40 369 214 395 176 131 295 389 293 391 202 157 149 181 320 185 69 145 265 434 385 191 288 465 22 378 362 353 318 146 454 469 361 229 328 243 15 148 341 344 458 451 491 177 302 414 143 247 84 250 198 428 473 424 309 213 335 14 299 129 101 168 83 127 205 327 356 315 237 448 13 260 151 95 78 5 210 64 37 233 246 342 488 267 136 398 274 248 400 297 100 119 167 470 41 105 190 106 108 296 172 388 27 86 32 66 435 51 478 113 372 270 128 275 234 96 380 321 278 316 159 225 271 36 199 107 140 466 423 471 436 487 286 390 263 399 53 301 212 173 227 350 373 480 9 482 125 290 441 153 338 442 48 192 139 31 111 154 386 284 175 282 360 277 420 417 377 206 418 484 165 438 255 160 52 384 217 82 468 76 23 221 462 1 29 479 138 343 231 340 427 254 359 467 332 80 402 464 382 43 324 430 334 325 498 49 409 130 44 178 365 99 411 460 201 447 252 499 63 85 230 304 339 50 120 273 54 112 81 121 421 61 285 2 314 239 215 200 182 25 259 415 347 122 174 33 7 346 28 60 349 141 162 183 300 150 97 280 155 47 354 264 38 126 39 445 394 446 289 333 492 364 489 58 4 287 92 450 26 137 171 244 416 194 207 147 93 329 355 10 474 357 142 337 422 45 268 134 90 283 30 379 70 124 204 457 298 77 272 463 34 156 209 310 224 486 257 216 439 220 73 226 55 383 163 262 232 161 363 62 477 376 419 169 57 443 440 187 311 307 196 211 393 189 431 203 132 75 444 323 8 65 218 294 170 123 219 208 500 35 135 117 144 102 404 481 71 485 236 437 104 21 279 222 17 375 475 425 493 223 133 281 59 12 46 459 67 195 322 406 495 453 497 392 266 351 396 366 276 476 352 72 253 79 24 240 371 188 68 401 305 292 291 115 20 19 193 397 405 317 348 269 164 326 261 455 249 412 228 429 403 11 197 235 426 461 98 490 432 251 87 118 241 367 330 16 3 413 
Sun Apr 06 17:24:08 2014
times:1
solution is:29958.000000.       temperature is:999.990000
ans array:
116 413 250 89 319 100 311 56 452 86 94 51 180 202 303 362 385 151 55 387 321 285 344 242 494 103 290 198 398 199 85 76 141 200 367 313 275 53 491 41 286 410 374 360 216 343 147 274 306 370 381 22 412 258 498 280 424 214 166 407 109 223 54 451 327 341 296 222 349 304 408 499 226 96 345 316 456 302 287 292 32 15 43 255 26 184 69 157 492 297 299 229 320 84 315 208 472 335 91 454 483 471 497 358 139 13 153 97 83 425 431 368 295 485 10 173 336 477 145 64 433 389 225 204 453 466 480 380 395 130 260 181 278 171 179 386 19 324 402 458 213 177 470 148 411 113 217 259 347 128 205 288 106 388 34 37 312 243 496 245 127 224 377 265 210 430 1 435 215 98 201 63 174 414 469 488 143 172 384 448 239 318 102 465 399 332 350 346 309 331 67 167 194 30 334 112 400 6 114 160 111 479 340 42 137 475 88 263 447 486 369 450 108 191 421 305 68 29 126 119 99 338 383 449 162 58 464 487 21 35 283 5 107 289 61 146 40 342 317 478 169 80 138 219 382 158 373 27 192 356 328 140 244 267 149 325 270 165 314 17 31 176 391 110 134 308 120 432 209 348 52 474 428 337 246 293 364 16 131 78 87 463 62 248 282 434 415 378 163 256 70 489 18 247 189 74 484 460 238 105 254 95 467 418 220 444 379 206 115 8 183 361 190 12 45 231 355 178 420 241 33 121 442 446 409 291 423 230 2 28 144 101 237 71 468 438 221 182 473 257 482 440 187 82 298 405 445 276 142 168 154 49 186 81 50 118 79 175 65 123 419 353 93 277 264 363 227 481 279 7 417 437 73 125 24 60 25 416 46 234 268 281 300 396 461 271 233 207 422 490 354 372 322 23 371 4 273 211 333 253 404 122 196 133 104 359 436 36 249 375 329 262 427 366 44 323 493 152 14 203 11 392 351 457 39 117 170 212 136 476 301 92 376 228 72 47 59 495 57 394 401 357 9 339 284 232 156 443 459 500 439 272 161 294 406 159 66 393 164 38 77 124 20 352 193 195 236 455 403 365 132 397 3 240 326 188 307 261 251 310 462 426 390 330 429 269 197 441 235 266 252 75 150 90 129 185 218 155 135 48 
Sun Apr 06 17:26:52 2014
times:2
solution is:30191.000000.       temperature is:999.990000
ans array:
407 245 180 433 94 452 250 456 282 413 224 264 128 457 288 166 335 496 473 51 158 483 387 56 411 297 358 37 162 286 295 428 381 192 214 248 89 399 395 470 113 256 199 315 497 43 313 410 290 190 414 321 174 157 284 244 431 101 384 255 182 85 296 99 139 374 385 323 242 472 142 402 254 491 423 70 316 96 331 454 421 86 129 202 124 147 478 62 344 325 97 50 471 185 356 306 451 341 160 342 368 449 350 320 436 360 22 181 15 5 319 362 398 25 379 364 151 318 484 383 68 236 220 499 258 216 103 485 283 205 127 64 153 482 100 132 299 487 148 186 278 90 377 467 130 76 26 13 367 177 268 41 175 355 469 191 361 494 42 274 227 275 327 239 145 30 91 300 135 98 408 465 378 424 168 415 111 480 95 343 69 333 229 303 382 234 6 165 28 138 353 193 184 213 468 292 116 107 198 29 172 109 262 208 389 114 492 311 243 270 173 108 189 280 409 78 217 416 27 146 310 324 388 302 226 31 46 287 120 238 434 259 380 7 354 359 453 442 117 464 194 427 82 334 54 136 349 74 489 345 21 143 61 455 340 481 112 66 466 263 149 247 314 33 418 154 169 391 156 339 159 488 32 65 474 386 53 486 125 105 84 222 336 73 102 417 167 110 14 308 347 40 281 298 412 231 206 49 348 405 498 293 150 458 163 45 218 363 201 285 83 219 18 309 304 241 271 370 179 432 459 260 233 246 267 420 47 328 272 141 19 36 88 215 126 332 476 265 439 92 440 58 34 93 404 176 445 448 39 187 80 118 365 140 195 346 376 57 373 228 134 207 59 183 430 8 393 225 444 447 75 121 435 106 266 115 305 210 79 35 52 60 203 171 419 257 390 443 437 178 279 223 307 1 4 209 276 252 495 369 133 24 429 493 144 317 137 2 463 72 372 261 477 123 44 460 357 392 131 251 322 396 63 371 211 122 479 375 441 161 200 10 294 196 17 9 312 204 461 446 16 425 289 38 67 81 394 475 230 3 401 500 273 164 330 403 249 77 23 55 170 232 426 235 291 490 188 438 400 253 197 397 20 462 406 277 212 71 326 240 351 104 338 301 152 12 329 269 11 450 352 422 237 119 366 221 337 48 87 155 
Sun Apr 06 17:29:36 2014
times:3
solution is:29992.000000.       temperature is:999.990000
ans array:
116 76 433 103 56 494 452 94 250 85 496 169 242 158 385 335 83 407 198 295 110 303 184 398 346 69 180 255 458 41 387 89 483 129 374 157 373 237 327 37 148 324 151 316 22 333 296 345 408 145 74 153 370 290 220 321 381 278 30 165 88 362 389 275 363 47 224 356 227 336 456 179 313 147 43 332 281 23 150 342 146 234 202 177 263 42 286 256 361 127 114 245 243 339 33 353 267 454 222 143 205 415 62 282 6 16 304 192 18 488 358 175 160 402 173 386 27 306 404 54 210 409 463 414 13 130 449 53 468 265 357 185 52 191 162 309 68 498 359 31 254 341 325 485 319 82 431 318 308 344 63 168 349 182 137 497 492 32 331 108 480 435 51 299 288 410 395 96 320 135 128 238 448 213 49 382 14 260 171 154 334 167 95 113 231 471 412 489 139 424 411 469 350 152 428 388 368 343 84 48 50 478 249 364 109 445 80 427 134 217 226 29 464 141 472 199 57 211 482 298 189 247 71 131 207 90 258 209 487 379 467 166 120 138 190 221 340 149 322 430 181 499 194 477 274 78 214 393 376 5 460 486 315 70 133 377 491 369 423 453 79 280 399 400 117 495 124 248 337 264 289 187 302 19 186 86 422 300 66 34 447 25 61 293 136 246 436 418 446 465 15 470 287 338 391 97 367 219 174 156 434 26 347 107 183 378 40 323 100 215 442 228 476 115 262 64 58 195 420 283 311 172 279 178 118 466 392 285 91 119 270 500 241 443 360 10 297 201 140 301 394 200 193 271 123 307 372 348 132 490 81 99 20 310 126 60 223 28 417 384 87 284 225 328 121 375 438 439 36 229 161 365 273 46 3 4 474 92 291 312 101 277 8 351 176 35 239 12 396 236 73 125 9 268 259 72 416 421 355 406 196 244 44 266 2 155 440 11 252 122 403 216 142 75 366 159 106 102 104 206 233 188 444 473 314 45 1 354 204 269 39 437 163 401 429 425 419 459 380 208 93 371 450 21 475 230 441 111 493 257 218 479 272 203 432 98 481 329 67 232 330 390 65 24 462 261 240 144 326 405 55 197 164 253 38 7 170 413 59 455 292 397 426 305 294 484 212 105 77 461 17 112 235 352 383 457 317 251 276 451 
Sun Apr 06 17:32:20 2014
times:4
solution is:29993.000000.       temperature is:999.990000
ans array:
433 295 151 369 214 290 53 457 103 245 496 494 327 374 303 308 94 243 447 99 145 385 139 388 62 258 315 251 452 491 463 438 256 222 130 148 299 129 32 147 400 362 56 413 152 346 166 202 198 268 141 333 431 92 288 424 110 307 89 356 85 367 231 320 343 411 296 16 142 281 167 486 138 180 349 384 377 378 43 314 313 286 224 184 414 37 149 173 456 302 360 478 398 387 88 22 408 233 115 217 81 61 427 95 389 335 324 381 399 488 83 51 332 344 163 285 267 74 48 225 86 301 174 370 448 84 154 339 69 470 382 6 181 46 483 476 368 128 208 101 328 254 410 158 14 137 306 96 98 13 186 454 293 210 213 364 176 342 386 250 183 215 187 189 316 34 113 270 239 471 499 255 205 199 415 227 172 446 298 348 280 223 394 402 283 263 242 19 336 380 27 395 52 177 109 140 153 31 87 7 150 131 107 42 21 479 391 262 47 36 468 321 289 353 469 359 282 323 114 266 192 40 340 155 325 194 309 79 487 347 120 162 82 124 175 481 337 25 160 498 275 78 274 421 464 200 331 354 372 435 492 1 29 358 127 49 338 467 165 497 5 41 341 417 168 444 287 361 191 345 278 97 171 228 33 106 70 473 237 244 125 8 3 485 260 482 450 146 334 216 136 319 247 108 161 28 58 157 211 71 248 241 428 350 383 458 304 423 477 112 26 105 311 196 15 246 65 18 218 121 54 135 279 480 219 329 412 234 133 156 418 442 495 422 375 50 437 100 30 318 434 204 111 221 60 465 59 449 265 226 230 201 484 401 143 366 10 134 80 259 63 420 190 45 264 363 209 474 373 277 455 126 407 472 443 257 425 12 73 249 66 466 416 240 132 390 207 91 102 57 203 206 220 272 4 182 269 236 397 118 379 432 119 179 284 441 493 104 122 392 44 419 462 291 144 453 430 440 489 409 64 238 273 403 193 123 76 376 294 393 90 55 439 300 93 355 229 357 475 188 11 365 271 371 77 326 35 2 310 405 20 404 159 235 9 261 500 24 252 68 72 460 212 164 292 351 461 330 406 38 352 305 490 169 75 17 312 195 185 396 117 429 322 459 23 426 317 436 170 445 253 297 197 39 178 116 67 276 451 232 
Sun Apr 06 17:35:02 2014
times:5
solution is:30080.000000.       temperature is:999.990000
ans array:
307 129 94 452 34 89 456 250 214 158 103 304 320 56 483 319 410 248 457 467 41 433 167 162 424 285 109 54 48 314 192 169 258 148 245 318 384 29 51 303 275 85 425 370 178 202 64 61 74 78 224 124 141 361 99 23 267 254 137 105 313 210 381 168 166 68 62 449 378 362 95 328 114 335 488 316 10 83 256 469 371 69 18 146 295 288 199 349 190 286 353 152 243 331 165 345 387 412 280 278 377 374 395 479 145 431 113 88 447 180 255 297 25 147 494 149 472 138 127 16 348 101 37 299 408 208 407 97 230 366 198 160 306 263 157 244 341 63 233 226 22 388 211 151 241 222 128 423 499 143 173 360 91 66 102 344 411 126 290 238 484 354 339 300 315 118 342 336 227 416 325 216 283 367 200 400 383 487 107 389 453 343 142 356 171 478 358 311 110 271 471 32 350 309 96 234 247 181 185 170 466 302 239 53 282 496 415 386 458 372 332 120 398 15 274 451 338 12 427 473 287 369 477 82 495 485 179 136 184 177 14 135 364 86 430 399 289 31 442 201 176 327 30 323 498 468 428 175 380 153 174 111 414 121 2 45 237 172 52 58 100 42 368 376 209 310 489 321 465 270 50 470 57 259 445 186 444 43 139 154 337 217 112 463 116 409 497 437 60 119 231 87 189 482 183 246 464 155 240 436 486 132 84 187 346 296 125 476 213 150 317 439 403 27 39 33 134 480 161 6 293 49 115 440 277 438 284 334 225 229 491 215 163 312 131 432 474 9 382 340 80 19 492 434 26 205 392 454 268 38 363 333 329 249 76 301 67 375 104 98 373 236 446 71 156 481 221 257 122 281 404 292 195 421 490 448 435 419 144 182 220 65 426 232 204 207 450 269 460 59 279 493 4 1 401 357 40 413 394 7 55 291 206 298 196 272 459 308 393 305 24 46 351 130 266 379 212 352 500 44 8 77 391 443 117 203 75 11 262 47 406 36 194 79 252 359 365 123 20 273 72 402 223 418 73 455 397 218 21 193 5 70 405 106 81 188 475 417 164 90 276 159 92 422 441 294 219 390 93 396 420 261 228 253 326 17 355 28 140 322 265 347 330 462 251 197 235 260 242 3 429 461 133 264 385 108 13 191 324 35 
Sun Apr 06 17:37:45 2014
times:6
solution is:30150.000000.       temperature is:999.990000
ans array:
449 452 183 481 312 4 94 483 151 103 295 391 51 198 424 494 214 267 311 433 469 250 335 410 86 158 331 201 162 169 256 300 377 139 370 113 107 319 316 278 408 496 383 48 56 174 43 143 498 385 140 302 341 387 379 349 37 275 149 290 415 358 313 345 362 42 224 166 173 190 116 62 6 53 226 91 114 142 129 395 154 431 29 18 54 138 260 130 487 227 127 324 243 456 381 153 221 85 399 286 488 356 150 191 402 222 199 288 32 258 285 180 495 189 49 145 320 213 407 19 368 463 184 215 314 337 16 95 306 491 41 100 96 231 181 435 445 167 301 344 361 454 315 202 160 254 477 304 332 464 88 120 137 471 308 373 68 374 369 468 372 241 274 242 109 177 470 339 110 350 299 172 97 147 347 159 131 486 115 485 118 428 388 287 178 327 156 476 244 318 22 69 105 438 148 218 480 247 479 63 478 9 353 257 293 499 157 378 219 108 465 409 328 165 296 451 28 307 55 216 237 239 364 230 238 417 196 434 1 33 7 111 60 393 128 232 400 112 265 83 23 436 264 280 245 52 321 283 437 186 340 119 292 71 99 171 13 473 484 384 284 394 354 192 135 123 425 217 10 236 225 334 124 15 152 204 323 168 440 303 367 64 411 343 348 132 133 206 270 458 182 78 125 263 365 359 474 419 27 36 141 209 252 248 376 84 336 500 446 121 31 233 61 146 251 421 392 492 297 76 21 223 175 104 404 205 65 187 442 117 11 50 179 98 194 342 472 134 73 298 418 45 210 466 382 92 269 195 282 460 489 136 398 228 386 268 448 200 305 46 57 430 101 14 279 262 461 389 459 493 144 447 203 82 273 443 39 58 34 326 310 176 249 450 414 74 396 403 413 8 211 81 371 482 475 360 207 277 102 163 380 87 208 355 441 246 457 30 47 234 422 25 72 93 20 325 24 346 412 375 220 40 497 59 416 351 161 363 66 455 390 420 266 289 444 126 38 309 467 164 2 272 106 255 490 259 212 352 5 423 406 439 79 271 67 193 322 462 35 397 427 276 197 75 330 170 294 188 432 253 405 329 17 70 261 240 90 429 155 235 317 291 44 3 122 366 426 453 80 338 12 77 401 26 357 89 333 229 281 185 
Sun Apr 06 17:40:29 2014
times:7
solution is:29993.000000.       temperature is:999.990000
ans array:
349 116 387 494 250 290 413 483 198 94 433 103 101 452 313 385 224 56 42 150 256 469 496 243 370 435 162 319 374 109 16 110 275 471 381 100 214 474 295 358 302 41 311 205 69 449 321 248 424 166 86 95 407 61 335 180 216 39 361 1 201 126 185 145 192 303 157 238 411 378 465 220 89 165 473 430 451 202 386 389 134 215 136 346 347 88 414 383 210 333 176 367 255 183 130 408 341 153 227 119 421 199 454 242 328 168 391 316 299 246 382 208 314 140 344 320 488 270 91 234 338 398 97 10 330 15 467 231 43 143 135 144 345 369 123 54 260 415 160 28 377 470 74 388 139 442 149 350 4 25 409 13 18 51 22 278 466 29 174 203 288 306 107 355 32 184 499 239 472 445 200 448 151 343 169 297 26 254 133 191 412 171 147 308 31 362 96 23 331 85 142 87 217 225 296 417 267 193 357 440 6 342 340 113 106 9 427 410 324 53 363 403 49 44 487 114 30 241 310 283 66 152 233 274 8 179 325 64 257 402 456 399 146 221 121 177 213 264 478 204 395 491 167 492 425 482 495 99 373 154 447 334 463 57 50 477 282 368 218 189 262 170 159 437 178 265 323 332 315 422 263 48 244 138 186 356 222 298 279 112 111 353 155 428 400 108 105 120 206 148 19 479 33 131 420 62 364 485 92 63 73 280 309 212 390 372 460 416 434 287 438 52 384 21 285 431 226 181 392 228 247 37 436 480 80 375 252 380 129 497 58 79 194 12 277 137 118 376 394 68 40 423 132 34 450 71 98 161 419 141 489 327 498 82 453 46 360 55 115 266 304 258 128 366 406 249 102 124 259 104 301 276 84 393 125 11 336 286 240 268 291 122 81 187 7 317 486 163 269 172 27 484 175 78 468 156 312 293 359 476 475 35 196 36 371 59 60 490 223 271 481 77 5 337 352 219 236 75 294 272 273 90 211 14 418 458 446 93 351 190 83 500 230 253 396 432 229 339 2 72 281 47 70 261 127 444 354 365 464 195 197 439 207 188 24 457 493 404 292 401 284 329 348 441 426 379 443 235 318 305 300 20 76 461 397 405 459 455 326 45 67 17 232 164 322 429 3 173 462 251 289 307 38 65 245 117 158 237 182 209 
Sun Apr 06 17:43:12 2014
times:8
solution is:29971.000000.       temperature is:999.990000
ans array:
307 55 412 10 452 431 338 129 214 385 424 150 306 286 198 395 158 374 243 14 100 275 148 254 361 54 166 95 290 56 483 112 496 320 367 327 89 256 288 267 103 303 433 202 349 451 29 180 51 458 472 345 42 18 414 32 484 381 454 69 224 78 128 494 184 85 456 407 149 108 387 398 498 313 245 181 319 145 62 335 353 199 467 167 246 477 332 192 157 282 169 297 86 116 160 162 370 411 13 488 304 74 41 210 410 250 208 97 331 52 177 362 36 58 187 218 83 377 142 469 152 350 482 318 6 388 22 105 248 226 323 43 84 263 201 322 380 16 277 73 473 346 136 237 341 296 30 359 356 139 423 107 88 315 302 358 283 81 386 255 101 449 185 138 274 480 470 278 49 211 311 289 25 325 222 102 114 360 299 242 230 82 110 154 205 127 132 364 382 366 99 474 178 227 408 343 448 435 213 485 260 368 57 259 428 244 486 124 421 28 287 115 37 471 15 21 225 26 109 125 220 174 466 495 191 239 463 92 334 4 258 147 175 400 383 91 442 165 337 489 465 389 130 206 153 5 301 241 450 418 293 217 281 189 436 151 321 113 190 80 146 355 312 372 40 316 209 434 265 141 344 438 487 123 143 371 61 333 479 171 71 176 415 207 342 432 402 231 324 133 497 186 295 12 339 144 336 27 31 309 111 238 1 140 446 437 221 98 66 203 478 266 134 19 369 96 53 45 34 228 216 60 493 135 499 348 122 33 427 39 120 393 70 9 47 399 234 491 447 126 272 468 247 90 270 413 481 76 264 119 328 155 310 173 163 347 215 376 401 420 464 24 490 196 441 365 161 460 300 430 329 444 121 351 159 183 419 65 273 298 200 179 204 417 271 340 63 48 426 268 409 75 118 194 279 403 406 280 475 384 440 422 67 8 379 492 445 236 229 131 294 64 223 72 252 104 425 3 453 476 363 357 375 397 257 170 305 232 373 106 291 240 38 378 50 292 11 17 93 35 172 7 212 77 269 392 188 46 117 354 262 404 87 195 390 233 326 59 459 396 308 284 79 461 317 457 405 68 182 443 23 20 249 44 416 156 394 164 500 235 197 455 462 253 352 261 314 2 429 251 168 285 137 439 391 330 219 193 276 94 
Sun Apr 06 17:45:57 2014
times:9
solution is:29827.000000.       temperature is:999.990000
ans array:
67 433 214 94 55 452 76 83 106 374 180 74 56 210 103 128 456 385 166 139 381 336 51 85 362 383 306 43 177 303 213 184 141 378 388 13 250 275 158 71 423 335 494 320 22 6 39 171 344 496 148 241 364 297 42 477 34 216 96 340 295 327 54 332 487 395 173 65 447 99 471 100 498 469 245 232 380 394 138 201 205 143 288 296 116 154 174 114 315 175 18 88 243 384 190 150 27 360 68 398 304 167 410 52 156 256 488 146 278 387 428 147 168 80 206 231 353 191 370 451 484 181 202 89 102 242 300 337 324 105 169 476 411 424 435 475 126 160 234 382 302 149 255 64 448 309 470 480 391 220 386 93 267 430 467 286 73 95 486 182 97 414 211 465 368 136 131 84 346 10 198 408 110 299 5 284 61 127 316 109 472 290 199 16 81 9 489 313 264 431 239 227 29 28 339 86 176 108 145 499 367 292 254 1 77 66 222 347 82 334 263 442 37 285 363 120 460 53 415 325 359 468 113 372 62 342 358 217 331 463 157 483 153 345 458 78 260 165 172 91 92 179 270 283 432 194 101 221 159 189 369 50 402 192 376 314 348 4 400 490 212 90 70 19 246 32 449 478 63 178 377 151 356 491 453 279 130 361 79 390 129 112 454 350 409 98 333 186 69 155 41 459 421 237 329 321 293 355 373 495 437 124 111 233 261 162 323 482 117 204 474 282 21 318 219 311 244 229 107 11 247 36 115 119 187 399 406 481 163 23 427 389 26 208 226 446 215 413 259 479 354 144 123 185 497 31 379 434 125 137 196 262 258 2 280 392 436 60 40 15 341 238 122 200 287 224 142 249 164 218 269 420 57 35 118 418 473 444 338 46 289 33 322 203 140 396 47 266 312 253 438 417 371 25 207 277 440 464 274 132 308 492 251 170 375 403 493 419 225 393 209 462 14 326 466 223 134 121 328 443 248 450 298 317 500 455 265 352 271 445 152 188 412 425 401 276 7 133 365 257 357 183 72 12 230 161 422 8 301 426 273 75 3 38 195 397 272 193 366 240 197 235 104 228 429 305 294 17 281 135 404 441 457 87 319 349 24 439 310 405 236 416 20 49 307 44 351 291 252 58 461 45 343 485 59 268 407 30 48 330 
Sun Apr 06 17:48:39 2014
The average run time for the algorithm is : 163.348000
The average solution for the algorithm is : 30007.000000
The maxx solution for the algorithm is : 30191.000000
The minn solution for the algorithm is : 29827.000000
