period=50.000000
Sun Apr 06 12:02:50 2014

N=500 M=20
times:0
solution is:31457.000000.       temperature is:999.990000
ans array:
351 45 228 439 350 424 57 471 420 83 32 252 184 253 495 449 322 150 224 42 312 61 6 362 107 141 423 5 484 385 303 447 356 27 401 432 315 93 180 310 280 305 100 287 118 133 63 178 425 296 8 23 364 40 347 106 142 469 246 462 167 332 383 323 285 490 72 302 203 405 412 446 271 255 387 10 478 479 87 486 263 120 366 41 361 204 39 463 304 391 154 197 402 327 381 172 458 25 377 426 282 147 66 48 53 75 445 209 262 474 444 388 239 473 241 134 152 226 264 196 177 454 200 214 487 81 379 257 349 418 251 43 392 52 124 365 330 82 136 380 288 211 318 455 54 145 34 494 369 472 37 261 249 127 91 409 396 256 64 149 164 132 67 135 468 225 499 199 493 202 30 245 345 488 7 489 94 140 158 344 84 309 325 17 298 144 219 440 58 49 114 153 44 171 338 343 229 273 221 176 36 393 68 128 375 95 404 113 80 308 319 99 275 443 417 274 433 31 342 97 235 79 21 71 103 165 408 161 222 60 265 372 397 108 370 339 4 213 85 139 452 175 477 500 492 316 115 326 104 491 155 400 18 169 121 29 340 126 162 186 272 355 89 269 230 498 278 148 317 354 16 159 182 434 248 195 435 321 267 138 292 466 86 437 77 268 117 403 389 19 181 411 55 311 283 238 76 299 3 399 73 1 151 166 232 143 291 480 240 461 406 46 207 410 227 2 179 331 336 90 188 329 428 346 174 367 78 22 129 38 69 476 442 24 131 193 206 357 328 422 360 427 374 448 110 51 314 102 208 416 259 163 376 137 111 483 125 457 307 497 384 119 47 205 59 70 191 333 130 475 363 465 258 15 398 386 98 247 192 56 450 26 395 244 266 341 294 146 313 109 201 157 92 382 185 353 96 217 14 173 438 324 429 215 12 187 13 122 212 352 485 194 101 237 436 297 284 467 160 453 414 123 112 65 460 464 170 243 276 421 223 260 371 242 481 9 415 320 279 116 105 337 358 293 368 33 250 378 236 451 231 234 301 348 183 289 216 359 277 470 431 413 88 306 218 394 210 281 74 300 290 295 11 254 168 220 233 189 50 198 496 430 156 459 334 62 270 190 482 373 456 390 419 286 441 335 35 407 20 28 
Sun Apr 06 12:03:55 2014
times:1
solution is:31433.000000.       temperature is:999.990000
ans array:
57 467 147 274 114 310 42 20 362 106 356 202 63 296 32 222 391 425 403 82 200 23 267 133 373 79 495 349 72 469 39 103 417 83 271 5 246 383 486 21 412 152 350 167 146 67 278 208 169 8 405 253 287 94 387 439 209 252 326 10 377 225 366 197 145 239 120 355 97 135 473 41 154 479 444 54 159 282 90 342 17 455 280 177 186 361 438 463 136 471 80 454 24 127 364 174 6 85 7 304 34 345 330 420 251 226 346 118 423 447 229 100 28 290 31 142 171 303 327 414 305 74 12 363 449 241 409 379 51 462 339 487 325 369 95 494 481 162 338 27 220 393 168 110 302 285 141 35 489 99 490 432 9 261 115 476 478 456 299 402 91 442 139 428 272 351 140 124 71 219 340 61 134 161 243 190 73 388 216 376 288 474 81 424 240 286 178 207 92 36 40 394 263 59 38 37 191 256 64 480 468 155 334 22 389 410 295 198 312 482 196 328 87 205 108 321 212 33 440 15 214 416 470 215 500 204 4 367 266 201 259 257 419 172 44 18 78 203 158 175 93 300 365 315 193 418 311 264 101 320 48 341 13 165 52 173 102 316 221 238 408 89 459 269 283 431 433 371 84 56 322 498 153 477 453 232 109 213 413 211 329 395 47 255 492 166 149 45 270 374 55 137 29 224 335 69 491 262 107 294 185 457 297 235 183 291 170 53 164 397 314 131 199 446 189 318 319 230 443 421 353 182 401 242 98 386 176 458 427 411 399 426 195 76 385 121 58 293 194 3 375 404 358 337 11 354 292 306 378 309 244 483 493 344 258 88 150 435 245 129 400 104 422 180 441 307 347 65 265 49 206 111 126 128 157 148 466 437 352 218 122 370 163 125 188 323 313 464 151 2 160 217 372 281 497 475 380 343 381 451 268 275 132 430 284 19 26 210 66 360 445 181 485 138 179 333 406 192 308 496 460 472 14 448 434 187 368 289 324 68 436 96 46 130 249 143 398 390 223 250 43 317 331 359 62 484 50 260 16 415 254 277 75 105 301 77 248 70 1 234 279 236 247 357 382 60 231 237 450 465 461 30 116 452 227 429 184 156 113 384 336 112 392 117 499 276 407 348 119 86 123 144 233 298 228 273 488 25 332 396 
Sun Apr 06 12:04:59 2014
times:2
solution is:31525.000000.       temperature is:999.990000
ans array:
150 242 261 64 248 296 298 370 312 383 326 439 75 476 229 197 425 21 322 106 271 228 420 377 145 63 329 214 304 486 288 366 303 396 7 103 469 495 423 174 8 158 32 489 447 330 342 87 449 448 133 177 224 10 458 110 356 478 42 246 278 44 190 209 347 5 118 226 385 41 154 373 274 405 387 295 351 90 362 445 114 220 463 308 287 327 20 134 498 282 315 222 252 391 363 280 34 94 153 25 468 325 83 66 453 375 381 346 388 107 414 198 302 230 97 219 305 422 203 310 169 409 239 54 28 454 40 323 318 135 408 365 161 201 206 364 17 215 152 426 216 184 15 181 171 444 440 418 311 2 173 488 211 494 256 23 13 149 225 172 22 31 379 380 466 120 433 401 127 131 140 386 474 265 499 240 417 412 61 376 251 178 155 176 343 186 394 45 255 79 490 309 108 162 389 205 404 147 196 167 435 160 419 471 144 109 480 6 432 139 437 67 231 82 72 27 143 202 263 74 270 339 345 464 193 291 266 124 91 164 52 84 136 26 416 477 166 48 272 378 319 392 264 297 455 316 473 500 269 58 24 70 4 283 129 259 479 142 301 81 371 92 348 59 195 126 285 128 36 51 268 257 307 367 93 73 374 281 403 60 204 43 100 344 493 460 99 393 102 132 438 456 191 334 290 71 159 125 39 299 496 46 88 338 402 262 101 472 470 446 369 484 138 275 157 38 165 30 461 442 183 212 491 410 243 11 395 182 284 98 349 328 130 398 434 115 163 289 76 249 457 185 188 497 141 400 292 69 213 294 415 49 241 47 360 487 187 247 411 180 372 89 232 332 475 459 78 117 286 146 208 481 350 483 320 168 113 244 293 137 399 355 122 341 314 279 62 9 3 354 450 407 492 352 170 223 321 192 233 313 357 1 427 441 14 19 451 55 368 104 111 56 428 431 12 237 331 337 465 151 112 421 359 65 390 482 175 273 254 384 336 361 397 238 50 324 436 260 68 333 119 148 217 37 335 121 277 199 218 443 485 207 430 358 258 80 221 236 16 245 156 123 96 462 86 467 194 116 452 210 413 234 189 300 18 267 429 95 235 33 179 200 253 227 250 306 77 276 85 382 35 29 424 317 105 57 406 353 340 53 
Sun Apr 06 12:06:04 2014
times:3
solution is:31445.000000.       temperature is:999.990000
ans array:
57 228 150 495 340 377 439 83 41 366 298 249 43 261 454 29 64 107 296 82 362 93 376 433 45 172 388 39 114 118 178 264 21 79 5 253 414 303 271 23 304 347 412 383 141 36 226 420 106 484 22 479 144 32 99 446 135 252 197 425 209 24 8 200 48 211 120 302 356 274 158 312 486 42 409 17 469 81 391 44 203 444 256 282 404 246 449 365 196 11 87 155 318 361 72 167 327 10 199 351 379 7 389 2 146 85 440 54 364 309 240 251 71 239 387 468 472 152 25 295 371 458 151 221 308 219 288 63 174 140 326 145 69 52 447 323 91 20 300 133 67 480 70 434 423 418 278 332 478 385 330 455 462 322 224 310 222 413 127 396 466 445 329 257 153 177 229 89 180 315 456 159 15 299 12 476 154 301 487 386 428 184 34 370 124 149 352 156 4 448 110 162 369 100 233 350 136 134 255 190 305 207 214 215 189 363 126 491 411 341 201 75 407 325 457 66 272 58 115 494 473 395 463 101 113 432 97 216 464 317 262 108 405 489 6 94 139 339 198 474 263 186 375 297 95 258 408 338 230 415 49 55 84 374 353 381 90 137 500 202 74 98 78 73 235 269 283 355 499 161 453 460 313 403 314 103 138 290 410 401 195 205 328 171 422 244 163 77 59 191 416 498 354 393 142 183 204 206 392 289 427 194 477 470 220 285 169 346 223 394 61 475 92 442 121 275 397 287 164 490 259 51 343 208 378 117 125 417 471 132 102 88 280 212 451 143 243 344 187 245 104 27 335 380 173 430 345 188 248 360 241 321 483 80 334 273 357 60 311 424 33 213 316 182 373 128 497 450 459 482 277 390 168 493 129 96 131 35 40 268 18 367 227 265 467 237 443 50 232 319 426 225 119 292 260 435 384 181 402 160 86 438 56 421 193 266 176 185 481 192 276 16 62 179 368 461 68 112 247 254 337 485 47 441 238 37 218 109 496 76 231 294 14 349 400 30 431 359 279 166 116 324 306 3 307 170 293 406 38 157 348 331 398 372 284 270 105 242 46 9 165 19 26 13 65 236 234 399 320 111 336 436 123 452 358 1 250 465 210 488 291 429 175 382 148 333 492 122 31 342 267 130 286 53 217 437 281 419 28 147 
Sun Apr 06 12:07:09 2014
times:4
solution is:31508.000000.       temperature is:999.990000
ans array:
202 355 228 57 133 21 495 209 396 370 25 267 226 486 424 23 83 20 84 275 90 316 330 53 8 81 285 327 310 387 39 282 278 426 141 296 106 156 186 454 383 139 252 93 222 494 298 67 453 366 362 375 455 246 379 369 308 466 154 394 31 17 135 469 91 41 147 317 22 11 178 420 474 4 425 7 29 253 164 114 150 42 326 385 94 110 36 364 239 108 177 405 303 361 87 119 120 34 28 472 449 493 417 271 342 6 15 107 283 280 312 118 215 363 322 423 190 480 413 388 102 318 162 448 404 196 329 356 304 376 206 444 403 103 416 432 49 198 48 211 113 305 393 131 410 456 219 445 140 274 315 169 66 225 224 100 32 153 221 233 345 63 257 145 99 152 213 401 343 82 243 492 478 489 69 97 412 244 261 325 74 146 409 256 230 251 443 377 214 195 176 45 440 144 476 300 365 473 290 203 381 71 167 265 419 197 64 433 24 297 138 408 182 373 10 447 438 295 159 101 172 386 428 220 232 79 484 155 301 499 471 5 184 174 439 27 61 255 389 254 460 264 173 481 337 309 35 181 378 272 200 414 77 249 279 105 422 160 346 192 320 188 117 127 124 235 44 319 292 311 313 60 468 490 399 350 136 115 72 483 328 465 477 479 58 170 391 487 30 78 229 149 392 462 59 266 129 204 333 70 75 442 168 354 166 434 262 250 421 47 368 109 171 299 347 52 89 98 497 258 73 51 334 151 418 398 13 12 121 491 56 430 50 259 436 415 288 194 331 95 294 158 55 43 142 336 216 458 9 128 240 80 351 314 68 281 46 273 287 104 380 341 179 130 237 54 324 85 323 291 183 270 459 187 268 157 390 92 470 339 86 18 467 371 137 40 400 112 126 498 201 302 26 37 1 446 143 2 263 223 199 236 19 437 191 348 475 406 457 358 463 193 14 485 435 367 122 180 427 132 352 227 384 241 307 360 340 88 238 353 123 247 185 374 461 332 208 496 500 482 38 306 397 62 289 441 411 148 372 260 450 395 277 116 96 210 207 464 321 284 402 175 451 217 431 125 212 359 407 335 111 161 33 286 293 16 269 3 382 65 245 338 452 242 165 344 76 163 429 234 231 276 218 357 349 248 189 205 488 134 
Sun Apr 06 12:08:14 2014
times:5
solution is:31521.000000.       temperature is:999.990000
ans array:
307 197 329 495 158 25 274 114 435 463 8 42 448 155 335 228 229 144 466 251 420 326 310 425 412 261 63 308 87 454 13 173 469 259 28 41 100 171 455 356 388 45 364 446 246 369 460 152 294 494 99 133 134 97 387 239 230 322 332 103 488 233 72 17 486 21 365 403 383 433 287 386 71 139 439 118 178 343 426 318 91 32 361 141 296 79 61 325 282 225 298 394 475 81 271 106 253 330 83 6 105 304 423 33 131 231 226 379 283 355 98 44 315 500 120 449 478 94 405 375 200 288 162 470 23 440 67 417 49 47 110 459 39 20 135 424 391 489 169 56 377 402 316 224 396 474 408 172 473 190 491 299 249 340 497 22 204 186 350 312 480 53 280 432 48 345 5 290 327 124 471 457 349 31 462 211 10 295 11 409 88 275 29 303 154 149 147 214 272 43 418 401 445 311 187 477 159 313 419 458 255 421 161 140 444 240 461 145 443 183 69 89 164 70 479 496 126 184 397 54 90 456 82 309 263 104 57 27 177 362 267 247 302 269 257 354 108 389 413 128 198 34 438 113 238 441 84 219 323 167 341 107 93 101 305 407 52 499 203 465 121 7 181 58 66 202 37 3 235 129 213 338 199 244 85 209 138 4 9 342 414 363 50 136 490 205 366 176 68 347 74 476 252 208 137 245 487 368 328 399 422 468 241 301 15 160 270 206 278 221 398 411 380 464 264 367 337 360 180 86 78 333 19 215 232 96 453 166 35 76 40 119 127 227 262 163 151 153 36 485 346 222 51 174 404 220 143 268 339 284 297 416 467 442 243 385 111 80 77 348 2 26 293 16 195 406 1 291 95 125 175 62 179 148 400 484 65 447 431 493 73 317 276 472 182 256 165 194 319 185 277 415 273 481 428 352 265 381 191 334 376 216 12 451 429 59 344 115 452 436 18 260 314 46 248 237 123 168 372 142 117 14 371 218 266 157 109 75 384 132 285 201 320 450 434 300 207 336 38 306 217 483 24 378 374 189 286 64 55 112 242 289 482 395 130 390 492 281 373 498 392 116 357 292 358 427 60 223 210 254 321 359 146 250 324 150 430 92 410 236 353 193 279 234 192 102 212 196 30 122 382 331 437 170 156 351 370 258 188 393 
Sun Apr 06 12:09:18 2014
times:6
solution is:31658.000000.       temperature is:999.990000
ans array:
307 168 495 228 63 64 42 396 106 32 446 467 83 315 10 274 135 310 478 209 298 230 433 409 420 200 261 21 107 29 196 369 251 100 31 133 7 364 486 366 171 449 439 55 383 33 347 39 186 149 239 403 432 203 377 304 143 419 144 246 447 190 120 41 36 90 381 154 271 145 327 296 95 67 178 118 147 229 391 258 253 448 322 455 463 177 398 454 469 252 139 462 91 198 346 103 66 498 466 201 54 269 181 226 79 351 316 414 207 192 134 114 264 361 474 362 388 290 424 128 326 365 6 360 206 423 282 426 214 330 215 389 93 99 272 5 53 205 129 127 440 263 74 25 468 69 8 11 456 405 363 349 71 136 150 191 280 82 22 325 385 288 425 169 489 339 332 141 104 131 72 270 45 20 73 344 158 204 235 278 17 152 473 490 213 303 494 338 174 472 379 101 51 267 61 356 221 283 219 413 484 155 350 402 124 115 211 487 394 417 241 291 176 43 329 337 240 412 345 244 159 184 48 220 46 40 418 299 370 477 23 323 479 224 84 34 428 170 37 459 97 166 273 387 355 167 173 411 399 142 185 57 126 92 408 476 309 499 256 146 56 162 445 52 340 9 416 153 172 255 302 279 375 422 4 294 453 312 305 262 458 137 216 295 265 60 222 24 373 313 231 328 457 98 202 259 76 87 70 421 160 286 376 500 341 268 164 319 333 78 314 163 374 480 492 27 444 321 195 197 111 151 460 407 352 461 400 49 401 15 249 410 320 182 287 308 397 50 108 102 199 300 1 372 112 438 318 3 180 94 429 47 121 18 132 165 301 58 384 110 378 367 85 386 343 334 140 342 88 89 311 441 243 427 19 232 371 335 59 493 464 2 148 28 179 254 404 393 113 189 138 275 437 357 465 62 117 130 183 96 354 156 434 223 245 175 233 317 442 293 324 125 26 430 208 80 485 237 306 390 277 368 119 285 210 284 38 292 30 482 443 157 123 68 161 116 392 450 435 481 359 496 105 217 358 380 194 266 260 187 227 336 188 281 470 451 431 289 436 452 483 65 238 497 242 348 77 247 491 276 382 353 406 250 212 236 488 122 14 193 86 13 35 75 248 475 109 12 395 415 218 257 471 331 81 225 44 297 16 234 
Sun Apr 06 12:10:23 2014
times:7
solution is:31405.000000.       temperature is:999.990000
ans array:
307 150 228 322 274 370 412 396 356 54 8 229 420 366 72 135 31 32 158 342 145 315 282 271 469 22 152 114 350 106 246 167 261 494 209 454 444 21 178 200 46 206 91 253 57 241 495 143 267 133 120 340 445 177 363 486 41 424 84 438 364 44 198 463 474 203 69 97 458 225 23 303 164 388 383 103 215 298 39 296 64 423 326 6 118 13 235 17 499 449 377 401 252 391 25 134 42 197 263 330 124 310 421 468 269 272 316 171 379 475 154 74 448 302 419 398 287 221 115 417 319 153 402 376 299 113 181 67 414 7 304 369 434 268 136 332 99 30 108 224 81 405 27 63 169 462 433 251 202 240 408 20 375 413 204 387 479 53 347 243 428 498 211 288 312 11 141 45 280 404 327 290 471 98 142 15 18 258 126 339 219 36 309 186 90 155 220 140 264 34 226 162 29 5 233 329 478 466 341 415 365 460 255 473 208 470 10 48 354 52 139 191 435 87 174 9 489 425 49 293 82 43 207 100 183 144 146 249 102 439 442 196 355 294 230 456 61 397 47 440 360 487 476 362 161 222 110 409 93 244 385 389 83 361 395 256 187 381 345 325 270 295 66 343 393 58 192 464 95 472 77 333 422 24 283 232 159 216 107 75 259 173 318 257 35 275 300 484 335 453 172 79 163 3 190 346 168 349 119 128 89 273 213 239 338 214 392 117 311 403 416 278 492 344 199 33 51 62 125 55 137 436 455 188 461 166 71 195 384 483 497 427 175 59 493 394 480 418 371 38 399 201 305 4 490 130 238 78 131 481 250 368 40 265 491 80 156 291 96 450 324 500 149 14 129 437 297 351 266 92 73 50 357 179 176 386 76 313 285 459 321 314 85 301 111 367 410 193 411 320 426 147 247 262 334 94 185 485 65 180 328 378 160 359 189 60 457 56 12 151 353 1 237 447 37 19 112 400 236 121 105 260 86 104 28 210 292 68 248 372 227 407 148 451 123 109 374 138 279 182 184 132 16 212 308 2 281 306 337 116 431 170 289 317 242 88 165 277 467 122 432 352 373 205 496 331 390 441 429 465 26 358 231 254 70 382 217 336 443 194 218 380 284 430 157 223 452 477 276 348 127 245 234 323 406 101 286 446 482 488 
Sun Apr 06 12:11:28 2014
times:8
solution is:31531.000000.       temperature is:999.990000
ans array:
351 498 63 403 495 25 229 32 274 377 10 15 486 57 114 463 332 280 326 133 385 347 263 327 304 134 87 239 364 209 53 272 405 97 356 47 391 350 308 315 424 261 473 401 309 220 256 22 278 383 253 362 41 382 91 49 462 420 42 489 135 454 487 171 186 164 66 222 79 361 84 282 500 264 251 379 287 375 45 6 215 8 140 290 204 106 366 118 39 330 259 211 449 370 178 475 399 480 152 145 181 252 162 288 476 100 5 136 7 203 103 226 458 246 17 21 230 147 9 33 144 419 346 396 28 456 108 479 299 387 425 468 82 198 23 67 31 312 311 423 115 414 393 81 439 214 153 149 192 184 365 191 322 435 158 102 74 317 4 446 494 224 434 374 318 189 271 459 442 433 179 172 124 404 268 72 488 445 196 283 469 54 120 83 107 303 36 369 197 478 472 34 98 240 139 88 491 368 345 455 174 291 389 51 29 461 119 310 355 325 64 477 363 342 129 262 408 35 255 155 329 296 165 447 410 349 24 490 301 417 267 2 415 231 265 305 27 313 474 429 125 138 44 166 243 466 48 159 395 457 409 121 167 297 93 302 200 298 257 248 43 169 52 62 128 443 61 380 110 319 80 37 314 212 323 470 194 444 213 127 452 3 275 343 270 126 142 89 168 341 258 440 321 432 182 180 340 373 336 101 413 195 388 216 137 293 484 331 460 90 376 492 187 86 55 386 428 289 286 422 176 163 339 202 378 46 371 307 397 232 411 407 160 292 324 75 338 69 250 277 400 273 105 426 337 249 131 60 58 157 357 499 26 394 294 11 284 99 208 398 71 217 354 352 16 237 19 247 113 154 360 471 207 381 431 150 482 116 412 173 437 464 316 40 493 141 85 94 295 344 104 254 279 406 416 183 161 497 372 367 390 453 436 38 199 266 427 30 359 190 233 112 73 448 12 384 77 276 483 430 225 13 177 95 188 143 65 238 14 353 235 242 18 221 219 205 245 148 392 335 50 1 130 92 334 450 76 496 123 333 441 236 481 201 132 185 465 328 210 68 78 285 421 281 438 59 111 234 117 122 260 96 146 451 109 306 227 156 175 223 358 151 170 218 402 485 467 244 348 269 193 300 320 70 241 206 56 228 20 418 
Sun Apr 06 12:12:33 2014
times:9
solution is:31450.000000.       temperature is:999.990000
ans array:
307 403 498 84 396 393 181 362 447 154 264 209 469 495 271 356 449 261 82 424 67 381 41 338 488 388 377 5 379 479 10 454 296 419 486 310 405 433 174 489 298 493 106 351 243 133 361 239 369 7 494 453 31 153 463 345 164 36 114 58 215 202 118 391 256 63 53 283 57 18 128 389 267 229 458 385 487 397 131 6 83 418 152 480 364 330 446 29 222 401 326 42 136 20 460 365 252 311 39 490 297 120 146 203 409 98 272 79 180 462 394 318 476 478 224 61 172 269 73 240 45 149 75 280 169 108 158 166 246 303 423 342 241 66 339 25 251 329 290 304 429 464 99 167 268 258 155 350 127 226 177 253 233 414 257 8 141 322 282 420 97 349 17 432 249 214 439 475 126 117 207 115 244 237 88 160 145 95 299 21 288 366 262 71 302 197 402 32 471 135 412 308 291 387 123 374 327 367 468 219 481 140 176 103 287 274 228 301 173 221 438 171 314 477 182 13 93 78 28 147 47 22 461 107 52 43 473 263 341 178 457 59 200 411 91 142 255 90 435 340 456 192 69 455 4 34 100 81 485 363 416 62 134 64 211 92 232 482 259 186 331 54 346 293 44 245 278 376 87 124 499 101 328 422 185 316 189 196 23 335 230 371 466 425 49 445 208 472 72 179 11 281 139 55 295 156 417 86 194 161 113 343 459 187 355 413 24 266 312 111 319 275 235 492 465 408 348 407 325 395 497 448 380 231 265 159 38 162 70 19 217 344 225 188 184 273 40 437 398 198 144 195 2 270 313 317 337 309 470 431 370 305 491 37 279 77 483 321 112 191 353 444 467 213 74 143 51 168 236 132 206 204 16 60 80 386 110 201 286 14 404 205 238 392 65 323 137 360 358 26 399 109 216 170 125 89 12 148 46 451 157 30 320 121 352 254 138 284 434 443 27 218 436 285 104 292 294 324 1 410 129 193 150 56 315 68 378 50 496 357 96 260 247 428 359 384 442 421 430 85 354 183 163 151 210 119 242 33 336 165 400 289 440 415 452 94 76 372 122 277 220 347 441 130 450 105 382 368 250 427 212 333 223 406 35 390 48 306 227 300 500 334 175 116 9 102 190 373 3 383 199 474 426 375 276 248 332 15 234 484 
Sun Apr 06 12:13:37 2014
The average run time for the algorithm is : 64.704000
The average solution for the algorithm is : 31493.300000
The maxx solution for the algorithm is : 31658.000000
The minn solution for the algorithm is : 31405.000000
