period=100.000000
Sun Apr 06 14:12:45 2014

N=500 M=20
times:0
solution is:31382.000000.       temperature is:999.990000
ans array:
93 42 82 147 462 340 220 228 203 326 57 72 425 310 486 495 446 106 408 41 28 239 107 226 155 25 177 463 39 424 296 81 388 477 383 327 252 454 150 256 396 282 330 298 100 261 423 114 377 63 141 269 303 488 32 33 366 21 389 22 420 489 246 34 152 197 135 169 8 225 158 274 479 118 207 299 315 209 66 393 364 329 309 494 375 379 394 206 356 17 229 271 29 432 391 272 482 201 20 45 253 257 469 422 74 144 404 474 332 342 304 178 131 449 164 339 351 120 133 71 444 478 67 387 438 473 190 15 278 322 316 124 480 230 187 94 134 264 453 240 139 167 61 287 154 490 44 361 10 362 341 162 409 410 498 145 455 224 208 102 172 313 103 433 263 211 476 204 412 52 23 417 343 89 138 101 98 346 350 320 414 53 153 90 233 405 365 49 401 5 484 448 43 347 374 97 402 295 79 64 215 58 447 439 268 54 465 196 51 222 413 421 244 363 7 500 302 288 338 415 109 129 357 492 113 140 290 395 1 179 108 136 369 87 73 487 285 11 205 466 345 170 403 12 221 294 312 127 46 171 186 243 456 376 280 317 191 325 354 319 175 214 457 300 464 331 121 411 434 267 385 251 491 143 199 458 159 380 184 283 202 56 176 428 275 69 311 381 493 255 471 297 400 157 445 273 160 83 373 161 200 328 95 30 40 92 468 245 91 4 497 174 24 435 26 293 318 78 85 418 36 37 111 481 70 360 219 104 128 213 472 324 55 258 378 355 344 3 181 142 84 416 149 323 335 6 38 289 367 308 235 241 460 166 105 212 65 31 470 270 314 126 216 259 441 48 443 146 182 260 398 301 88 419 198 333 359 337 80 321 185 9 286 262 2 148 18 352 368 59 180 62 475 265 77 390 99 217 499 238 266 234 35 406 13 110 442 231 165 173 431 189 192 195 16 399 461 14 248 281 437 188 19 249 247 459 427 193 452 250 386 483 292 254 236 232 115 132 27 371 60 68 407 47 336 467 125 151 183 384 358 242 496 122 334 451 485 137 291 227 168 277 429 117 96 194 123 397 440 218 430 392 50 112 306 237 348 382 353 372 436 223 76 276 450 284 426 156 210 163 119 75 86 116 130 349 305 279 370 307 
Sun Apr 06 14:14:55 2014
times:1
solution is:31413.000000.       temperature is:999.990000
ans array:
76 230 332 57 114 495 63 383 362 41 226 75 298 48 447 228 133 70 106 296 162 61 488 486 21 412 271 13 389 462 222 152 425 424 33 297 229 118 460 252 476 356 299 347 387 366 7 364 474 310 361 35 253 158 351 39 349 6 42 325 246 463 329 327 159 72 440 350 82 282 100 46 264 137 79 339 255 178 363 45 209 393 20 120 373 454 403 251 8 23 129 139 191 32 396 169 280 29 224 369 10 174 365 172 107 478 453 342 449 213 164 315 34 84 391 211 479 78 402 475 484 202 283 272 198 93 47 487 433 239 405 330 244 67 303 136 379 423 309 186 83 490 177 287 489 321 302 439 171 445 200 410 414 95 204 51 471 295 127 417 49 153 154 316 58 108 448 134 2 240 420 398 98 473 141 97 326 355 145 197 135 225 466 94 428 455 103 54 43 269 44 377 140 196 493 318 147 312 311 381 322 308 233 5 66 401 263 385 214 219 341 468 432 397 418 81 259 215 90 416 91 438 4 419 17 220 203 110 456 395 221 376 74 458 189 380 31 278 270 11 163 64 155 313 274 131 477 370 265 394 149 375 266 304 323 192 279 446 143 494 480 469 346 166 173 409 144 334 25 28 9 124 185 261 180 388 216 184 256 53 128 257 285 422 62 344 77 262 73 459 165 181 232 288 22 3 436 183 104 404 340 105 65 386 470 461 182 89 384 176 175 444 294 55 360 187 190 201 472 435 99 241 293 367 167 483 392 354 102 319 195 208 146 292 88 481 56 277 307 442 18 212 36 87 157 499 24 301 231 267 305 121 69 113 345 258 378 399 188 268 411 408 59 413 465 482 207 275 290 109 328 331 437 314 237 498 142 217 85 126 426 60 130 194 119 497 161 92 179 205 317 206 14 132 374 40 371 150 291 160 101 368 496 52 242 434 281 30 343 407 431 338 352 390 382 168 452 68 254 80 112 170 236 457 122 37 156 238 485 273 117 324 227 464 125 335 429 245 430 50 406 492 359 421 450 199 276 337 260 451 250 353 210 223 289 491 96 284 443 111 148 19 441 235 500 358 71 320 193 306 467 38 300 372 427 138 247 115 123 286 357 415 1 86 16 27 218 116 400 348 234 151 12 333 26 249 248 15 243 336 
Sun Apr 06 14:17:03 2014
times:2
solution is:31497.000000.       temperature is:999.990000
ans array:
261 419 20 57 228 446 366 488 251 362 15 310 63 209 271 296 144 47 486 487 396 274 282 42 323 298 44 17 476 4 456 252 423 118 424 393 110 319 330 222 114 8 425 203 466 39 84 473 474 464 356 449 177 174 83 322 202 25 346 454 103 326 389 7 303 278 142 167 265 495 78 106 364 255 120 347 371 108 93 45 49 332 383 391 262 67 13 46 312 153 28 178 135 5 211 204 343 246 420 208 61 305 311 140 318 386 100 244 327 158 361 32 23 59 22 146 414 385 169 388 426 145 220 377 363 29 463 74 375 345 3 186 147 489 360 162 387 349 408 401 239 82 160 99 315 171 43 295 219 439 373 458 275 64 196 225 34 331 354 498 500 190 56 478 243 469 341 104 316 139 143 154 480 267 432 21 369 479 27 55 90 134 379 368 297 264 141 66 127 51 453 33 37 10 302 398 403 72 6 136 304 253 152 81 173 308 477 307 365 149 53 79 350 198 214 280 87 54 499 58 433 292 85 329 150 184 462 291 52 481 273 490 224 31 35 151 161 409 342 235 197 40 70 256 200 325 69 494 119 455 24 471 394 417 181 176 272 493 314 107 438 287 102 355 132 475 226 376 199 71 115 206 413 159 381 111 263 241 109 221 89 65 279 444 422 216 445 124 412 410 91 357 240 233 97 294 448 125 155 191 48 293 164 98 237 88 260 399 317 421 41 300 411 334 172 372 367 129 201 285 418 336 105 231 189 402 205 283 212 92 301 270 137 77 460 1 188 230 352 268 405 392 238 335 68 461 207 175 166 428 457 299 484 435 338 101 157 192 215 434 257 247 447 339 468 249 213 128 404 333 472 112 187 459 163 259 407 38 496 36 94 95 179 384 430 309 390 194 182 440 313 18 497 306 227 245 328 324 416 50 427 168 138 180 353 442 465 344 491 96 19 195 321 451 348 2 258 16 443 266 14 11 483 232 378 217 286 351 121 236 436 73 218 406 148 75 113 30 80 276 277 117 400 281 429 131 126 431 358 210 415 86 284 26 116 337 254 450 470 76 185 382 183 9 485 60 122 170 397 441 165 289 248 123 467 234 452 193 359 482 320 12 242 395 374 250 380 492 290 156 133 288 437 370 223 130 269 229 62 340 
Sun Apr 06 14:19:13 2014
times:3
solution is:31531.000000.       temperature is:999.990000
ans array:
351 147 261 370 393 8 379 385 15 228 139 23 364 473 209 229 446 287 296 391 314 114 203 6 322 42 7 198 445 484 412 211 106 362 488 474 67 118 57 239 178 486 155 469 356 133 476 387 152 54 457 230 202 13 449 169 17 298 253 271 420 478 401 366 158 177 32 282 299 468 39 103 425 25 343 377 153 361 304 424 466 396 84 350 339 386 383 136 224 495 408 51 490 244 53 463 134 458 246 363 418 332 310 45 267 403 252 402 432 41 318 454 31 143 288 477 120 204 159 21 48 480 90 144 500 249 34 222 489 82 460 107 240 376 69 214 20 191 196 455 61 409 444 342 28 301 128 479 188 303 326 36 329 29 264 93 141 78 315 311 407 137 226 327 127 256 389 405 140 79 360 97 309 60 206 257 274 438 171 63 280 99 37 330 325 10 471 44 83 52 197 173 439 121 414 413 277 207 58 219 131 308 423 346 126 375 373 72 275 124 5 184 217 180 316 323 494 149 100 108 419 92 456 213 181 447 453 263 384 115 459 172 349 300 416 71 426 428 150 85 11 94 12 365 142 492 135 448 110 138 411 312 74 201 422 161 24 65 205 154 89 167 297 435 461 313 427 302 98 265 238 4 233 433 397 43 259 394 470 392 18 221 497 320 174 270 295 200 91 186 272 241 235 129 475 369 483 33 283 251 352 168 187 279 195 328 472 102 164 163 46 49 273 462 255 395 105 337 258 347 132 305 160 404 215 59 9 415 66 190 220 162 64 482 410 398 437 345 101 148 367 76 485 95 176 27 182 378 16 55 294 355 281 80 208 113 225 189 354 232 216 321 245 237 22 441 292 87 212 442 499 290 278 111 344 145 2 374 341 56 227 192 381 81 319 491 242 388 487 3 434 193 30 104 443 268 14 331 170 165 324 218 26 440 68 421 179 266 285 73 429 464 50 348 286 254 357 199 372 431 307 109 380 125 335 248 157 122 62 334 399 496 371 40 262 185 430 358 260 481 276 269 1 70 166 338 123 243 451 96 247 382 450 493 284 231 390 333 119 130 417 156 406 88 289 38 236 293 210 436 368 183 112 223 234 317 47 146 400 359 291 116 75 151 250 77 86 452 194 353 306 336 467 498 117 175 35 465 340 19 
Sun Apr 06 14:21:23 2014
times:4
solution is:31339.000000.       temperature is:999.990000
ans array:
498 150 495 63 228 203 200 252 21 6 362 322 45 423 57 487 253 154 486 414 444 393 251 22 477 28 20 64 264 10 377 304 340 401 489 383 412 106 133 58 473 39 282 267 287 118 256 257 230 222 181 327 396 97 318 365 167 332 445 31 494 345 425 7 42 17 463 74 315 239 387 373 323 25 271 90 389 350 454 209 243 229 177 297 124 41 369 211 136 442 47 8 225 82 18 280 385 61 447 409 226 107 370 459 49 330 466 5 288 456 246 83 449 388 364 84 296 81 219 72 325 140 29 361 134 351 162 144 298 142 480 147 283 100 356 347 145 279 470 490 233 305 405 469 326 135 457 120 275 391 186 299 152 460 484 468 34 114 312 172 474 363 408 310 178 149 44 103 303 398 32 105 461 386 285 448 344 70 420 192 48 60 379 471 458 158 440 54 204 493 93 43 476 366 281 169 171 113 244 255 341 126 67 434 79 497 376 403 53 417 51 295 99 274 300 354 329 349 224 78 143 411 309 184 424 478 308 75 214 191 455 173 446 360 265 166 439 127 108 215 161 27 220 355 155 132 375 249 278 104 294 146 273 36 263 128 416 334 217 91 491 206 190 488 201 196 272 160 85 208 165 111 52 46 139 23 499 269 95 55 262 496 183 240 433 198 374 66 189 266 101 291 176 24 88 316 137 213 98 479 320 151 92 174 69 339 321 290 13 399 4 418 131 121 402 302 313 141 221 129 87 432 270 102 164 180 453 12 153 71 301 397 475 238 35 202 94 346 38 472 333 342 380 237 148 157 483 426 419 367 37 109 343 231 26 353 216 3 410 212 110 59 319 188 89 268 406 187 179 438 292 77 467 195 159 306 65 428 30 335 86 11 311 407 500 260 62 431 33 371 2 338 112 395 16 193 358 352 437 421 15 381 218 235 138 317 50 210 175 293 482 168 328 435 232 464 314 116 443 450 1 307 185 73 250 324 223 199 194 422 258 117 413 123 163 404 284 452 115 245 56 384 400 247 441 331 465 40 205 207 130 436 259 481 68 372 451 236 182 429 359 378 357 337 19 492 119 122 415 254 241 96 485 277 390 156 227 276 427 430 392 289 125 170 242 348 394 234 76 9 80 382 368 336 14 197 462 248 286 261 
Sun Apr 06 14:23:32 2014
times:5
solution is:31357.000000.       temperature is:999.990000
ans array:
307 147 57 332 229 474 396 366 106 495 362 6 488 204 377 133 79 114 475 81 296 446 350 425 315 280 246 44 356 252 45 303 84 287 274 154 36 261 500 282 8 158 97 267 433 255 41 25 63 380 304 209 463 417 278 272 365 388 478 449 322 271 490 239 298 71 327 15 10 479 226 95 4 454 72 48 269 162 173 103 215 145 189 405 251 447 387 228 326 466 376 108 369 39 444 469 164 21 110 489 34 120 22 480 83 383 339 167 413 23 32 262 67 233 408 61 176 74 256 42 389 393 297 118 486 224 203 159 351 66 220 86 253 310 177 455 424 126 468 397 186 207 171 477 299 330 412 379 139 487 435 230 360 385 174 75 90 410 91 414 311 268 113 312 440 144 439 240 211 20 131 222 434 82 200 52 448 391 494 31 179 375 11 484 373 169 409 364 89 426 178 191 17 136 150 259 483 320 33 456 338 472 257 190 143 459 316 5 361 100 309 476 201 92 422 347 46 128 43 198 354 141 363 325 197 7 394 349 127 181 152 29 213 265 129 445 401 47 333 290 87 107 28 202 263 121 340 37 416 212 249 243 273 403 329 98 429 135 283 305 458 313 180 151 432 437 69 53 427 184 170 214 192 68 247 457 187 407 161 418 155 402 54 38 319 285 392 99 50 117 288 217 471 238 342 24 244 386 381 462 499 346 334 291 328 80 400 140 464 109 245 300 293 94 428 124 399 294 491 85 168 160 58 111 55 219 27 395 195 355 104 157 497 156 371 56 138 498 59 302 49 51 374 175 102 275 335 264 314 308 18 404 492 70 206 30 163 101 415 295 289 331 442 235 485 367 76 182 188 470 384 1 258 398 441 266 306 26 270 453 194 221 452 208 370 2 153 115 60 317 146 411 421 461 341 35 438 78 344 237 431 12 465 281 460 337 260 481 166 276 137 368 241 165 77 321 378 352 451 279 467 13 88 16 359 284 73 336 125 185 406 254 250 123 343 119 132 430 9 19 436 372 210 443 148 122 218 358 96 65 236 493 390 62 112 242 382 353 227 286 223 450 248 234 130 301 232 496 116 277 231 199 324 183 318 205 292 172 216 423 473 40 225 142 93 196 345 348 14 149 323 3 64 105 357 482 193 134 420 419 
Sun Apr 06 14:25:41 2014
times:6
solution is:31655.000000.       temperature is:999.990000
ans array:
57 228 42 495 25 486 476 174 387 379 83 256 173 377 446 253 322 435 423 10 82 200 6 7 72 274 397 144 490 251 385 267 391 197 178 433 17 341 271 23 233 282 154 215 366 417 136 255 100 396 226 383 150 312 8 214 482 36 330 480 303 246 261 229 469 298 198 204 478 240 412 296 66 118 20 133 97 473 474 479 5 263 405 365 388 32 252 356 355 413 315 420 106 27 329 349 69 39 308 49 468 425 196 159 58 90 28 186 393 15 327 272 202 454 257 11 84 239 211 94 409 304 445 262 487 140 63 373 44 463 456 21 139 225 167 158 449 344 54 73 192 419 34 305 151 188 74 444 221 332 155 124 52 209 114 108 182 325 300 153 46 494 175 41 489 203 162 458 481 222 135 424 169 33 342 488 164 81 107 99 31 278 224 434 220 128 407 76 134 219 316 91 265 190 362 477 24 340 89 85 471 428 280 22 386 301 447 172 369 346 466 98 67 93 318 177 483 389 498 79 461 142 319 361 275 404 416 235 269 145 364 205 131 460 440 35 141 249 95 455 328 152 230 61 146 465 64 288 113 120 51 310 302 339 268 354 363 3 75 30 453 244 350 432 191 258 53 45 179 414 400 29 314 88 415 241 43 297 77 216 273 125 317 137 149 287 283 398 103 309 207 110 442 176 184 311 166 80 96 285 231 457 71 19 492 143 13 313 326 459 294 430 2 427 485 212 378 345 266 376 394 213 247 259 402 439 295 187 351 290 181 55 101 276 395 171 1 78 438 443 500 299 115 497 160 467 484 323 368 48 14 170 50 168 70 431 68 18 12 448 201 343 422 334 109 418 472 403 121 408 248 264 491 374 352 437 127 206 390 347 194 87 195 40 60 193 338 337 129 475 360 208 399 370 59 421 324 165 102 199 218 292 499 183 65 372 307 157 279 260 411 426 242 9 410 132 470 86 429 496 116 289 122 277 56 232 62 357 464 450 111 237 250 163 126 441 353 47 380 375 451 336 321 227 119 223 189 359 138 406 112 234 26 384 105 254 371 335 236 436 320 306 245 37 156 281 333 123 92 358 382 130 284 493 293 210 238 286 331 367 117 348 243 180 401 270 148 104 462 217 4 452 38 392 381 161 147 185 16 291 
Sun Apr 06 14:27:52 2014
times:7
solution is:31329.000000.       temperature is:999.990000
ans array:
498 87 63 296 383 396 495 446 228 32 118 377 57 449 488 271 142 209 303 202 106 6 155 326 414 298 100 412 23 417 356 251 439 322 114 310 486 433 393 169 340 154 8 267 20 366 424 285 124 5 177 365 133 362 239 261 463 479 44 29 28 388 469 25 420 256 149 473 475 39 184 229 97 438 330 197 246 364 41 389 84 172 347 171 445 74 375 425 82 7 103 143 79 477 225 299 255 253 162 10 350 174 145 11 302 226 454 319 327 354 158 67 53 466 455 64 315 413 423 435 15 342 95 146 489 403 54 278 287 134 332 308 52 178 176 379 272 191 329 476 478 252 480 264 387 139 42 49 391 164 270 147 419 274 370 215 224 83 89 61 401 153 21 203 432 304 402 288 90 48 282 470 474 144 22 290 369 45 107 72 190 36 33 181 442 273 214 167 220 91 34 204 257 102 69 135 411 31 363 471 240 312 51 346 195 460 301 323 136 468 120 405 186 216 196 481 221 497 128 200 241 360 355 453 161 325 192 437 47 361 94 283 487 58 349 199 35 373 105 78 404 376 211 75 152 500 462 490 140 305 426 345 222 339 458 141 311 416 309 43 243 314 208 428 409 138 213 16 219 457 313 280 291 3 17 318 9 232 150 344 163 108 333 60 294 268 259 166 249 397 244 71 394 156 434 235 182 337 180 173 331 59 444 4 217 482 115 494 295 492 201 484 381 1 254 237 159 81 80 183 317 263 351 88 431 485 386 441 341 448 398 185 385 230 335 343 334 18 258 292 93 187 328 262 77 37 132 198 73 24 461 194 378 368 300 472 55 92 110 491 422 464 179 276 390 165 76 151 399 207 85 499 19 275 126 321 113 465 137 27 367 127 121 269 407 456 56 70 111 99 371 384 266 66 175 104 205 316 436 160 447 125 440 38 380 62 352 168 131 2 12 281 13 50 98 430 227 450 324 427 395 451 406 206 157 338 372 40 418 353 260 245 421 400 459 231 129 374 443 112 293 170 210 279 148 247 212 26 188 336 429 250 30 467 289 277 320 68 109 359 238 193 452 119 415 358 382 392 234 284 408 297 265 357 348 496 223 248 236 483 101 117 130 123 14 96 218 122 493 306 65 242 116 189 286 46 410 233 86 307 
Sun Apr 06 14:30:03 2014
times:8
solution is:31673.000000.       temperature is:999.990000
ans array:
168 495 498 362 29 388 106 453 10 407 463 25 154 108 393 489 63 439 100 272 282 267 213 435 409 364 133 57 500 419 322 84 222 433 244 471 197 141 261 473 478 486 253 23 11 477 128 144 332 158 271 41 229 178 198 153 67 361 365 274 48 255 366 457 61 4 469 209 188 425 466 147 21 385 6 103 107 287 445 399 71 330 460 342 259 98 95 414 346 389 396 412 319 53 225 135 256 484 215 285 252 224 22 480 449 315 291 370 454 424 377 312 442 296 79 295 91 316 134 298 167 118 203 417 294 228 143 72 355 310 283 120 420 17 405 423 356 379 408 226 20 177 173 304 327 64 432 70 233 97 94 474 127 184 200 13 44 492 340 52 78 476 347 455 246 383 47 162 461 302 136 329 152 438 241 146 488 124 497 28 318 479 426 126 470 169 39 165 494 87 221 308 345 151 5 416 391 456 351 344 172 90 2 81 109 27 8 240 190 297 403 472 194 89 339 83 386 305 303 155 18 196 444 73 170 299 180 62 102 376 195 350 491 15 418 43 269 368 207 263 360 288 278 86 33 175 31 448 139 217 354 325 230 58 373 211 402 105 99 157 66 35 54 93 465 114 311 464 46 413 387 32 459 326 74 462 80 205 59 34 262 82 131 273 121 140 145 24 129 249 257 186 270 290 313 245 446 214 159 357 275 401 394 328 493 181 161 369 92 378 69 321 174 150 220 238 266 55 458 400 375 333 1 341 176 411 440 208 381 349 482 149 415 427 320 395 12 50 212 264 110 314 367 380 363 164 392 49 3 26 182 487 36 239 219 422 431 307 227 101 112 404 216 193 137 447 19 237 490 7 115 437 201 371 309 468 451 171 68 60 260 247 75 265 132 336 56 306 179 292 499 65 38 160 138 85 483 475 384 206 185 300 130 434 243 76 40 335 359 77 343 187 289 242 301 189 113 268 183 16 481 232 111 398 430 248 452 235 104 284 286 258 352 293 372 279 156 324 443 231 397 277 37 331 192 88 191 390 14 436 166 348 122 467 254 353 142 410 119 496 30 96 116 334 281 123 429 428 234 210 117 337 421 280 236 276 450 250 9 223 148 218 382 374 125 358 317 441 202 323 51 485 204 42 406 251 199 338 163 45 
Sun Apr 06 14:32:14 2014
times:9
solution is:31447.000000.       temperature is:999.990000
ans array:
57 407 228 261 106 134 5 446 274 447 42 43 44 389 351 267 209 362 90 256 22 72 162 255 489 486 216 404 387 388 282 469 405 310 377 322 196 252 488 330 177 425 28 356 63 391 304 133 190 136 326 287 173 366 455 15 83 350 298 275 280 383 423 120 299 363 34 23 203 110 246 33 303 288 495 325 385 141 79 107 449 32 21 278 144 296 108 178 361 152 202 197 25 491 215 315 375 379 164 188 221 85 473 312 479 139 172 225 474 7 186 412 10 118 114 94 13 75 53 135 158 82 290 269 462 454 226 98 346 159 49 476 239 494 67 100 198 403 230 69 263 8 463 84 47 264 338 61 48 499 480 342 327 207 93 373 272 240 233 329 364 41 36 271 201 211 91 394 401 442 369 472 161 145 308 402 345 99 17 318 155 302 409 127 171 419 341 6 458 56 81 174 54 283 24 396 71 420 4 487 393 432 424 456 490 311 39 320 253 153 444 184 224 243 87 235 31 305 199 445 222 149 500 426 249 214 232 319 434 433 332 204 251 205 52 143 51 147 370 58 20 301 140 206 27 411 257 237 180 213 408 40 195 438 339 18 349 354 1 365 417 115 386 317 270 92 478 344 323 381 77 229 295 124 418 121 313 103 191 392 492 413 427 169 328 309 482 448 9 46 241 102 74 477 219 440 355 384 59 376 176 374 154 45 64 453 160 336 368 125 55 416 11 286 481 62 415 316 182 129 265 212 268 97 347 465 343 217 29 66 175 208 194 247 435 168 112 166 150 395 193 179 457 294 167 113 285 3 148 132 185 459 88 484 475 292 35 163 128 398 460 146 105 461 89 410 276 242 470 390 324 306 157 437 466 73 138 321 273 360 334 493 372 68 307 30 2 422 431 111 220 335 189 244 380 259 187 109 12 200 131 371 333 497 297 471 142 314 331 80 289 430 258 367 50 65 78 137 399 126 443 38 468 266 441 397 101 95 26 117 245 340 352 378 357 496 337 277 464 428 16 14 421 279 260 254 104 284 262 70 119 359 181 156 248 210 293 123 436 170 483 291 151 429 353 183 406 358 300 227 348 281 236 231 165 19 485 218 130 451 382 86 250 452 450 116 467 96 234 498 60 223 37 122 400 414 238 192 76 439 
Sun Apr 06 14:34:26 2014
The average run time for the algorithm is : 130.061900
The average solution for the algorithm is : 31462.300000
The maxx solution for the algorithm is : 31673.000000
The minn solution for the algorithm is : 31329.000000
