period=50.000000
Sun Apr 06 12:13:37 2014

N=500 M=20
times:0
solution is:32778.000000.       temperature is:999.990000
ans array:
295 362 163 207 159 393 263 120 133 143 309 8 213 140 38 498 114 478 275 192 3 60 466 319 486 443 253 427 387 351 287 346 177 286 368 146 265 5 455 315 325 13 369 199 91 350 459 113 412 176 301 372 115 254 242 71 469 90 274 304 28 187 365 6 468 464 310 127 227 48 331 308 102 172 239 162 70 407 261 352 283 397 366 273 56 19 414 129 35 410 243 383 116 224 188 173 293 138 480 305 221 452 345 328 144 313 57 290 415 99 79 160 373 396 45 201 355 245 430 375 424 316 333 284 327 359 386 209 423 42 223 492 285 472 329 198 98 343 392 72 211 260 12 18 299 426 436 429 432 358 385 279 271 30 336 124 231 384 119 456 374 190 252 241 214 238 444 22 21 205 256 16 123 487 389 128 421 442 100 409 312 388 229 420 281 441 175 206 248 191 326 220 370 95 93 66 103 277 41 137 208 194 236 118 280 96 337 111 108 58 247 341 314 33 55 215 246 258 54 479 259 401 390 152 230 234 419 2 449 485 488 61 447 73 149 321 150 202 154 212 399 381 109 354 151 360 291 494 180 306 500 378 490 203 170 189 195 85 255 461 460 250 204 228 376 435 318 15 445 183 377 233 439 226 32 106 24 89 87 303 463 406 101 135 431 63 278 34 395 477 340 105 296 125 64 371 141 121 10 244 322 348 411 422 457 145 276 197 428 249 297 473 7 470 31 179 185 491 78 425 200 52 496 416 334 25 110 471 357 156 26 342 475 68 181 75 14 17 288 126 450 462 483 69 46 168 182 335 165 251 86 289 161 47 196 148 300 403 139 232 77 474 404 356 142 339 43 157 364 408 174 454 49 136 302 27 80 216 481 20 438 394 499 92 446 107 131 222 134 382 193 298 361 210 266 97 219 186 153 347 379 332 11 418 23 405 292 324 39 59 451 434 380 363 82 178 433 166 104 482 264 294 37 344 44 495 29 317 9 338 489 83 112 398 51 467 67 497 50 240 147 437 323 117 413 184 493 130 257 132 268 270 40 167 307 330 94 448 76 267 269 237 262 465 417 453 36 400 311 62 65 217 74 391 169 158 171 218 367 4 225 484 476 164 320 458 272 349 81 235 88 122 84 1 53 402 282 353 155 440 
Sun Apr 06 12:14:50 2014
times:1
solution is:32789.000000.       temperature is:999.990000
ans array:
193 364 330 392 263 444 140 309 456 60 360 349 421 207 66 284 261 56 371 316 245 386 38 143 488 335 280 211 410 190 296 203 150 249 424 255 356 276 447 492 34 389 183 455 137 228 329 400 299 310 29 70 289 487 41 357 242 461 498 163 54 361 8 57 305 406 478 244 423 71 78 230 105 115 351 99 101 443 229 270 359 497 167 404 333 33 90 379 219 337 19 445 436 25 260 269 313 464 118 130 237 5 283 375 414 238 300 438 373 87 278 141 114 91 275 427 468 485 98 61 28 265 108 479 500 171 494 11 451 483 446 377 331 312 499 153 304 291 302 119 55 470 477 234 311 24 426 388 148 457 391 358 227 236 201 387 109 59 480 212 366 196 370 81 385 53 390 144 243 374 259 431 27 301 206 254 250 352 214 474 154 104 223 308 124 415 202 467 226 369 132 21 363 18 286 215 350 253 430 100 466 6 231 285 342 248 68 319 323 22 3 252 339 151 166 241 368 325 216 298 162 62 72 133 322 197 224 324 86 156 107 469 303 268 442 128 96 273 159 160 213 26 175 74 315 199 262 274 222 35 134 13 139 493 399 437 372 16 416 225 378 402 192 1 138 145 157 496 449 165 198 459 412 481 240 125 397 471 452 23 17 177 344 292 256 341 73 208 381 36 271 31 195 429 210 9 419 44 257 394 95 126 76 343 354 173 135 401 181 332 77 334 307 204 258 440 205 149 116 314 194 473 346 454 267 69 49 220 106 189 65 395 42 475 180 290 93 336 111 158 168 170 83 32 277 272 10 161 420 490 472 239 48 306 347 384 121 422 209 172 495 279 136 482 182 489 129 186 146 188 80 142 217 64 433 176 152 103 297 89 458 82 411 187 178 191 462 365 123 281 185 246 221 120 63 320 328 102 169 30 2 348 393 353 318 233 338 367 127 50 251 396 432 12 476 405 94 218 435 117 486 288 417 355 112 460 51 293 382 491 131 383 232 376 85 409 321 345 418 110 439 200 174 327 39 40 67 428 15 380 247 407 79 122 4 408 403 413 294 287 46 434 147 184 326 448 43 235 92 441 463 266 20 75 52 264 7 47 179 453 88 14 450 164 155 398 97 45 362 340 113 484 37 465 317 282 295 84 425 58 
Sun Apr 06 12:16:03 2014
times:2
solution is:32767.000000.       temperature is:999.990000
ans array:
30 71 28 66 203 249 433 447 152 406 34 487 345 130 275 309 260 304 175 289 220 38 87 285 412 163 180 316 357 55 469 457 5 247 144 207 196 219 133 64 50 137 395 147 213 445 119 138 61 189 271 231 417 51 109 323 358 35 255 183 497 132 284 392 356 360 333 337 377 124 365 57 452 322 172 79 313 192 188 111 280 223 154 396 298 265 102 291 215 94 56 167 254 432 468 45 116 127 199 491 359 462 438 226 238 236 480 225 493 464 120 198 426 212 459 114 269 149 77 128 12 467 386 3 209 500 246 118 494 286 211 72 496 373 278 346 381 281 444 161 370 259 297 455 60 68 344 341 142 340 405 48 16 424 10 43 182 471 112 483 330 332 403 410 430 300 41 208 145 98 54 256 241 62 27 100 408 477 15 475 466 96 151 325 348 32 240 1 89 7 388 305 431 179 398 290 18 449 327 401 266 463 407 31 227 187 276 6 21 393 75 416 287 86 335 235 415 368 4 319 308 243 350 129 173 85 492 206 375 486 498 146 404 336 121 115 441 482 126 489 329 328 248 143 476 2 439 343 19 177 148 135 394 413 261 423 318 197 166 42 9 204 448 434 306 251 282 170 97 374 384 184 242 293 25 311 288 216 274 185 372 162 361 307 460 436 490 229 159 49 369 268 310 117 397 239 108 470 195 456 178 443 389 82 232 228 479 446 59 355 83 262 349 237 131 29 324 92 273 299 263 390 233 105 221 411 99 244 283 20 24 174 296 378 234 140 382 110 387 474 339 366 214 17 90 181 383 437 376 104 36 76 193 421 354 95 190 351 202 88 334 93 485 352 450 400 317 473 429 414 230 478 69 331 342 442 267 303 499 399 461 314 157 22 194 312 258 191 224 67 125 201 47 39 451 101 418 472 73 495 153 106 218 164 419 440 52 338 11 422 420 427 26 385 428 481 435 139 107 364 453 103 488 150 40 70 321 379 277 264 301 14 158 141 8 409 168 320 37 113 91 315 302 484 171 270 253 80 371 380 454 363 391 123 33 81 74 200 292 46 156 58 23 13 326 78 353 186 257 245 84 44 250 155 458 222 425 217 210 252 294 134 53 63 279 122 136 165 176 367 169 465 295 347 402 65 160 272 205 362 
Sun Apr 06 12:17:17 2014
times:3
solution is:32850.000000.       temperature is:999.990000
ans array:
418 159 498 253 470 449 28 414 151 432 371 389 60 360 85 342 55 80 368 128 21 261 457 276 239 182 351 162 173 472 487 183 45 382 227 416 426 259 343 203 192 263 305 17 95 387 370 114 362 245 254 207 436 242 140 211 7 333 279 275 406 444 2 447 115 407 485 411 64 163 106 130 496 299 392 405 250 257 393 378 396 113 394 500 149 258 388 8 494 265 34 463 24 354 236 206 331 202 137 345 255 62 329 352 78 433 148 491 121 144 366 365 431 157 196 66 191 52 56 346 71 195 481 42 383 330 61 223 443 118 117 214 412 289 348 72 262 373 480 208 349 469 166 274 138 241 323 293 225 404 280 298 296 234 268 427 110 134 372 281 357 307 399 100 304 167 146 277 178 434 231 452 297 284 65 54 269 29 492 93 468 410 324 47 73 104 430 456 384 260 16 38 232 419 102 229 359 270 358 41 246 189 493 273 355 86 482 18 184 328 1 168 49 459 79 6 499 325 105 87 82 243 446 35 213 327 477 390 224 337 291 489 316 101 285 136 356 126 129 103 400 314 92 186 467 111 361 139 312 425 209 125 339 283 278 271 97 315 221 50 450 120 12 98 435 313 379 288 429 15 58 31 69 133 309 302 57 215 326 165 83 409 25 51 172 344 478 445 398 486 30 74 423 96 179 89 421 417 90 336 5 200 364 377 455 240 175 153 188 466 3 220 9 152 22 375 127 13 145 77 350 33 27 204 32 369 488 112 308 464 193 233 479 147 428 171 226 442 70 156 26 319 256 216 402 210 249 187 448 212 395 462 228 460 53 197 247 438 454 461 295 413 198 290 205 190 222 91 68 154 453 199 311 244 75 132 374 109 123 320 194 36 386 415 143 334 303 161 99 181 237 495 347 116 59 335 471 135 44 219 141 174 381 458 150 248 338 169 19 81 380 48 301 420 142 11 251 484 43 475 158 177 185 39 437 180 306 286 287 397 451 300 483 160 76 201 422 252 119 264 10 401 67 473 230 238 490 267 497 322 218 340 332 391 408 14 321 476 282 94 441 63 272 170 4 341 439 424 317 367 23 292 40 46 376 84 108 131 107 235 20 440 363 217 318 37 88 176 474 353 266 465 155 385 124 403 164 294 122 310 
Sun Apr 06 12:18:30 2014
times:4
solution is:32813.000000.       temperature is:999.990000
ans array:
193 151 160 205 72 305 425 6 316 135 279 276 313 132 150 380 397 209 327 128 373 245 498 351 29 211 100 368 223 464 238 489 275 102 79 46 481 403 339 156 288 163 466 38 386 152 14 281 149 477 424 140 172 318 153 212 333 250 357 175 444 219 98 323 443 174 183 496 456 137 291 5 66 459 349 454 399 378 64 487 365 445 130 21 93 213 331 18 287 144 389 310 457 398 16 411 28 296 168 259 256 92 494 77 69 280 143 304 277 52 110 261 108 438 470 426 479 58 236 352 2 360 226 203 228 233 283 26 71 42 243 56 413 396 497 35 124 90 103 370 196 434 73 268 182 473 104 190 173 345 286 227 297 427 437 475 114 269 461 407 330 242 239 188 439 284 414 234 127 70 44 442 299 393 75 194 440 406 272 480 185 435 60 61 347 346 187 410 78 27 240 390 59 139 3 25 87 258 262 206 216 167 392 469 326 159 105 85 138 492 359 491 452 231 126 462 260 123 451 488 119 189 257 41 178 289 344 141 322 278 432 449 303 12 4 115 328 118 235 348 91 495 285 381 408 200 363 455 376 404 241 246 429 335 377 401 332 184 499 431 57 207 358 293 125 450 355 1 215 162 433 86 136 109 447 416 232 89 290 51 341 94 384 500 180 394 325 483 308 53 302 30 202 309 471 106 120 192 8 68 97 197 17 430 467 134 474 460 391 265 274 312 214 476 248 165 342 486 145 55 199 218 111 133 122 254 176 49 371 412 329 295 395 244 421 319 420 463 385 264 62 484 222 307 148 177 478 251 417 340 181 230 107 311 13 423 458 31 201 356 317 324 343 350 490 15 50 19 337 379 20 54 204 82 84 186 306 366 422 362 146 334 387 485 11 314 292 441 154 321 191 76 10 252 112 361 24 157 32 142 415 224 195 101 63 428 121 37 419 369 225 271 166 374 453 22 33 253 320 388 249 436 448 338 81 405 482 270 170 34 117 43 65 468 23 116 74 208 400 210 263 80 45 354 7 418 409 375 99 129 493 36 315 164 161 282 336 383 300 221 294 171 83 229 40 472 402 446 47 298 266 364 382 220 198 372 67 131 39 273 179 267 247 96 95 465 217 169 113 155 158 9 88 237 353 147 367 255 301 48 
Sun Apr 06 12:19:43 2014
times:5
solution is:32864.000000.       temperature is:999.990000
ans array:
193 466 28 111 249 330 227 85 45 425 215 177 363 127 6 185 241 41 470 479 162 154 83 44 283 165 119 444 276 480 229 202 152 72 211 173 174 66 163 160 285 316 15 361 420 38 287 87 246 394 90 414 108 243 5 132 97 263 315 342 376 350 218 14 499 17 485 121 140 189 496 291 487 150 213 431 247 318 137 3 396 372 204 430 194 387 471 182 295 175 109 187 16 403 191 275 244 79 442 34 305 493 284 138 354 399 468 405 328 337 412 18 212 303 324 46 309 22 413 310 379 332 415 458 62 178 157 373 492 345 141 240 451 228 365 205 172 469 186 144 118 1 25 168 99 54 333 161 386 239 406 234 472 60 203 360 322 489 478 223 500 400 464 105 483 280 491 31 120 86 7 346 151 115 462 314 490 392 494 432 265 222 426 130 384 419 158 335 325 279 497 359 465 219 78 112 428 147 443 278 460 395 57 411 245 248 207 447 42 389 48 296 253 347 378 327 133 321 40 21 445 254 257 429 459 56 343 149 33 362 43 19 473 180 61 300 100 32 35 331 288 356 210 385 24 206 452 169 184 10 2 311 117 139 153 26 351 201 299 230 260 59 129 312 166 289 381 368 375 498 55 198 29 477 270 12 70 398 135 125 183 242 437 297 136 474 250 308 410 277 255 197 267 416 94 148 82 231 52 104 370 110 37 371 424 143 397 407 495 106 216 30 274 195 75 326 298 192 188 301 199 103 236 76 126 417 450 71 209 95 124 448 181 319 51 269 449 374 341 80 427 441 380 67 262 433 307 292 261 438 423 422 293 58 402 214 421 439 73 393 302 49 131 196 408 102 77 323 461 39 238 358 237 436 220 339 146 273 481 475 93 156 388 457 27 4 404 68 252 11 290 355 251 344 455 116 226 334 313 281 259 170 164 232 208 366 482 454 340 390 98 467 369 401 64 128 96 286 36 272 107 114 101 364 440 200 383 456 69 453 271 123 53 484 377 221 233 142 320 338 171 224 145 113 486 409 167 382 50 348 435 91 9 304 418 20 235 268 256 317 434 65 349 92 179 336 13 190 89 74 306 488 282 63 476 23 264 225 367 258 353 84 176 266 463 122 446 391 134 352 294 81 88 217 155 47 329 159 8 357 
Sun Apr 06 12:20:56 2014
times:6
solution is:32840.000000.       temperature is:999.990000
ans array:
193 380 418 189 143 157 430 414 357 346 481 257 28 393 151 497 117 272 243 85 76 360 455 406 362 58 351 198 137 57 211 25 249 369 267 403 368 423 150 280 153 8 228 134 363 219 212 461 42 305 5 276 19 355 314 494 241 101 468 183 102 175 491 163 458 114 152 336 73 275 384 196 398 33 223 115 59 244 392 149 444 469 159 289 140 168 206 396 172 292 322 445 459 7 253 162 61 184 350 259 329 284 199 316 180 258 439 51 167 309 472 24 56 330 448 359 79 374 104 277 365 432 242 480 6 214 154 94 405 100 66 356 18 375 385 231 49 123 119 203 424 236 248 296 32 496 433 404 107 78 112 165 446 77 90 16 331 221 220 263 260 465 317 479 178 335 431 129 373 328 381 173 229 254 135 147 286 493 500 451 17 138 109 207 35 268 239 274 474 174 407 92 337 416 209 438 269 377 1 91 437 371 261 15 20 443 132 487 345 160 105 319 372 87 70 99 139 370 111 256 245 462 225 116 348 34 118 130 421 38 302 238 208 127 334 262 200 442 464 485 297 22 144 169 361 278 492 397 354 182 69 312 3 419 29 192 498 82 227 195 288 30 489 62 325 427 255 400 122 386 75 434 411 429 47 72 170 197 113 67 413 441 124 342 311 31 301 43 52 95 395 83 440 279 391 475 216 9 340 478 483 188 410 81 456 495 120 306 247 273 148 26 476 103 215 379 205 133 338 457 291 387 50 141 166 191 299 226 12 146 447 420 234 125 428 401 39 45 131 347 376 352 98 21 233 332 156 422 60 436 194 298 63 246 326 96 204 389 358 235 290 282 310 250 399 285 14 477 86 176 490 281 467 339 106 177 2 499 364 89 222 65 271 44 68 344 327 417 128 454 181 460 313 186 303 36 343 136 27 126 318 142 240 48 93 320 213 283 287 466 164 218 190 470 324 408 415 452 74 121 41 224 64 435 378 382 388 425 304 145 333 187 55 10 307 11 488 71 315 210 171 13 265 366 412 97 394 40 110 252 251 409 23 426 53 321 84 264 270 294 341 201 308 473 230 293 471 4 158 46 202 37 349 484 402 179 161 453 383 295 463 367 450 80 185 300 482 217 54 266 390 237 88 353 155 108 486 449 232 323 
Sun Apr 06 12:22:08 2014
times:7
solution is:32768.000000.       temperature is:999.990000
ans array:
274 360 272 362 58 162 444 64 310 346 132 21 241 392 257 3 105 250 246 359 370 309 66 480 140 263 183 70 4 226 333 351 180 204 92 2 190 67 62 199 239 451 198 219 354 420 469 357 201 42 134 102 78 436 265 8 498 33 476 46 24 117 319 143 54 253 365 222 194 76 426 339 394 329 166 116 355 448 242 382 445 220 203 462 340 497 316 254 305 14 159 252 160 177 195 389 192 25 386 421 128 137 424 202 368 119 175 349 325 72 287 281 139 290 191 131 388 146 136 275 214 156 26 378 187 296 352 405 477 439 443 114 235 44 133 414 454 115 223 249 34 358 331 197 464 259 492 124 150 22 486 273 427 29 167 447 120 384 126 5 41 243 211 376 326 123 227 111 404 224 286 28 100 161 396 16 452 460 276 168 12 423 299 380 90 106 356 10 233 302 75 383 416 80 491 410 79 456 38 18 57 381 441 189 285 48 267 468 240 419 87 61 481 36 45 184 138 6 332 262 188 85 473 17 205 186 173 303 35 60 284 129 293 95 30 157 108 153 256 218 400 82 27 209 73 127 323 321 434 215 103 277 23 363 297 279 93 88 236 422 471 344 393 402 495 457 248 470 56 125 149 348 269 300 466 51 291 459 207 336 342 375 322 152 350 151 401 487 74 109 306 308 55 377 31 99 185 366 52 314 311 213 39 490 343 237 231 488 19 437 347 429 1 230 465 182 176 112 494 59 234 68 361 330 196 141 455 144 320 163 145 130 399 289 101 229 364 238 110 379 86 499 438 430 496 373 216 328 179 278 334 413 483 428 170 221 484 385 255 288 425 417 474 461 338 181 315 431 485 49 7 280 433 268 372 97 40 91 148 335 397 463 135 467 337 210 206 121 47 244 415 283 411 77 178 15 458 406 489 208 482 395 450 32 154 442 472 479 432 193 271 301 169 412 142 292 341 200 387 294 165 408 83 118 96 53 475 20 247 391 260 172 11 81 500 390 371 418 69 313 104 98 43 266 435 217 453 50 403 89 270 245 251 295 407 440 327 63 345 94 107 369 258 374 324 317 147 298 264 37 353 307 113 71 171 478 312 232 164 446 13 225 9 158 318 398 409 84 367 122 174 493 228 65 212 449 282 261 304 155 
Sun Apr 06 12:23:21 2014
times:8
solution is:32667.000000.       temperature is:999.990000
ans array:
274 449 163 241 456 66 72 38 211 249 54 228 159 41 457 309 370 243 479 8 487 128 304 240 447 184 464 215 253 470 117 198 25 109 1 316 28 345 407 132 60 491 108 22 498 375 203 51 443 137 138 229 444 250 101 207 325 85 339 399 79 143 461 276 451 342 172 452 82 213 204 126 280 314 298 6 183 472 362 494 372 195 30 455 24 392 310 48 488 293 234 485 90 303 149 346 42 438 255 313 354 3 493 231 437 284 261 397 62 335 404 98 214 480 92 140 162 386 16 463 40 400 290 466 413 285 56 210 119 236 100 490 468 145 94 355 327 381 61 352 373 262 359 50 52 425 256 35 124 432 135 76 429 424 254 70 226 129 356 152 123 366 350 21 237 337 77 75 330 469 118 175 190 83 448 454 267 360 341 435 323 63 376 180 71 436 401 151 378 265 18 114 394 133 217 332 148 121 291 292 288 103 12 165 127 34 154 246 477 111 73 13 289 173 388 196 497 192 382 185 420 239 433 44 259 368 260 179 318 275 31 384 74 199 496 106 277 245 164 221 219 423 361 308 426 476 486 500 168 412 358 102 445 191 139 32 272 474 347 305 410 27 315 47 294 78 104 153 379 33 385 99 322 160 244 197 340 331 367 141 224 201 10 166 398 167 389 105 11 64 155 483 439 492 189 43 23 17 134 434 460 417 459 177 283 406 329 258 311 115 208 419 286 216 281 489 393 333 351 387 222 441 187 116 150 161 171 186 238 499 296 15 297 377 144 202 369 39 242 431 300 269 396 365 446 49 4 324 194 247 156 14 20 371 475 107 227 178 380 68 130 326 414 182 471 473 263 357 220 312 89 225 270 422 383 97 421 7 299 402 19 427 93 122 209 87 200 69 403 268 86 478 348 65 53 57 5 113 495 416 230 278 442 349 235 206 218 363 26 136 110 29 467 257 252 482 212 59 411 232 344 287 450 120 273 188 205 67 248 95 295 131 336 430 415 338 317 58 181 112 266 9 428 328 353 409 408 157 390 142 147 125 395 462 279 484 319 223 46 321 96 334 55 91 271 2 364 458 36 320 81 306 301 405 80 307 374 37 465 453 251 174 176 45 391 343 440 264 282 146 169 158 84 88 302 233 170 481 193 418 
Sun Apr 06 12:24:34 2014
times:9
solution is:32728.000000.       temperature is:999.990000
ans array:
353 263 193 249 29 444 360 38 248 245 152 469 392 330 60 1 352 455 35 41 433 132 441 93 72 79 321 493 378 341 90 293 124 280 397 241 102 425 350 335 45 346 62 439 18 156 485 295 328 379 8 58 189 110 434 61 480 206 118 498 471 159 399 310 19 129 137 443 153 70 185 500 173 85 211 121 75 269 148 48 220 42 413 291 184 389 309 304 496 244 381 373 284 197 104 445 133 80 375 307 144 324 430 398 145 459 325 231 190 414 337 261 327 205 436 492 371 34 218 111 368 138 323 491 423 301 415 432 5 276 56 483 175 178 6 356 17 107 366 125 322 467 195 456 21 314 332 69 3 342 393 274 103 71 165 224 466 73 227 194 383 114 254 424 374 143 482 259 361 140 52 313 448 278 151 429 396 347 234 394 286 201 238 364 451 22 88 487 199 410 359 437 179 250 228 127 294 358 180 240 343 149 212 204 354 113 345 297 94 243 26 203 468 308 435 412 221 363 253 242 395 461 188 198 136 207 256 209 495 401 285 416 419 170 339 384 281 66 11 163 296 344 126 135 402 10 142 235 87 387 214 141 277 219 460 252 215 447 386 372 490 210 67 247 83 183 162 312 86 40 187 233 267 39 494 68 426 112 117 370 2 422 119 226 139 99 462 239 147 223 316 4 208 55 44 222 476 258 338 298 421 452 289 182 388 95 82 348 305 331 428 76 369 30 105 157 49 265 257 333 246 31 106 24 317 63 279 457 59 120 351 450 390 134 16 497 89 315 57 479 472 236 33 154 464 334 406 357 302 64 283 196 168 403 213 290 431 473 100 101 470 28 275 382 115 15 77 418 192 288 454 54 91 230 216 355 255 420 349 128 262 146 23 92 172 191 319 329 303 51 25 53 13 481 489 9 477 311 404 475 229 299 78 123 478 365 50 167 306 122 116 463 270 36 130 400 411 405 326 232 465 486 158 417 65 176 186 474 98 166 47 131 96 362 320 499 442 177 340 169 376 14 7 264 108 268 271 488 161 260 377 336 440 300 202 380 12 109 292 37 408 32 458 160 282 446 453 74 46 237 251 438 391 150 43 484 225 385 287 200 217 318 367 449 164 20 266 181 272 427 273 409 171 27 155 97 81 407 84 174 
Sun Apr 06 12:25:47 2014
The average run time for the algorithm is : 73.028900
The average solution for the algorithm is : 32786.400000
The maxx solution for the algorithm is : 32864.000000
The minn solution for the algorithm is : 32667.000000
