period=100.000000
Sun Apr 06 14:34:26 2014

N=500 M=20
times:0
solution is:32715.000000.       temperature is:999.990000
ans array:
30 498 255 362 241 470 114 55 160 152 357 89 487 156 478 48 494 35 72 456 245 406 493 211 120 112 205 207 227 397 111 246 427 244 5 228 66 302 351 102 257 38 275 381 413 137 276 285 163 421 368 60 68 309 414 330 372 64 396 256 234 395 52 104 352 272 480 135 71 18 370 180 33 392 298 99 329 83 183 161 149 77 438 359 269 198 346 109 455 24 340 445 459 468 332 490 386 1 431 159 319 475 323 210 213 270 416 299 360 250 485 458 471 142 203 447 240 263 419 394 242 411 168 483 157 243 287 444 388 193 469 123 85 45 138 204 384 224 178 310 324 344 378 443 291 182 410 415 402 75 187 316 130 345 408 155 74 464 128 148 461 306 27 284 3 126 97 129 41 333 492 361 297 162 304 423 197 313 405 279 124 131 248 280 56 8 296 265 261 231 105 317 239 19 189 12 488 254 108 457 281 472 195 166 495 95 14 365 479 21 191 473 236 184 202 315 101 274 430 439 476 44 220 42 216 305 133 433 358 215 477 442 232 303 226 140 154 31 435 328 79 29 373 214 247 407 342 393 403 199 212 188 16 121 119 143 73 499 139 271 39 350 26 90 437 325 491 61 92 432 383 6 451 170 100 463 331 268 448 118 375 176 400 34 58 127 80 301 103 144 446 356 96 425 86 76 4 377 398 489 399 382 186 412 354 336 497 167 249 141 385 177 146 51 486 190 454 327 252 260 13 288 496 267 172 218 264 22 223 106 322 422 94 222 151 253 200 116 289 115 43 343 371 192 426 98 321 7 314 132 32 286 467 82 500 335 175 466 481 185 462 17 145 78 404 233 110 69 369 453 28 380 283 62 428 417 436 93 221 409 339 125 341 57 229 366 206 278 300 15 136 387 293 389 49 441 194 10 259 2 225 50 311 424 364 67 348 70 181 59 273 484 87 134 11 349 307 418 355 338 452 40 320 173 290 308 292 53 258 337 474 208 164 282 312 237 88 434 147 429 209 277 153 91 65 23 47 449 9 295 482 347 420 235 54 37 374 36 196 107 379 150 390 219 262 440 376 25 20 251 63 171 238 294 117 122 201 334 81 391 266 318 46 230 401 113 174 460 450 367 217 179 158 84 363 165 326 465 169 353 
Sun Apr 06 14:36:17 2014
times:1
solution is:32752.000000.       temperature is:999.990000
ans array:
274 28 449 360 71 124 261 310 330 29 350 89 105 385 285 392 470 241 443 396 129 165 425 444 120 102 461 228 180 474 238 239 419 54 198 293 151 487 406 313 230 280 58 498 287 85 439 109 50 56 495 1 143 389 397 66 346 472 333 168 386 371 34 329 24 250 60 381 64 388 59 284 236 328 146 335 140 384 491 162 47 254 445 354 170 327 6 36 172 202 48 481 373 242 166 134 163 200 464 211 288 186 372 424 79 141 137 316 452 26 42 431 486 256 19 258 399 222 77 184 433 494 99 430 156 321 123 365 121 448 401 440 229 467 278 53 205 357 144 339 400 469 212 387 33 342 227 209 398 51 41 104 496 475 135 153 459 244 55 91 52 107 276 114 40 361 319 157 18 451 175 173 117 14 119 488 438 344 441 125 370 317 468 463 243 17 196 362 423 272 275 393 379 332 307 44 318 197 492 138 130 68 262 426 358 232 61 93 108 188 306 72 324 46 147 181 309 116 345 300 421 413 5 403 404 416 245 13 76 476 10 25 349 297 224 247 152 477 291 183 90 466 356 462 395 493 465 281 21 2 133 207 308 453 283 301 347 311 118 380 95 270 154 106 203 82 351 31 484 454 394 489 289 27 210 429 249 432 127 213 63 267 382 103 73 3 290 167 352 446 84 110 434 366 22 214 80 75 271 390 161 234 8 376 368 259 192 231 418 204 218 286 208 83 500 226 159 101 182 436 38 219 199 485 323 480 194 69 482 70 374 94 428 62 136 473 322 456 420 255 12 336 100 447 23 312 206 11 331 359 126 248 32 325 179 148 92 216 378 176 16 263 115 377 273 490 460 415 191 304 132 160 269 455 87 215 246 221 320 405 251 422 149 408 240 383 98 150 348 195 279 112 253 363 458 337 111 355 417 369 257 189 237 435 174 471 302 314 305 187 499 375 292 81 427 303 97 178 57 437 265 35 169 410 177 4 9 158 411 277 341 74 185 268 113 128 217 407 30 296 15 65 86 479 497 315 96 39 45 220 20 457 122 171 201 67 299 223 282 43 260 478 139 338 233 364 235 78 450 252 266 49 298 264 367 326 37 145 483 334 340 7 225 88 131 442 193 402 155 294 353 190 142 409 391 164 412 343 414 295 
Sun Apr 06 14:38:08 2014
times:2
solution is:32750.000000.       temperature is:999.990000
ans array:
364 261 470 223 71 163 304 285 309 248 466 443 263 265 73 498 291 58 241 259 10 125 325 444 481 183 202 48 227 414 206 419 116 360 389 457 392 209 38 41 144 357 318 120 102 490 228 375 315 447 257 66 475 286 242 368 461 114 253 213 194 210 487 189 424 22 359 111 430 236 480 100 316 184 378 433 478 64 299 386 255 346 358 283 109 448 121 289 149 81 388 179 207 152 350 288 403 139 68 429 493 229 17 485 305 230 254 302 270 137 351 452 435 412 385 203 314 29 337 335 3 151 406 258 238 6 180 379 159 356 148 72 276 93 260 275 293 135 140 56 428 89 104 175 8 233 83 197 5 61 329 296 62 14 240 132 67 98 129 377 479 274 488 445 211 321 281 252 24 267 176 399 108 47 95 160 431 381 249 99 491 117 106 188 214 380 383 231 297 43 342 347 456 4 284 486 294 341 16 182 436 60 11 218 333 49 279 205 417 376 421 192 51 145 489 195 172 306 497 237 7 150 77 34 373 415 395 221 418 143 494 459 101 156 256 348 153 354 453 331 215 427 187 36 422 397 245 278 400 471 239 96 21 500 464 247 468 413 196 26 130 35 365 384 324 404 323 31 166 362 1 168 226 216 370 390 123 136 322 483 190 126 425 311 79 243 426 473 13 474 173 455 23 439 416 320 495 273 361 70 134 438 367 343 59 313 458 349 420 86 352 161 57 451 74 262 246 469 484 198 410 244 492 76 336 105 127 393 85 2 162 32 50 133 250 128 90 371 28 374 440 119 186 33 272 177 462 39 220 204 124 307 407 138 27 25 42 46 405 12 15 401 308 298 169 355 394 290 201 52 54 178 280 131 53 18 317 449 91 363 87 330 181 460 224 472 319 369 423 372 232 82 222 310 441 118 107 387 92 287 40 340 142 110 398 147 408 69 277 9 338 191 80 327 199 432 19 122 103 328 212 225 339 345 271 75 467 88 496 396 266 434 268 292 154 312 366 235 482 326 446 193 450 112 30 78 334 300 463 411 234 477 295 63 115 167 382 476 437 217 282 174 344 185 208 303 157 219 269 301 44 164 200 264 332 55 391 454 170 165 442 402 94 141 113 37 499 146 65 158 45 251 97 84 465 155 171 20 409 353 
Sun Apr 06 14:40:00 2014
times:3
solution is:32678.000000.       temperature is:999.990000
ans array:
30 274 344 445 414 481 360 367 133 255 207 160 234 489 146 444 362 197 358 281 498 38 256 124 400 51 70 157 102 60 371 425 404 21 413 73 392 349 368 189 57 480 354 302 466 18 471 280 42 62 330 333 153 493 456 143 438 469 48 226 306 66 478 325 373 482 470 79 276 130 427 305 14 52 451 286 196 35 500 100 218 162 418 214 310 366 304 184 483 313 186 219 26 403 357 431 163 388 370 291 394 159 348 307 297 381 452 351 29 187 128 309 461 19 490 339 459 462 384 468 228 227 58 287 72 1 323 166 22 117 457 443 129 296 111 246 233 496 288 316 205 265 87 211 492 378 337 463 412 405 137 206 284 172 406 47 203 390 430 236 109 424 180 119 319 31 198 464 149 303 268 28 99 314 487 64 273 376 283 385 140 423 209 168 8 395 181 44 56 342 262 141 479 383 239 261 94 257 231 86 170 183 248 272 244 393 359 334 90 126 345 426 254 150 365 25 182 419 331 356 139 174 343 352 382 5 151 80 161 380 387 132 2 397 120 98 82 442 191 484 34 292 121 175 225 75 242 361 396 125 179 78 222 499 77 176 266 447 144 473 437 350 279 208 6 134 118 173 41 477 169 188 105 317 275 115 83 436 243 386 114 491 103 33 495 123 346 269 145 15 37 220 455 289 338 202 49 290 377 267 221 428 190 85 260 485 488 375 435 238 379 422 89 439 17 3 167 104 74 241 192 61 332 95 178 136 448 131 429 340 250 127 460 399 27 421 259 494 415 91 407 204 200 171 245 194 235 65 472 389 263 93 410 201 308 96 285 335 441 210 475 311 247 372 347 326 71 59 417 434 50 409 12 135 278 486 299 467 465 249 369 329 223 432 497 229 9 341 315 7 258 212 324 116 156 420 110 252 374 213 277 215 270 152 154 69 312 107 112 106 148 318 401 108 449 398 11 76 36 282 113 24 16 147 320 328 408 391 10 298 294 32 474 440 177 13 230 23 216 237 355 232 458 39 138 321 46 142 92 68 240 336 195 40 155 295 55 122 453 97 476 454 67 450 217 101 43 364 433 327 253 416 158 251 199 164 322 53 301 411 4 88 63 224 271 45 20 185 264 81 293 363 54 402 446 84 353 193 300 165 
Sun Apr 06 14:41:51 2014
times:4
solution is:32698.000000.       temperature is:999.990000
ans array:
344 318 227 362 223 70 207 380 240 427 241 360 38 333 412 14 272 346 238 291 35 305 357 335 28 430 352 304 348 340 416 60 444 261 329 356 119 228 224 185 210 311 184 197 234 2 236 496 445 176 455 108 372 438 457 275 58 392 255 231 393 354 248 351 390 299 44 263 15 82 137 42 215 334 66 187 331 322 208 309 116 54 133 394 183 41 488 173 99 422 468 121 464 3 268 316 475 24 160 296 471 124 424 203 43 297 429 477 489 222 198 34 491 350 249 105 257 80 342 492 132 319 498 258 17 12 323 259 337 19 500 383 109 481 56 480 359 143 195 452 111 100 381 288 405 378 487 152 271 213 150 205 1 250 151 463 386 306 139 307 414 220 281 145 26 179 148 369 209 276 484 126 127 388 497 442 485 196 490 387 287 404 72 469 55 134 365 194 284 87 401 373 189 252 246 21 399 182 23 397 93 478 479 18 101 411 9 426 130 398 149 63 278 96 330 461 146 206 400 16 459 216 232 177 25 417 32 254 431 140 277 95 166 433 443 201 395 22 293 129 341 423 51 33 451 50 406 396 483 226 211 371 204 219 419 274 229 79 94 61 303 370 212 31 69 312 114 283 10 168 256 280 13 107 325 162 171 447 476 294 385 113 77 71 53 435 292 91 242 343 493 420 158 262 112 260 466 313 191 355 92 57 90 178 377 180 361 336 403 389 46 68 141 30 239 120 83 102 415 253 458 376 117 156 5 265 159 338 104 290 374 11 324 6 123 494 169 244 428 366 199 298 437 368 157 138 62 192 164 147 52 379 482 144 321 349 353 425 486 339 450 432 375 78 98 302 289 449 214 67 310 59 472 413 456 282 407 188 167 315 125 217 135 267 439 218 136 314 384 454 27 103 247 190 118 410 441 75 174 332 473 327 73 273 64 49 142 163 467 39 225 421 235 285 328 382 45 326 251 29 36 161 186 221 402 115 153 367 245 347 89 453 233 308 409 88 436 47 165 40 270 154 170 7 448 345 440 243 317 128 279 460 470 269 286 155 86 364 237 131 446 434 200 65 462 172 110 418 474 230 495 363 175 106 48 181 499 97 74 4 301 202 295 81 122 20 264 37 358 408 76 266 84 391 320 85 300 193 8 465 
Sun Apr 06 14:43:41 2014
times:5
solution is:32784.000000.       temperature is:999.990000
ans array:
30 498 159 455 128 249 28 25 160 406 126 118 444 42 51 58 255 90 21 256 487 385 365 48 207 350 218 151 129 18 298 189 304 424 346 212 214 393 265 254 325 203 305 257 61 481 297 241 342 361 491 29 91 466 337 395 253 19 12 190 496 163 280 5 184 439 31 447 279 66 369 441 150 299 17 360 405 432 359 73 6 173 179 38 462 183 421 53 357 362 74 287 499 153 2 140 186 303 330 322 211 318 143 78 392 310 414 332 35 79 402 178 459 493 340 33 457 111 469 250 96 244 228 227 345 135 390 403 316 213 483 471 196 396 309 82 100 258 68 201 191 381 86 430 132 276 4 329 410 470 222 437 144 108 288 236 290 54 181 15 49 275 315 131 109 215 407 127 364 480 404 114 436 296 338 456 473 477 378 26 454 394 146 431 133 458 482 187 399 285 331 419 70 428 370 356 226 233 235 41 269 284 478 354 347 248 175 234 141 497 223 174 343 193 489 199 219 139 121 116 438 206 464 387 142 415 55 401 103 445 154 148 334 60 162 476 261 246 194 379 423 169 56 138 75 383 363 221 172 64 220 239 137 32 9 375 117 443 492 34 377 208 204 278 467 449 450 339 465 125 433 500 89 62 291 314 94 388 371 416 22 176 384 389 164 198 260 130 77 10 486 463 348 98 240 202 152 161 427 104 400 484 229 165 319 120 494 468 192 417 44 195 99 230 411 27 490 210 495 101 267 286 113 352 156 149 289 67 157 262 382 435 333 374 95 242 263 24 243 170 412 93 238 182 317 167 232 472 36 355 479 245 413 205 11 273 475 105 81 122 46 180 3 188 321 422 110 69 85 40 80 420 209 452 168 277 311 323 368 115 76 376 294 301 373 16 442 88 134 386 50 217 72 237 367 283 123 97 112 451 197 83 306 39 84 124 453 1 252 59 358 313 147 485 380 460 320 461 408 171 106 418 425 20 328 216 426 272 87 14 102 292 474 397 282 448 307 335 434 271 231 281 251 446 43 185 391 166 119 429 47 200 302 158 107 145 270 7 327 274 136 372 295 23 259 344 349 366 308 312 13 336 52 57 224 177 266 324 225 326 92 37 247 63 293 45 268 341 440 398 65 353 409 155 264 351 71 300 8 488 
Sun Apr 06 14:45:32 2014
times:6
solution is:32857.000000.       temperature is:999.990000
ans array:
364 261 498 316 48 414 238 457 490 275 60 58 392 241 450 346 159 236 215 28 222 148 211 174 133 487 126 285 288 255 56 105 160 455 120 191 99 163 304 276 417 372 117 351 135 260 278 119 416 459 253 70 331 309 254 468 98 118 444 151 130 38 411 497 132 301 111 137 277 189 390 167 22 26 299 393 325 6 212 115 367 494 262 172 329 1 62 192 27 190 368 95 413 439 91 296 178 21 425 46 354 358 407 248 162 202 52 124 319 451 128 344 138 470 240 85 32 493 13 408 370 334 492 116 424 252 489 129 427 462 77 80 42 219 491 104 72 216 361 357 92 333 321 286 323 166 39 71 184 431 373 228 293 78 315 297 394 391 33 87 100 438 280 15 342 452 213 153 499 97 49 205 40 34 8 298 64 426 89 423 365 243 448 65 330 335 7 336 480 79 268 377 359 18 422 381 3 143 398 180 405 237 396 472 305 5 43 140 428 51 68 114 102 175 289 207 66 82 454 500 481 150 123 246 157 258 399 279 57 218 400 259 188 420 55 375 194 360 247 108 328 2 421 403 204 19 475 415 109 35 50 83 445 436 265 73 149 397 139 249 214 383 195 199 332 90 352 96 435 229 388 337 41 449 144 432 456 274 4 488 404 339 156 221 355 256 93 389 461 136 287 230 220 161 25 401 44 350 295 63 379 112 177 141 483 173 225 434 348 482 134 442 197 441 183 94 103 145 181 76 269 232 208 196 320 121 496 307 224 74 113 484 366 201 11 410 303 168 54 209 291 206 245 185 313 447 384 382 231 81 486 169 271 122 10 171 86 446 281 322 186 469 369 125 314 282 24 376 12 31 23 227 478 170 464 182 142 343 418 234 152 356 476 47 473 30 386 311 16 59 226 14 69 317 453 443 345 485 235 327 467 239 147 67 284 106 270 264 198 412 250 88 387 17 131 244 302 210 20 187 324 474 45 61 29 378 312 36 362 292 233 107 127 371 419 338 251 341 463 349 200 440 471 272 479 495 203 306 300 437 318 402 347 110 193 290 326 179 267 395 9 374 340 380 223 242 53 176 101 406 477 430 217 75 146 433 429 273 154 308 165 466 385 263 458 363 283 158 84 294 37 465 353 155 266 164 257 460 409 310 
Sun Apr 06 14:47:23 2014
times:7
solution is:32783.000000.       temperature is:999.990000
ans array:
353 155 351 30 133 48 261 265 236 71 436 444 132 238 72 292 490 459 3 387 496 386 424 241 191 357 316 38 223 150 276 348 439 263 207 497 305 487 339 288 244 35 70 8 373 289 131 397 62 423 443 257 426 389 215 117 58 360 26 86 67 153 98 334 309 19 393 286 273 119 243 115 15 112 453 29 231 96 368 384 468 138 85 192 299 485 331 269 469 322 64 53 56 407 176 135 165 6 222 179 422 493 57 356 128 491 256 211 341 102 492 212 254 352 183 17 100 187 21 283 363 90 152 275 475 405 14 252 280 36 51 498 139 310 446 447 106 161 473 140 479 293 37 233 381 197 478 88 136 213 260 12 291 137 55 34 168 330 41 196 148 385 408 392 162 124 209 354 297 166 481 315 372 248 16 337 91 470 456 143 40 227 308 208 229 472 404 185 60 378 43 78 471 396 206 466 433 332 303 287 304 370 234 120 230 294 145 383 156 296 401 274 463 204 350 10 82 175 499 149 467 406 432 377 242 31 95 333 285 451 66 173 32 77 92 342 358 278 255 410 83 290 319 346 412 380 440 369 214 42 355 411 474 200 199 460 489 105 480 415 279 335 347 361 464 104 69 59 216 416 219 250 359 430 239 365 99 127 201 245 184 267 311 281 28 202 181 79 116 403 151 44 49 101 129 172 194 160 414 25 130 374 186 118 203 477 5 271 431 164 45 336 27 182 367 400 240 421 61 159 87 441 302 123 437 73 452 147 11 232 174 154 300 167 314 318 417 325 163 158 251 375 189 22 249 114 266 268 262 75 190 313 121 108 235 18 198 345 178 382 321 65 76 328 450 312 429 340 427 93 195 419 435 425 247 142 329 97 39 180 188 74 495 122 482 323 327 210 246 264 343 434 89 220 224 282 399 110 1 170 394 483 306 193 428 259 109 218 376 157 500 445 221 476 461 13 402 134 9 442 205 94 284 2 277 494 317 146 409 371 449 46 391 270 379 141 226 68 298 225 362 33 24 420 144 228 438 418 52 111 462 50 7 324 448 349 125 413 454 484 488 344 169 47 455 217 103 171 458 258 388 364 395 177 398 366 390 486 4 63 23 81 295 307 107 338 326 113 237 80 84 465 54 20 272 301 253 320 126 457 
Sun Apr 06 14:49:13 2014
times:8
solution is:32708.000000.       temperature is:999.990000
ans array:
163 151 486 5 159 359 30 231 433 58 153 128 481 330 356 207 470 472 445 500 383 253 345 137 496 127 414 92 32 256 281 303 246 143 220 424 72 278 140 447 122 368 175 392 245 430 202 96 257 211 38 449 185 189 258 230 381 243 464 56 413 375 239 129 31 228 111 166 48 346 495 439 333 361 459 298 354 91 144 460 382 212 16 183 478 3 324 350 370 118 77 100 215 174 114 241 357 248 18 492 274 292 152 44 331 138 168 2 160 275 261 85 444 385 438 352 491 323 329 193 360 325 73 335 41 42 224 407 204 195 432 149 196 135 310 132 117 71 172 82 79 429 493 259 405 379 35 180 309 291 139 206 120 476 314 400 313 29 434 146 222 373 260 121 124 301 167 386 489 75 365 337 242 311 289 399 388 199 64 393 363 227 54 351 136 450 340 436 162 244 70 210 6 26 316 276 320 396 328 355 322 198 37 51 66 412 479 191 22 416 240 116 1 28 455 25 366 90 286 254 312 304 448 251 463 107 418 68 217 466 133 179 17 364 283 490 83 302 108 344 59 125 101 131 421 184 483 285 403 229 13 154 389 342 173 192 208 109 269 221 34 119 93 297 390 380 487 443 296 182 21 339 14 404 61 406 284 376 110 454 8 469 452 102 384 468 233 427 498 265 238 106 494 327 402 417 213 437 98 148 377 264 214 431 473 234 52 279 411 236 99 203 419 178 435 188 358 425 62 280 422 462 134 115 218 11 474 282 485 126 488 372 362 305 235 4 456 288 45 12 290 86 27 398 80 104 190 484 97 442 145 69 24 171 205 23 270 161 60 336 394 19 475 451 395 287 307 20 461 378 181 262 371 39 458 170 157 387 306 453 397 343 268 480 415 177 130 293 113 223 63 156 497 112 103 65 300 187 426 53 471 263 457 441 308 43 247 87 123 15 277 347 165 348 10 209 477 67 194 219 36 401 78 326 341 334 232 410 299 482 250 267 321 200 294 409 408 315 7 142 74 84 49 446 150 226 420 197 9 237 369 273 349 105 423 319 332 225 57 50 374 47 55 33 318 186 252 271 155 338 158 467 89 40 147 216 46 391 367 249 201 95 141 499 428 272 94 81 440 353 176 164 317 465 266 76 169 88 255 295 
Sun Apr 06 14:51:03 2014
times:9
solution is:32742.000000.       temperature is:999.990000
ans array:
344 193 51 362 263 433 159 228 286 309 184 119 38 444 392 100 276 227 114 305 171 253 44 229 152 360 64 333 281 357 368 6 359 211 138 455 77 323 481 241 140 168 165 111 492 90 388 470 414 448 12 50 219 280 447 361 480 91 423 28 124 370 143 213 34 35 329 157 445 468 494 39 257 66 456 498 342 316 167 5 215 407 462 297 389 47 32 259 381 58 260 70 164 139 151 200 313 13 372 289 261 485 461 393 16 130 177 265 68 491 489 296 242 390 430 198 437 162 195 330 42 387 371 426 106 15 477 244 252 172 26 18 95 104 325 135 196 163 54 431 420 374 55 454 3 102 354 386 424 69 29 438 496 299 161 396 98 366 378 81 234 92 303 486 251 500 449 255 11 290 250 230 78 207 132 416 147 274 375 352 328 314 79 338 346 48 356 120 9 206 383 1 236 8 153 363 355 239 110 339 148 137 212 397 475 214 72 499 421 411 402 4 458 287 358 99 331 127 204 340 312 490 185 46 150 464 125 243 278 190 245 335 86 173 439 408 377 249 466 191 83 487 93 24 401 294 262 419 145 291 376 89 180 427 246 30 75 482 413 122 457 321 20 459 332 181 208 129 61 62 275 452 434 186 105 233 178 399 258 238 298 472 488 493 19 108 88 471 282 222 144 478 220 25 52 283 302 398 112 117 384 231 422 403 463 320 410 443 56 373 183 115 57 21 271 17 395 268 425 350 49 279 285 347 269 406 394 318 94 154 149 469 80 188 473 87 118 133 256 348 2 126 27 429 345 415 82 175 319 101 288 304 254 187 170 310 307 324 142 85 97 428 460 223 432 248 210 23 284 341 199 436 293 116 451 226 497 7 202 189 495 311 45 351 484 446 156 179 417 216 121 59 237 43 71 343 441 209 103 128 476 74 322 300 166 369 400 292 270 160 301 96 277 60 109 14 225 467 365 41 37 197 201 67 194 73 76 141 379 192 418 169 336 10 483 474 380 385 33 240 405 435 349 221 412 218 53 264 247 479 134 327 63 107 382 364 182 224 203 295 306 65 205 273 334 40 22 36 176 131 308 123 337 266 217 267 391 440 232 453 146 31 404 113 235 272 326 442 315 174 450 353 136 367 409 155 158 317 84 465 
Sun Apr 06 14:52:53 2014
The average run time for the algorithm is : 110.739100
The average solution for the algorithm is : 32746.700000
The maxx solution for the algorithm is : 32857.000000
The minn solution for the algorithm is : 32678.000000
