period=50.000000
Sun Apr 06 12:25:47 2014

N=500 M=20
times:0
solution is:30880.000000.       temperature is:999.990000
ans array:
438 434 368 194 359 402 282 139 278 414 85 47 114 310 293 371 456 143 311 136 453 132 330 291 215 83 34 343 355 33 346 435 236 127 237 263 121 345 304 270 25 190 256 258 9 493 474 361 224 316 494 90 165 67 111 179 178 209 230 268 300 92 199 446 6 171 184 232 36 401 62 398 465 481 349 410 290 75 60 277 498 257 487 225 141 363 29 176 496 182 322 246 51 344 163 284 63 490 318 22 297 406 191 202 125 245 491 57 405 162 358 76 327 390 272 378 65 415 362 195 338 98 289 400 54 2 221 450 317 81 41 8 261 499 342 196 469 77 404 440 223 460 407 413 238 13 386 380 497 464 149 220 38 411 222 150 228 466 276 433 369 357 137 432 140 365 353 94 441 11 247 96 102 389 439 138 452 185 486 219 430 188 59 392 70 233 23 271 58 377 455 26 156 367 267 211 443 106 56 46 436 78 394 294 412 16 73 112 189 118 74 302 463 384 32 120 419 158 177 135 478 129 115 336 39 197 109 471 334 308 45 97 235 354 287 495 391 14 320 285 472 91 146 328 157 123 183 298 108 312 48 20 307 168 376 292 396 18 482 180 61 253 124 424 485 473 186 133 462 383 214 12 242 31 72 360 260 335 356 388 442 5 254 160 130 19 7 151 457 42 110 84 105 159 459 43 204 113 408 444 500 488 240 152 366 147 142 286 309 122 350 265 409 283 296 3 201 203 216 69 479 193 99 326 280 461 68 264 313 321 24 35 422 381 492 448 80 175 30 480 266 417 364 200 206 347 288 86 207 173 40 50 15 470 52 44 234 161 269 449 155 323 425 340 4 418 167 174 348 169 262 428 382 251 64 306 244 325 379 341 107 331 126 17 339 250 484 429 217 314 79 93 55 117 116 299 295 10 104 134 279 248 403 1 352 243 53 395 89 372 475 212 319 387 172 66 213 21 445 187 144 303 329 210 164 274 351 154 489 423 437 337 324 431 128 399 170 332 145 370 273 305 119 393 385 49 467 153 101 100 373 255 95 229 375 421 88 315 476 198 181 239 192 420 333 427 131 227 103 205 454 281 451 416 241 208 37 458 249 166 71 148 252 259 447 28 397 374 82 87 226 483 231 477 468 218 27 426 275 301 
Sun Apr 06 12:26:50 2014
times:1
solution is:31139.000000.       temperature is:999.990000
ans array:
181 467 154 240 249 32 121 286 198 434 78 263 1 456 91 278 34 264 183 487 474 405 236 242 152 111 19 47 178 401 56 158 261 341 302 176 274 283 360 177 37 400 25 442 39 199 102 45 438 92 466 165 346 312 72 392 328 484 57 301 83 275 98 270 235 422 398 216 304 437 31 222 167 201 221 345 391 214 468 498 316 481 489 38 471 6 90 417 423 197 290 224 99 393 412 2 369 361 191 326 112 317 127 59 134 256 371 359 435 73 333 161 335 237 314 220 315 179 367 363 384 293 190 311 115 212 479 128 419 491 95 97 321 43 436 54 427 162 366 409 21 370 16 88 457 500 453 381 254 494 140 420 175 307 136 168 288 138 204 402 171 166 11 411 173 80 281 12 387 118 150 55 282 488 42 431 94 77 86 205 306 348 8 141 334 295 497 485 352 184 447 298 267 415 188 354 258 463 40 105 241 231 239 495 280 297 219 129 332 440 428 403 265 225 443 291 24 486 266 492 60 174 251 180 365 426 62 378 425 203 357 36 421 416 259 305 296 465 151 470 385 496 388 113 126 356 69 66 386 155 330 202 5 193 170 432 106 123 289 103 285 433 429 109 414 478 382 227 320 147 322 65 309 243 131 61 255 331 163 18 389 23 9 63 377 279 114 41 122 441 499 287 172 482 252 137 153 358 472 349 394 344 318 4 133 130 68 292 399 26 119 383 210 410 196 22 271 3 342 186 144 89 480 160 208 459 189 364 248 269 353 124 51 7 473 46 81 308 475 85 13 449 52 164 455 323 200 187 229 74 76 407 462 223 84 96 247 379 338 445 343 143 116 33 460 476 230 493 64 232 490 157 336 100 87 372 146 272 233 104 368 276 347 50 234 53 15 483 206 238 277 390 10 30 430 268 406 380 217 458 362 125 149 424 397 28 226 355 376 117 404 375 93 469 142 273 71 418 329 257 327 145 350 250 451 108 477 44 159 182 337 211 213 49 82 67 139 29 339 185 351 461 299 262 70 373 195 319 156 79 450 452 169 284 48 444 75 110 215 260 20 303 218 324 107 396 245 207 132 395 58 464 413 244 35 101 439 325 17 408 14 120 27 135 294 253 454 228 340 448 374 446 209 148 246 194 313 310 300 192 
Sun Apr 06 12:27:54 2014
times:2
solution is:30879.000000.       temperature is:999.990000
ans array:
94 148 439 367 83 19 366 205 78 236 330 34 456 300 381 393 32 465 25 434 176 203 200 301 335 228 105 37 186 316 361 92 109 150 494 264 270 336 39 82 6 405 310 263 97 468 178 268 9 231 41 299 406 290 469 414 224 292 102 346 407 479 498 165 30 33 47 169 177 275 328 311 355 480 255 50 426 338 327 81 321 117 455 140 460 380 124 116 157 474 184 473 115 489 199 114 261 179 419 122 230 423 73 1 103 85 392 302 278 496 412 258 274 235 57 86 90 482 16 233 154 289 435 356 227 481 156 429 378 191 281 64 93 371 431 280 238 31 427 424 372 490 401 2 457 248 438 67 98 384 237 404 204 104 247 99 54 121 63 365 295 13 145 284 36 413 493 95 485 350 132 472 175 452 87 395 385 111 394 256 113 207 308 315 451 373 347 262 383 317 297 441 344 171 22 267 146 286 417 110 112 466 27 159 265 303 202 120 411 329 101 8 432 396 56 218 141 318 17 89 136 45 188 149 118 170 142 215 219 243 241 363 323 285 242 44 324 360 155 478 192 444 291 370 369 430 313 249 20 410 74 312 368 174 391 7 491 437 453 153 296 279 359 209 458 462 376 52 497 271 306 450 294 80 240 449 467 24 389 234 239 100 3 448 28 298 12 348 266 334 476 11 459 260 484 418 229 245 61 454 477 217 428 353 492 129 211 5 137 130 152 198 59 58 216 71 127 172 282 325 181 374 84 488 40 108 65 337 364 500 126 158 70 499 483 390 436 402 358 341 388 351 212 106 49 272 46 232 342 319 223 206 408 42 144 193 68 340 305 119 21 163 273 51 55 314 29 283 26 91 259 443 208 161 190 185 168 75 72 125 195 166 421 463 69 18 252 79 354 53 143 440 304 128 464 250 220 403 293 442 416 471 339 201 135 210 470 486 173 189 60 276 409 4 433 226 362 244 15 23 415 399 251 196 14 88 221 345 138 160 43 77 48 447 309 131 147 398 320 225 62 10 187 287 133 420 162 254 222 331 375 475 400 246 495 382 134 96 38 343 107 307 326 386 139 322 214 397 277 164 257 269 288 425 446 197 66 357 151 422 487 445 349 35 180 253 352 387 379 194 332 213 123 167 183 377 76 333 461 182 
Sun Apr 06 12:28:57 2014
times:3
solution is:30856.000000.       temperature is:999.990000
ans array:
394 71 83 296 340 361 383 148 264 49 40 78 456 270 249 407 468 34 256 90 248 32 336 224 442 286 446 350 372 46 59 116 228 316 437 275 366 302 338 194 179 1 322 257 405 310 169 41 95 195 381 203 9 238 330 242 349 61 184 172 355 265 156 131 378 39 327 261 8 19 304 97 404 290 177 23 300 341 232 317 285 111 22 262 494 37 210 384 92 482 212 165 318 469 114 38 134 385 199 393 216 197 66 423 240 369 484 6 496 72 459 474 221 44 117 158 356 89 50 346 227 67 183 413 118 70 186 234 246 13 138 435 360 312 323 301 190 386 178 254 81 74 236 142 223 105 464 431 363 18 64 418 426 247 491 31 263 152 76 412 419 96 54 498 429 295 353 422 150 253 401 33 43 93 466 465 102 271 298 94 235 481 368 82 87 42 98 471 433 358 314 107 181 160 269 415 211 388 25 260 143 193 325 121 371 335 332 359 200 342 308 15 309 272 460 163 244 400 396 268 2 51 14 191 428 483 398 420 258 486 339 406 157 192 115 29 479 125 57 230 362 185 79 175 17 231 321 5 392 345 440 292 170 147 395 417 452 487 188 326 472 128 297 198 375 414 80 180 229 475 36 276 500 135 124 344 416 45 120 12 113 409 53 91 171 373 48 63 103 112 427 305 233 402 16 136 127 122 173 196 145 141 436 294 462 365 123 146 291 245 28 164 119 106 217 88 370 7 443 99 205 334 490 411 432 151 166 85 159 458 470 307 182 448 189 444 109 313 380 477 399 376 204 329 208 126 364 438 137 167 352 252 69 132 209 288 389 220 250 21 461 283 289 52 277 213 149 84 62 226 55 27 439 281 382 287 447 24 451 101 215 73 104 201 357 251 331 492 30 129 343 222 463 26 499 279 495 485 324 391 403 218 241 86 225 387 153 374 430 100 293 434 237 457 454 11 161 47 320 10 453 425 35 497 214 206 133 306 299 347 284 266 450 207 315 473 60 68 476 77 65 421 144 377 140 155 243 478 174 367 110 319 108 255 176 480 337 219 441 168 445 397 280 239 489 351 278 274 259 187 410 3 493 56 449 75 20 273 408 267 424 162 333 390 467 354 488 202 303 455 328 139 348 154 282 130 311 4 58 379 
Sun Apr 06 12:30:00 2014
times:4
solution is:30887.000000.       temperature is:999.990000
ans array:
446 78 34 270 465 228 264 32 405 474 249 1 275 456 178 303 248 212 45 341 255 56 224 183 105 138 201 240 186 428 366 390 414 235 423 198 9 328 355 162 199 378 111 381 41 22 54 33 459 216 116 119 254 90 434 63 242 231 416 159 278 189 49 302 179 284 81 356 316 221 76 117 440 466 40 498 392 227 290 97 60 383 190 494 326 176 482 424 131 83 74 184 247 5 260 30 361 372 110 408 380 335 98 222 433 435 404 360 208 419 35 442 107 321 177 385 407 203 346 187 127 412 276 132 256 488 415 114 389 42 94 145 171 172 237 320 371 92 461 445 39 376 140 429 246 43 58 143 197 338 468 269 374 192 25 65 38 79 89 293 492 398 437 129 148 151 478 257 386 297 312 289 311 258 24 472 304 233 70 265 418 23 82 101 350 161 384 409 200 96 352 422 441 193 8 122 152 426 479 358 59 93 453 113 402 112 263 495 447 95 120 194 487 413 160 52 102 353 410 211 16 205 28 44 438 452 245 210 357 84 226 285 397 411 329 313 158 451 218 13 334 327 273 230 400 300 319 62 500 214 14 382 6 150 126 340 274 103 375 196 387 436 308 252 121 217 128 106 167 64 379 286 69 238 499 169 147 296 420 332 280 213 80 283 174 20 395 394 156 87 364 481 266 229 323 322 88 15 215 157 146 427 259 294 315 3 191 471 318 359 490 142 480 497 55 306 137 279 496 430 115 223 295 241 2 317 455 345 68 109 377 66 225 170 164 209 77 431 123 287 21 333 204 388 202 324 57 61 425 454 470 139 86 486 493 234 343 244 261 291 11 236 272 344 476 27 485 268 51 292 281 207 19 50 462 168 136 135 239 305 253 368 166 17 72 154 133 443 144 219 180 175 458 271 91 348 99 362 307 450 7 250 182 399 267 336 188 337 67 48 29 448 75 46 331 354 118 401 149 325 124 475 185 309 163 130 12 173 406 342 4 403 37 396 351 288 10 299 469 457 363 484 36 100 85 393 491 417 349 165 195 220 155 373 53 330 301 310 463 232 370 243 464 473 153 47 18 73 489 444 369 339 262 391 439 141 282 31 108 134 483 477 432 421 467 125 365 298 206 71 449 314 26 460 277 367 251 181 347 104 
Sun Apr 06 12:31:03 2014
times:5
solution is:30964.000000.       temperature is:999.990000
ans array:
182 469 25 402 53 76 148 135 456 465 165 227 471 249 264 468 422 34 405 72 407 366 381 178 393 56 109 1 316 186 152 417 38 310 263 47 309 200 235 383 236 116 120 39 284 290 346 267 162 81 328 195 229 93 32 317 14 231 334 125 441 111 466 400 350 464 138 201 426 257 262 281 176 368 228 22 96 33 54 384 169 409 161 167 276 270 41 102 455 378 278 193 259 136 484 392 356 321 199 177 308 394 387 63 31 498 299 389 280 266 374 329 79 335 97 149 352 118 8 66 18 344 303 475 59 491 60 247 84 49 154 24 380 80 226 202 448 62 385 13 418 279 285 462 341 12 131 333 408 301 398 142 273 145 467 123 372 20 436 183 106 173 105 175 113 337 121 497 16 163 252 127 112 86 73 416 156 351 9 42 391 386 399 133 401 432 377 319 457 339 343 404 246 445 454 461 10 481 483 359 244 17 444 369 250 320 82 52 429 11 362 253 423 188 338 122 214 126 65 332 277 473 243 453 134 15 137 98 91 205 373 331 298 403 371 463 297 215 431 157 147 155 358 191 153 499 36 430 213 90 325 472 92 151 420 237 421 287 28 43 268 27 410 144 412 219 129 40 83 434 211 271 485 164 302 348 292 313 170 19 353 437 171 306 260 159 300 2 4 179 289 451 185 323 494 206 382 490 172 69 240 67 479 291 107 286 345 208 23 318 283 379 196 342 220 311 493 181 439 94 295 207 100 160 424 239 64 470 21 166 190 258 245 327 413 48 305 425 360 347 68 296 363 261 322 26 330 248 139 395 224 411 488 89 110 124 447 288 119 71 340 88 3 29 242 5 103 376 474 336 223 6 78 489 37 85 406 476 130 355 256 357 46 414 442 364 312 204 216 255 265 482 58 140 95 212 225 415 251 128 7 187 158 51 50 74 433 496 419 435 282 269 293 272 314 192 388 35 45 459 254 146 234 87 449 326 396 440 478 324 77 274 203 194 99 460 480 458 197 370 375 452 30 315 365 210 218 397 114 500 198 492 367 427 361 168 150 230 438 428 477 354 117 115 44 108 104 487 189 221 132 184 141 143 55 180 57 238 486 446 443 75 232 174 209 304 307 101 70 349 294 450 217 275 233 61 495 222 241 390 
Sun Apr 06 12:32:05 2014
times:6
solution is:31054.000000.       temperature is:999.990000
ans array:
182 467 58 426 270 249 374 456 271 22 275 300 286 45 465 1 176 148 49 78 480 186 37 423 334 439 83 32 19 84 434 178 172 469 248 278 90 39 302 236 184 338 430 330 336 414 413 166 120 230 360 194 68 181 46 130 93 257 107 381 335 407 51 199 350 316 398 25 444 121 145 477 116 143 226 138 216 221 326 140 10 60 16 436 498 31 363 289 406 482 499 361 304 428 479 23 433 460 474 369 346 375 496 432 327 201 495 321 376 61 117 152 458 461 395 92 328 50 457 419 6 33 367 8 485 235 489 187 242 180 171 352 165 169 146 222 36 11 41 343 291 177 274 466 475 12 147 383 484 198 35 431 356 167 255 294 118 265 217 82 219 240 358 86 115 238 189 493 470 349 135 223 66 106 487 210 14 418 451 20 5 24 52 69 378 453 384 417 67 113 337 231 297 437 47 110 195 424 85 283 411 42 262 438 99 156 471 353 160 483 97 345 134 442 362 159 440 96 202 192 323 486 488 412 170 295 62 244 285 415 366 379 208 71 312 269 77 445 372 162 333 95 290 203 214 447 282 211 258 65 308 80 128 193 27 359 13 305 276 368 390 272 168 132 142 94 155 251 385 325 288 188 218 79 89 409 179 43 319 175 464 448 347 490 365 245 277 241 212 161 185 127 63 396 163 421 340 174 400 313 131 252 220 125 141 48 324 329 133 28 144 104 57 26 298 261 452 9 317 126 455 410 402 476 420 103 357 382 284 389 408 405 234 102 443 197 315 462 191 331 332 246 183 18 17 301 491 173 253 209 2 266 204 21 377 388 59 292 7 342 354 256 124 303 422 450 149 318 296 478 344 56 339 224 164 293 111 215 454 371 306 341 200 264 137 392 435 393 81 150 54 4 459 254 227 247 273 310 3 311 243 449 88 399 154 320 268 119 281 123 225 309 153 205 15 351 446 287 307 237 239 416 122 136 76 151 38 481 473 30 34 196 441 391 213 387 98 250 425 190 44 29 299 108 370 355 100 72 500 497 403 314 87 105 380 492 280 112 394 429 279 207 40 109 468 401 139 263 373 55 73 91 75 463 267 322 206 364 229 472 260 158 404 397 70 129 348 64 386 494 232 53 259 228 74 114 157 101 427 233 
Sun Apr 06 12:33:08 2014
times:7
solution is:30874.000000.       temperature is:999.990000
ans array:
445 263 474 71 236 464 148 9 60 270 186 249 456 224 498 119 330 304 322 401 56 290 32 78 70 465 165 298 228 240 1 33 309 333 473 256 435 480 412 440 469 393 326 172 257 404 115 486 384 169 231 341 150 378 355 92 274 316 422 97 278 105 113 62 130 107 248 468 489 300 96 264 260 67 405 39 385 277 211 124 268 271 482 318 37 19 81 255 363 275 226 8 383 190 36 301 200 227 238 242 80 336 460 424 432 457 467 419 373 138 198 317 427 414 64 381 413 485 176 380 459 258 145 346 25 488 343 366 374 406 296 84 89 66 22 91 438 2 117 191 201 247 377 398 215 338 85 154 194 466 232 38 214 68 87 12 82 95 334 139 157 131 184 29 167 462 352 371 44 312 431 436 286 285 129 452 421 500 291 325 360 417 490 57 5 344 321 394 453 233 299 442 302 407 116 207 415 10 179 237 349 241 134 497 392 428 222 199 455 206 350 166 174 49 213 359 158 88 205 245 48 123 77 109 31 76 118 17 140 18 293 376 400 135 99 273 262 314 52 7 295 399 159 319 328 434 356 449 69 307 386 279 173 362 351 43 217 340 24 331 218 243 297 292 266 103 494 354 188 368 153 244 250 143 182 195 51 425 3 476 477 225 223 353 23 28 4 27 185 252 447 475 430 74 146 308 484 101 175 137 454 147 282 491 342 416 461 30 496 183 155 171 221 177 411 259 276 45 493 418 216 136 41 284 149 46 450 289 111 73 156 332 335 397 420 204 358 160 357 409 6 441 59 251 437 315 470 90 164 481 391 429 487 329 196 203 144 311 187 379 439 389 281 121 408 246 110 478 16 372 483 75 306 14 403 181 63 396 104 192 472 151 102 141 26 261 324 40 253 53 229 127 128 433 280 94 212 254 170 370 54 132 410 98 234 34 93 152 58 178 375 61 395 142 50 202 72 287 168 451 197 13 388 361 86 479 133 230 364 347 209 21 390 112 265 471 219 365 269 106 180 458 162 426 323 125 126 11 55 47 114 463 492 161 423 108 339 100 367 120 499 446 327 387 15 65 369 79 208 235 313 267 448 495 220 283 382 272 444 193 163 122 83 348 288 305 189 310 35 210 402 239 443 345 320 337 42 294 20 303 
Sun Apr 06 12:34:11 2014
times:8
solution is:30855.000000.       temperature is:999.990000
ans array:
456 34 148 56 60 172 234 298 465 249 200 39 41 114 54 271 203 482 361 167 178 138 270 481 316 152 68 286 293 326 83 1 468 338 192 9 299 275 360 393 274 38 423 136 256 143 401 469 261 25 283 302 92 221 489 498 177 90 378 235 453 228 13 460 484 264 6 346 330 67 33 304 186 376 224 417 232 237 405 404 40 99 323 23 350 236 333 230 248 245 322 216 455 381 122 201 474 459 105 113 355 8 276 466 43 414 367 309 494 226 145 35 81 96 380 142 88 479 485 486 432 74 20 140 2 419 171 181 175 87 268 111 199 194 266 472 433 392 483 443 269 47 310 345 51 315 336 107 500 377 319 436 98 353 93 385 155 165 202 426 123 11 207 366 190 254 176 185 118 80 66 164 55 434 116 327 471 46 227 210 45 117 166 160 195 438 84 211 399 89 351 59 82 239 464 44 347 183 65 365 312 444 400 406 149 301 413 258 259 375 344 29 231 402 328 390 4 97 169 222 215 24 147 415 287 491 26 458 320 418 240 490 422 94 133 253 318 174 3 182 265 141 260 191 109 19 430 121 408 120 493 103 128 63 409 130 416 492 383 382 407 339 198 14 15 412 340 331 104 341 131 50 150 250 386 300 100 213 462 188 246 359 214 343 73 209 391 146 263 242 313 30 255 428 257 52 72 467 279 129 31 127 206 158 329 311 163 362 212 267 85 223 154 132 292 354 151 308 480 197 208 48 325 388 306 475 58 79 157 251 106 273 12 431 22 32 421 396 321 252 173 115 296 446 440 125 5 349 204 364 102 363 425 7 420 16 352 394 159 243 332 429 314 28 288 295 395 497 153 358 137 397 280 42 196 449 371 139 389 179 337 229 225 356 450 398 135 289 220 95 86 487 62 272 281 317 410 162 457 379 435 495 374 290 424 282 277 454 247 64 241 384 307 17 369 285 10 187 411 144 189 452 342 69 124 427 101 244 335 488 205 168 156 70 284 170 110 238 499 476 262 477 451 233 368 294 297 193 57 184 445 21 278 49 403 387 77 372 217 18 348 112 496 478 53 448 78 219 461 470 134 91 473 218 76 439 303 442 36 334 370 447 291 61 441 180 463 373 357 75 108 437 37 161 324 126 71 119 305 27 
Sun Apr 06 12:35:14 2014
times:9
solution is:30730.000000.       temperature is:999.990000
ans array:
303 286 148 49 34 468 300 97 176 37 456 366 355 194 257 275 350 316 361 414 125 158 434 270 1 302 224 229 81 290 186 312 203 453 90 177 201 346 261 225 309 466 381 152 264 165 199 432 32 78 291 284 19 467 460 255 178 474 341 40 183 393 70 278 71 63 368 23 407 326 372 271 169 304 154 172 59 99 438 247 61 17 93 4 398 14 248 47 21 472 427 238 263 384 39 251 108 60 489 455 6 128 20 111 227 82 436 478 423 155 353 413 412 405 293 391 118 212 401 471 25 256 283 330 35 50 13 378 181 216 141 234 469 73 296 134 89 221 317 363 331 143 209 200 377 437 299 107 308 328 33 376 268 375 306 400 64 444 295 9 441 336 119 415 457 24 102 313 369 358 345 479 492 113 202 421 156 51 426 459 419 206 213 321 185 250 315 184 104 481 240 342 161 442 349 491 145 26 28 72 96 373 352 433 160 136 43 5 77 138 10 499 301 462 131 344 231 406 133 151 396 217 332 448 129 379 493 338 95 230 196 162 418 12 279 130 232 223 220 327 254 66 126 166 323 475 476 31 15 115 163 132 188 242 175 237 106 219 239 337 150 276 417 288 458 55 262 215 439 461 167 211 79 103 277 445 307 45 57 195 135 430 395 364 386 53 425 486 38 435 121 494 44 454 487 84 191 285 465 241 282 65 228 54 146 387 52 182 22 245 314 69 420 42 94 253 274 36 159 388 170 214 280 258 3 383 233 484 374 340 204 411 464 8 500 390 46 265 424 385 41 153 343 473 422 297 193 75 273 157 410 483 347 139 192 267 244 408 190 110 116 359 29 269 98 197 380 198 124 83 92 482 287 351 485 451 171 322 88 208 68 394 243 235 67 179 357 2 189 210 318 389 429 488 76 498 56 311 325 144 164 281 294 207 117 173 360 226 440 272 11 105 7 87 86 329 403 266 123 27 260 416 319 91 450 370 371 447 449 333 382 142 367 496 443 246 48 114 356 112 16 409 174 392 404 298 477 402 428 249 399 180 452 120 62 122 292 168 222 187 127 497 339 354 259 80 397 109 324 236 348 320 480 147 470 334 463 362 495 305 30 365 335 431 58 149 252 74 446 85 18 205 100 137 140 289 310 218 490 101 
Sun Apr 06 12:36:16 2014
The average run time for the algorithm is : 62.911600
The average solution for the algorithm is : 30911.800000
The maxx solution for the algorithm is : 31139.000000
The minn solution for the algorithm is : 30730.000000
