period=100.000000
Sun Apr 06 14:52:53 2014

N=500 M=20
times:0
solution is:31064.000000.       temperature is:999.990000
ans array:
460 468 148 456 401 434 228 264 249 341 392 257 355 60 414 9 427 117 178 19 179 90 405 271 105 440 461 131 176 119 378 338 435 383 261 467 372 143 465 275 172 1 92 302 330 201 473 72 446 481 327 248 237 424 93 167 469 169 393 489 36 177 186 32 381 284 165 47 41 311 304 44 25 291 270 286 437 472 23 333 224 216 30 236 138 290 78 235 61 70 128 116 417 367 97 419 404 366 289 162 457 227 363 37 482 221 255 200 299 62 436 278 82 346 283 251 29 323 464 199 51 45 22 190 312 371 12 192 211 268 242 68 181 303 18 232 111 391 394 433 212 422 56 241 152 194 407 413 81 67 343 308 39 76 145 498 388 342 86 297 54 89 125 159 359 154 380 310 293 356 122 365 215 426 322 38 35 444 453 458 451 386 416 347 353 109 74 2 412 358 50 46 17 173 124 8 193 432 431 478 396 247 158 301 191 384 115 139 317 260 66 274 474 94 132 350 349 329 335 370 497 491 31 42 174 84 373 277 300 113 429 362 43 233 107 195 336 57 15 4 496 409 421 106 262 339 5 155 156 205 354 485 118 273 110 52 58 471 146 213 218 318 499 160 298 423 103 375 166 28 442 217 98 281 493 305 202 133 79 387 180 170 296 351 402 208 259 439 112 149 24 53 462 65 364 91 415 492 147 209 438 483 479 225 334 452 243 337 219 188 490 449 279 6 33 306 316 477 454 443 85 11 476 100 266 127 253 352 7 379 13 135 441 430 14 344 450 400 150 448 250 348 470 245 246 240 83 10 77 280 288 108 229 140 258 136 403 319 445 466 183 345 360 254 487 325 184 376 87 64 428 252 374 141 395 20 500 399 331 59 238 80 130 494 486 410 123 73 459 309 389 390 222 239 16 234 187 475 96 220 425 27 276 230 196 418 285 282 153 207 71 265 182 295 95 244 175 99 307 340 163 161 411 484 495 223 144 357 488 269 231 55 189 226 3 369 313 69 134 185 40 75 382 320 63 164 126 48 21 26 480 455 197 287 137 101 121 447 314 34 328 102 292 198 324 151 142 256 385 210 171 397 315 49 206 406 368 157 332 294 263 88 129 214 398 204 168 104 408 326 120 267 463 361 203 272 114 377 420 321 
Sun Apr 06 14:55:00 2014
times:1
solution is:30739.000000.       temperature is:999.990000
ans array:
122 261 414 198 456 25 19 165 435 481 56 1 249 235 384 39 34 401 93 60 33 148 311 102 256 355 346 78 247 407 186 257 9 316 434 263 97 264 489 90 271 201 40 361 383 172 366 83 270 67 468 482 393 353 381 177 372 47 248 162 224 71 275 304 333 469 474 268 154 347 278 81 336 227 424 341 413 286 498 169 41 338 229 32 10 360 194 436 13 119 138 322 290 4 242 221 6 318 142 150 405 22 190 465 433 114 211 23 313 330 164 302 46 103 200 442 418 274 328 321 378 233 96 80 231 48 412 199 106 312 350 386 423 299 300 391 2 18 406 280 419 327 45 432 62 438 236 329 223 20 210 152 14 197 74 232 226 411 59 72 471 494 161 175 107 301 111 451 89 237 143 374 167 151 331 139 159 128 130 124 415 184 291 283 179 479 496 309 246 295 44 126 66 369 95 57 440 447 158 417 477 244 452 262 38 325 422 480 276 285 49 171 298 284 379 11 15 215 255 269 367 293 245 131 441 371 364 108 437 288 112 420 109 84 36 12 344 389 24 178 140 118 254 342 17 88 294 476 234 134 453 187 213 343 76 176 488 398 212 368 461 241 100 430 387 68 127 388 218 292 500 397 115 82 459 281 216 363 400 168 121 202 155 426 189 173 349 310 429 219 408 324 31 163 250 94 51 493 370 279 332 217 98 449 222 495 113 157 306 174 185 230 272 314 204 282 425 490 297 403 399 421 259 454 253 485 402 5 499 287 42 428 129 351 52 450 153 277 390 137 53 120 354 61 145 243 267 55 193 359 75 65 345 239 323 348 448 315 166 16 149 170 238 73 410 37 205 136 445 492 497 265 362 58 43 458 446 296 87 289 260 104 26 116 431 182 28 92 339 206 395 86 486 377 8 464 64 358 305 416 77 376 373 240 258 463 99 85 467 195 409 484 382 21 29 303 472 475 392 188 196 380 444 335 251 326 69 443 427 117 214 466 209 319 91 252 63 30 208 225 394 473 352 337 70 462 50 125 146 54 144 317 375 105 147 483 385 220 396 79 455 357 192 123 470 183 356 156 203 307 180 181 273 439 135 491 308 320 207 191 334 133 3 141 404 132 110 478 266 487 101 365 457 160 340 228 27 35 7 460 
Sun Apr 06 14:57:07 2014
times:2
solution is:30657.000000.       temperature is:999.990000
ans array:
460 279 78 249 456 228 148 366 263 56 384 224 203 227 40 90 114 34 434 19 350 286 231 465 489 270 1 309 9 404 178 413 308 487 401 2 271 74 176 378 330 414 482 304 316 466 355 256 210 346 406 165 221 289 467 30 46 383 275 111 372 341 38 45 105 179 41 481 37 446 89 435 200 72 13 125 197 423 32 468 25 459 438 186 33 235 67 335 177 474 136 386 158 258 412 268 265 24 424 128 65 317 381 274 98 80 376 102 23 442 311 248 108 242 10 300 302 113 8 361 14 47 353 410 415 82 264 284 498 93 328 280 500 103 170 391 329 81 356 59 336 183 422 199 390 299 290 334 85 398 278 122 367 310 169 84 162 472 301 68 437 60 4 62 172 418 83 349 333 79 385 318 400 323 405 166 494 347 6 141 223 152 71 212 251 261 216 485 66 343 140 43 306 344 338 453 214 107 238 97 375 297 371 220 461 360 143 402 87 240 260 5 291 236 50 134 496 31 124 288 332 29 115 368 167 321 116 182 257 419 110 491 394 369 241 171 451 94 226 293 262 106 457 327 441 73 272 117 326 247 393 283 455 120 202 427 96 319 211 233 146 101 480 358 294 70 436 164 473 215 254 109 269 357 54 99 452 287 104 139 48 145 432 237 433 28 61 157 295 174 499 479 488 363 142 285 36 22 476 416 345 49 175 119 495 428 95 292 168 377 91 118 181 11 208 475 234 88 57 373 35 339 132 195 365 315 337 313 296 444 69 305 403 193 325 379 382 276 253 486 232 471 151 86 159 429 213 477 439 150 131 359 259 324 12 135 389 497 430 445 342 351 187 426 408 255 364 478 123 420 77 440 396 144 160 126 127 380 194 188 147 331 130 462 245 155 180 281 204 189 27 493 266 206 449 354 239 399 26 425 229 314 52 320 395 431 63 129 156 244 267 137 450 243 3 277 161 307 201 458 100 282 230 443 348 387 448 483 484 388 39 207 463 205 185 370 153 184 225 58 163 492 252 192 454 340 409 217 374 312 469 173 198 352 17 322 250 490 273 16 303 42 218 55 75 154 53 447 222 133 191 246 44 51 138 392 196 149 209 219 298 112 15 362 18 7 464 64 397 121 190 21 411 76 417 470 421 407 20 92 
Sun Apr 06 14:59:15 2014
times:3
solution is:30782.000000.       temperature is:999.990000
ans array:
427 470 414 148 437 101 231 361 9 456 60 468 111 228 381 407 78 145 264 93 378 22 486 355 203 198 200 118 275 383 372 72 40 434 494 71 25 219 95 286 482 116 247 177 465 338 143 292 290 256 39 37 270 56 283 278 405 326 41 261 401 13 32 316 43 241 271 236 329 268 85 360 291 125 186 429 33 460 107 440 195 257 216 91 81 363 230 47 1 263 441 393 330 415 346 97 199 422 224 333 83 300 46 45 498 322 304 274 258 156 165 24 178 345 301 150 50 152 400 248 64 325 280 473 466 404 317 353 36 321 385 392 446 6 114 119 162 343 417 12 484 251 159 500 254 376 419 240 335 396 453 306 370 48 79 406 265 92 14 389 104 108 398 171 65 75 232 356 169 172 134 394 194 38 391 89 210 138 288 226 299 201 126 192 377 164 464 444 214 5 344 69 31 229 139 412 105 66 161 141 347 2 129 234 28 88 424 339 481 313 206 182 190 121 315 331 314 277 342 35 120 447 279 308 4 295 491 432 272 349 382 131 244 373 184 479 269 68 168 175 323 410 42 153 151 127 123 113 76 29 223 450 324 63 30 188 209 433 436 181 489 461 185 462 110 488 103 351 183 222 246 428 431 276 312 490 458 149 207 411 369 243 463 173 483 296 340 497 8 146 90 409 3 267 289 239 155 189 233 374 402 474 122 499 49 375 455 388 196 350 52 163 87 220 365 399 260 384 55 80 368 367 359 386 11 418 496 221 242 332 59 179 191 73 15 238 245 302 362 430 21 140 451 62 282 61 454 213 74 227 273 336 167 255 443 252 215 421 281 57 51 403 297 420 439 217 408 348 472 293 493 475 397 471 96 442 10 27 160 204 94 174 170 109 380 20 133 26 166 327 187 305 480 124 311 319 205 354 310 67 23 54 82 266 144 457 284 154 86 352 250 426 259 211 358 395 452 379 44 477 485 364 371 445 16 235 157 158 423 390 58 438 99 142 197 287 476 413 202 70 341 135 249 128 237 416 294 469 117 137 115 459 98 366 337 193 467 132 84 106 130 136 492 17 102 307 19 100 18 77 112 218 180 495 387 208 487 320 262 298 318 328 435 7 176 449 253 225 34 309 285 53 425 478 357 448 212 334 303 147 
Sun Apr 06 15:01:23 2014
times:4
solution is:30978.000000.       temperature is:999.990000
ans array:
212 456 367 203 469 264 148 414 111 336 311 316 427 405 286 355 92 81 183 249 22 327 34 83 16 270 464 105 333 378 165 6 326 138 303 437 404 47 221 143 200 292 107 275 39 46 178 268 271 346 158 393 114 263 199 25 177 372 125 465 41 407 290 257 401 419 466 197 341 475 391 318 338 231 48 35 474 309 117 1 266 78 56 29 62 360 435 59 274 473 256 9 156 453 65 224 235 254 330 381 191 32 472 115 289 23 236 304 42 363 40 116 226 433 432 438 21 285 60 412 37 265 361 283 436 424 7 498 262 167 38 422 460 162 72 2 301 300 353 315 228 95 321 481 88 237 136 442 74 36 207 14 322 411 103 30 97 408 350 488 85 89 242 44 8 10 455 276 394 423 134 335 216 5 184 181 113 295 479 179 68 294 96 227 79 392 280 255 499 497 400 98 67 487 342 112 461 369 308 349 175 90 447 233 429 24 440 82 251 357 359 27 334 18 130 317 84 246 298 152 12 441 284 70 120 296 281 470 119 222 194 258 3 94 31 484 312 61 253 192 325 288 66 210 140 122 449 373 320 174 141 371 150 99 73 445 250 151 279 396 124 362 343 163 154 500 211 51 54 451 486 223 450 379 485 428 232 340 471 463 467 180 291 448 173 493 128 323 352 386 4 213 153 102 305 495 406 43 170 176 444 146 476 215 420 390 332 149 77 402 106 454 118 252 425 480 457 395 260 63 351 416 219 313 370 413 75 389 87 259 129 243 245 397 52 344 273 164 108 145 324 430 187 110 409 314 307 195 278 135 76 182 452 491 339 443 439 261 297 185 417 142 287 206 71 354 53 477 388 188 26 229 418 13 496 421 241 382 306 238 329 403 193 434 366 345 293 478 91 328 494 202 489 337 19 299 214 426 347 137 189 240 239 172 205 468 331 319 377 482 374 380 123 69 310 415 17 109 33 356 364 220 458 277 50 209 282 159 376 302 15 234 247 132 166 410 80 160 201 169 358 147 483 204 101 383 126 248 121 55 198 49 375 230 385 64 208 490 462 168 100 365 161 431 28 387 348 186 384 269 155 11 57 398 86 368 217 171 244 131 127 225 58 144 399 133 196 267 218 272 93 446 459 20 492 157 139 45 190 104 
Sun Apr 06 15:03:30 2014
times:5
solution is:30949.000000.       temperature is:999.990000
ans array:
71 456 467 474 148 249 294 83 383 117 203 210 338 165 309 236 145 350 468 270 482 304 81 275 56 464 156 1 60 384 33 353 32 321 465 310 437 381 235 201 469 393 271 422 78 401 183 434 330 228 317 216 40 198 23 82 25 45 441 90 378 10 93 199 152 258 37 405 19 498 41 178 400 489 154 111 97 263 336 459 355 316 105 274 442 413 246 299 479 432 423 125 372 134 68 361 415 290 414 162 138 6 35 318 283 371 118 264 346 286 177 240 260 296 200 72 190 186 14 345 328 367 233 347 365 46 119 268 114 103 329 333 475 446 472 261 407 256 66 311 220 326 248 428 302 435 70 426 192 169 254 380 312 30 487 175 39 226 139 107 360 174 50 344 62 427 368 84 320 257 341 458 488 96 2 224 278 242 85 47 496 3 113 69 491 59 36 471 404 136 231 262 327 230 116 477 466 24 485 124 445 486 238 221 343 29 197 18 431 9 412 433 272 323 241 95 187 17 408 500 73 27 293 369 460 229 478 247 297 204 164 436 265 335 21 291 159 51 214 418 470 131 451 15 22 65 391 80 112 182 303 181 44 54 495 481 331 356 281 74 300 146 409 76 222 259 99 166 276 348 232 410 280 100 473 392 324 193 135 179 158 163 61 243 237 120 191 313 352 295 288 5 172 157 285 493 34 494 207 144 208 453 307 386 430 325 42 419 109 322 126 67 359 273 110 87 38 217 196 447 483 416 171 382 394 26 305 150 122 77 168 298 12 206 128 339 370 75 277 202 269 4 219 88 127 385 11 255 244 284 364 424 213 366 43 497 363 115 425 301 55 450 266 137 121 252 147 292 358 89 176 49 129 420 8 351 98 337 440 308 91 48 490 417 58 411 319 438 218 362 132 396 209 444 86 212 406 251 340 376 332 170 130 315 151 211 79 463 140 7 499 31 215 227 399 153 133 455 104 349 225 94 223 457 377 184 195 387 454 379 253 189 28 395 234 448 373 439 492 108 185 16 421 52 449 53 388 161 484 142 476 461 155 282 173 245 429 239 64 143 279 375 462 480 250 123 149 13 389 267 402 314 397 342 354 390 63 194 306 180 188 374 92 205 403 160 57 334 101 20 289 357 398 106 287 443 167 452 102 141 
Sun Apr 06 15:05:37 2014
times:6
solution is:30827.000000.       temperature is:999.990000
ans array:
446 78 34 434 32 424 69 270 228 25 271 317 111 275 114 456 170 330 183 378 384 284 169 482 224 361 405 302 318 366 33 377 291 148 489 460 1 83 437 165 435 261 309 177 199 256 322 356 386 9 264 326 102 156 472 338 441 178 60 37 401 23 206 175 438 135 39 303 360 158 488 107 103 14 411 381 467 286 45 457 240 349 201 358 81 172 22 255 20 7 89 76 150 353 498 74 182 328 119 372 468 87 363 341 29 220 184 106 50 242 36 136 412 442 59 186 374 155 113 91 466 449 392 159 428 251 64 96 134 97 359 230 262 6 306 223 272 8 431 497 144 418 71 385 423 143 391 342 13 105 370 21 336 323 68 283 41 414 491 335 375 479 469 301 459 495 473 281 462 28 293 229 46 269 394 221 450 235 355 147 90 304 236 257 3 104 227 382 79 121 268 66 254 316 287 490 263 154 346 422 85 130 452 494 383 400 246 464 48 93 496 137 247 244 162 94 402 417 350 278 208 481 396 249 179 152 123 191 274 95 321 211 67 273 140 294 205 259 176 86 241 237 404 280 80 290 88 390 329 311 245 108 128 285 265 219 248 217 492 117 339 151 238 439 72 190 289 212 299 84 65 141 18 398 115 16 344 364 440 164 207 129 475 267 445 196 198 388 277 57 49 380 202 185 325 26 484 210 500 188 443 351 146 320 149 368 455 373 430 415 31 138 58 387 44 376 174 409 110 12 389 499 195 345 276 126 19 73 461 367 266 214 260 258 61 425 38 362 296 426 253 139 297 447 142 204 124 433 308 153 406 189 187 215 112 100 348 343 470 319 120 15 200 11 410 252 354 480 171 421 163 167 448 483 122 250 4 331 310 24 168 42 292 347 365 474 357 173 226 216 337 282 98 312 213 2 478 70 279 51 92 493 397 63 427 371 17 465 82 429 109 333 52 416 118 116 432 232 194 451 340 420 218 160 225 53 131 315 399 243 453 54 444 314 77 193 407 352 313 75 332 209 307 161 166 419 127 181 393 231 132 55 5 485 233 379 35 62 192 327 288 40 56 436 413 476 239 300 234 458 295 145 454 477 133 471 43 157 180 47 463 99 298 125 203 395 334 486 30 27 324 408 403 305 197 101 369 10 222 487 
Sun Apr 06 15:07:43 2014
times:7
solution is:30858.000000.       temperature is:999.990000
ans array:
194 383 71 456 148 178 224 464 34 255 228 203 304 366 405 346 469 264 22 412 275 465 468 152 271 46 481 311 172 236 498 278 482 132 92 248 247 102 390 327 302 263 165 290 176 261 341 230 221 410 78 316 64 353 336 329 105 321 227 446 361 330 385 372 186 177 286 398 37 10 474 256 41 81 166 432 200 169 47 343 426 48 117 60 270 367 36 472 25 158 82 63 404 45 437 299 344 262 232 268 414 386 14 289 6 320 19 219 190 207 164 319 44 423 322 143 74 87 5 108 441 189 179 237 292 238 195 392 70 494 1 254 295 138 216 21 134 68 305 296 406 444 438 2 79 374 94 243 191 492 126 418 77 332 163 58 28 144 61 371 109 260 396 380 53 258 496 140 403 151 273 197 349 99 89 204 334 300 128 49 293 342 30 395 373 357 443 359 217 315 106 473 449 150 222 104 450 100 76 428 487 388 282 242 54 198 467 454 376 488 209 369 370 240 123 129 497 7 73 489 267 495 442 455 118 142 212 427 241 416 153 66 185 174 358 439 160 339 119 215 24 122 486 422 229 155 337 55 20 214 252 32 478 113 389 161 294 208 84 253 306 38 139 347 368 13 471 265 421 476 239 168 356 463 291 259 18 298 451 133 199 157 12 27 250 90 297 420 93 365 201 415 175 391 249 484 124 485 103 409 382 202 17 307 462 226 146 31 245 57 448 196 33 98 401 23 480 274 434 269 280 351 490 308 257 440 135 127 107 310 96 88 328 284 220 394 466 56 424 80 433 223 52 378 272 408 457 97 419 86 479 192 407 325 112 159 309 101 110 62 167 205 184 352 171 375 483 431 218 333 283 206 493 8 477 234 11 402 170 400 130 452 39 277 313 459 162 156 235 301 323 3 182 397 326 233 91 387 59 116 141 338 65 350 425 111 345 40 114 340 379 183 213 69 43 381 85 285 9 318 83 360 436 393 453 312 458 384 246 16 120 154 411 460 4 317 180 181 491 15 125 417 75 225 187 281 435 364 288 244 279 447 42 362 429 149 26 95 324 377 461 470 121 499 475 72 354 445 67 29 210 276 303 363 335 211 266 137 188 314 35 173 136 500 193 430 413 251 50 145 331 287 51 147 399 115 348 131 231 355 
Sun Apr 06 15:09:51 2014
times:8
solution is:30841.000000.       temperature is:999.990000
ans array:
471 427 469 148 56 387 264 322 465 317 248 230 1 34 489 25 442 23 333 318 271 401 90 183 92 41 330 456 302 60 405 378 32 274 199 235 107 383 143 316 256 169 236 386 414 105 284 326 438 304 95 407 419 275 474 46 299 224 278 366 201 106 38 472 404 270 125 97 45 145 301 93 178 17 209 165 261 116 204 372 468 255 473 498 453 394 6 152 285 82 446 251 177 179 466 441 303 96 63 113 212 482 283 13 327 207 393 436 159 118 81 423 344 59 162 69 9 154 388 233 376 470 200 64 411 226 300 328 484 186 189 263 138 72 260 398 84 8 353 280 21 418 47 158 198 4 156 150 335 488 51 167 367 30 258 433 338 54 61 73 55 432 11 87 267 417 279 103 374 20 71 292 74 131 127 247 276 477 435 49 28 356 36 359 273 487 215 323 369 350 111 370 7 408 343 128 15 157 242 175 190 443 309 66 210 43 399 455 332 413 308 88 428 67 380 491 281 424 181 18 475 2 305 321 187 132 238 397 29 342 351 420 254 459 57 451 312 65 257 406 173 315 48 245 412 194 313 314 440 295 136 349 381 331 357 39 241 119 252 26 121 44 206 363 83 213 439 272 134 298 389 478 452 382 182 151 485 384 449 324 147 340 219 277 368 231 217 495 22 362 122 99 319 486 290 422 191 149 395 68 294 166 184 139 348 259 421 375 19 481 79 110 416 385 289 171 262 225 249 108 101 454 288 124 211 483 243 130 400 461 172 75 390 129 496 174 180 445 346 246 137 373 266 286 197 371 214 155 115 431 202 310 365 126 86 458 476 195 58 337 77 265 358 493 76 161 244 293 253 5 135 336 33 27 50 220 37 494 306 221 229 297 120 196 14 325 429 234 392 320 227 112 467 85 40 98 307 62 144 164 140 377 24 402 109 403 341 94 354 205 463 282 141 437 80 447 176 153 492 462 160 12 334 114 146 228 345 450 100 410 31 10 339 237 102 3 42 497 185 287 490 52 460 448 192 123 364 352 379 70 396 311 457 89 193 223 216 409 360 250 163 16 104 268 291 203 239 240 479 208 91 269 361 499 168 133 170 142 415 218 426 232 391 444 480 296 78 347 329 117 53 500 222 434 425 188 430 355 464 35 
Sun Apr 06 15:12:02 2014
times:9
solution is:30757.000000.       temperature is:999.990000
ans array:
136 303 236 465 446 249 186 434 228 45 224 83 414 201 34 156 318 460 263 32 489 471 25 275 393 216 456 372 6 158 378 19 154 35 423 316 36 366 90 498 39 290 248 165 383 350 7 355 176 360 392 148 1 270 81 9 177 291 435 37 97 47 413 330 468 326 308 204 104 62 103 58 256 199 178 220 107 65 302 257 264 174 118 261 82 333 139 23 344 22 193 478 384 278 484 59 293 474 93 417 132 368 374 274 310 262 246 115 54 286 64 14 380 211 305 159 110 336 119 398 320 329 323 85 71 235 312 162 73 453 359 335 127 121 396 125 8 299 108 225 317 341 68 238 462 472 485 134 197 202 363 52 192 88 491 486 161 463 418 394 357 10 150 31 322 391 145 351 46 152 376 106 332 181 388 12 433 241 479 500 258 70 367 223 180 147 276 325 473 61 69 175 410 461 497 153 209 206 43 185 17 212 324 77 343 250 267 488 187 26 296 16 279 353 287 494 229 213 245 151 451 28 358 339 371 215 495 94 412 295 49 458 191 454 313 55 387 440 477 226 365 327 259 439 196 315 53 294 395 210 476 406 297 307 155 168 306 340 314 101 429 425 382 120 373 244 75 86 112 348 144 389 13 123 195 130 182 281 137 44 421 98 163 304 160 483 242 18 79 277 282 364 469 169 66 397 467 131 184 464 411 129 27 183 173 432 167 60 172 217 124 347 401 252 171 80 48 285 403 111 190 445 57 337 42 76 128 227 269 381 482 102 457 40 122 436 342 214 72 87 41 254 109 138 170 288 415 179 331 218 352 3 219 424 280 4 431 29 194 419 346 38 200 255 437 399 447 481 230 67 273 50 5 89 309 166 441 375 420 133 321 234 361 271 442 135 427 379 405 30 455 142 430 126 311 140 253 428 490 292 284 390 319 443 239 298 203 466 141 164 251 449 349 450 408 198 345 354 272 2 470 268 487 426 221 113 362 452 459 237 92 143 105 422 188 300 100 20 157 369 475 260 283 370 117 231 233 265 84 116 338 51 15 409 11 208 63 95 404 385 448 386 492 33 189 78 356 493 24 243 205 149 328 407 146 289 99 74 56 96 21 232 402 266 91 496 499 301 480 247 377 416 207 400 444 334 114 240 438 222 
Sun Apr 06 15:14:09 2014
The average run time for the algorithm is : 127.554800
The average solution for the algorithm is : 30845.200000
The maxx solution for the algorithm is : 31064.000000
The minn solution for the algorithm is : 30657.000000
