period=50.000000
Sun Apr 06 12:36:16 2014

N=500 M=20
times:0
solution is:32944.000000.       temperature is:999.990000
ans array:
102 81 36 8 433 136 266 304 162 14 253 420 363 50 116 59 282 387 448 172 199 272 79 243 37 62 452 99 214 200 137 447 237 410 456 327 333 86 376 128 236 126 239 234 209 114 386 225 92 394 362 148 68 186 153 473 250 409 323 265 189 132 45 367 40 429 194 140 25 385 436 120 344 130 246 426 35 382 206 324 277 498 9 175 134 315 495 242 164 276 397 204 226 440 296 64 174 364 122 337 146 403 274 424 271 252 412 325 471 156 270 71 406 329 422 63 361 354 388 372 439 235 283 369 233 159 18 90 485 467 336 484 474 491 351 210 383 368 44 400 393 60 78 320 310 257 47 144 112 160 223 359 240 418 121 398 497 24 77 278 181 302 75 95 455 297 30 286 229 139 411 425 176 74 31 264 340 334 110 308 459 348 313 404 143 460 2 12 389 61 366 414 483 338 470 472 384 321 465 499 157 105 342 20 335 358 202 431 6 198 255 379 80 408 11 187 444 149 247 88 43 230 248 201 402 496 326 113 380 39 275 16 480 268 108 356 22 205 211 479 454 309 493 482 287 371 241 87 193 305 138 434 311 267 373 391 168 42 256 442 29 458 3 500 76 492 97 203 66 170 167 300 124 58 293 178 83 463 314 101 261 486 103 65 453 353 294 115 213 432 145 343 84 339 395 475 263 70 220 481 469 292 249 318 443 312 427 306 32 441 346 445 23 489 150 352 245 19 182 451 125 365 417 155 180 54 53 377 280 4 28 299 430 94 319 89 13 141 316 216 183 21 192 345 184 34 69 166 207 461 127 123 438 85 93 212 15 109 161 375 347 98 328 222 423 476 219 413 52 26 378 303 217 317 487 7 322 396 154 399 273 118 224 151 142 279 446 244 437 38 238 269 67 419 82 188 56 73 488 197 450 165 221 298 284 295 131 10 341 117 415 163 381 332 357 191 349 374 232 158 1 360 106 133 478 494 5 227 119 290 177 428 49 259 196 258 33 57 129 260 231 72 350 457 307 218 370 152 285 405 100 251 392 48 169 41 435 330 468 104 55 289 96 262 27 111 173 185 171 135 464 107 416 421 401 407 254 179 291 288 390 46 462 331 91 449 228 215 17 466 355 301 477 490 190 51 147 281 208 195 
Sun Apr 06 12:37:27 2014
times:1
solution is:32929.000000.       temperature is:999.990000
ans array:
81 327 347 36 1 282 175 110 371 420 127 153 249 62 472 397 325 272 361 415 162 14 116 353 132 233 161 172 318 181 335 499 247 230 378 475 414 389 460 225 86 346 212 21 412 379 354 338 458 322 345 97 304 296 419 453 500 334 92 236 271 447 342 143 393 492 10 267 18 24 352 243 364 177 470 456 294 64 463 202 149 74 75 41 90 253 65 226 33 159 369 235 255 374 137 77 350 109 340 204 284 131 122 246 211 201 434 88 276 429 128 372 47 428 95 487 495 16 138 219 314 176 484 200 174 405 78 194 209 386 114 99 195 54 186 2 141 417 108 333 25 403 299 357 237 85 66 257 144 63 250 444 166 275 465 387 148 169 5 452 28 136 103 199 124 22 289 139 163 451 388 448 376 471 184 189 45 438 308 348 240 76 100 196 140 391 214 305 251 497 356 168 40 102 145 439 118 310 295 427 454 208 30 185 170 27 413 11 80 478 445 277 407 401 60 293 87 51 279 19 256 17 326 173 315 269 307 244 151 8 205 115 311 31 464 126 182 437 455 380 323 302 206 61 147 79 410 187 344 485 157 258 321 426 375 68 23 190 49 42 491 245 382 411 286 84 39 409 261 70 72 425 285 479 450 368 239 9 462 396 107 125 96 373 330 280 104 394 152 498 329 227 446 273 332 218 29 328 406 263 58 44 424 384 111 252 468 489 101 408 222 337 20 223 440 242 418 306 248 53 358 192 154 457 474 216 123 57 178 26 254 93 496 220 117 398 392 443 83 402 203 6 55 290 395 366 292 482 431 34 129 67 265 430 7 442 459 297 221 12 383 94 493 259 197 37 423 473 370 390 449 224 38 180 324 486 301 3 367 193 35 150 50 98 43 466 264 381 69 320 476 421 113 300 119 59 4 362 134 309 477 377 228 488 106 312 481 198 73 268 399 32 349 52 343 156 339 133 316 400 207 231 234 278 270 213 274 160 483 331 467 229 341 283 188 351 365 360 461 155 130 56 355 112 494 121 164 436 241 232 433 15 303 210 135 359 179 215 238 191 165 142 319 158 404 422 120 385 313 317 260 82 480 183 262 105 217 435 146 288 416 291 171 287 48 89 469 91 46 490 281 441 266 432 336 13 71 167 298 363 
Sun Apr 06 12:38:37 2014
times:2
solution is:32988.000000.       temperature is:999.990000
ans array:
274 420 493 387 24 476 103 294 9 102 8 327 344 358 464 143 374 122 495 458 239 237 200 450 107 393 307 88 480 335 195 145 178 266 226 44 63 84 7 131 305 380 22 434 323 409 225 378 287 45 94 157 471 302 71 69 74 418 204 282 247 159 412 256 411 267 128 314 414 240 85 206 30 212 273 105 477 70 481 388 308 42 155 281 487 83 15 1 81 320 161 202 214 31 436 95 191 40 75 492 381 474 104 350 152 115 136 116 89 41 253 249 50 196 454 163 14 66 36 153 190 11 261 427 468 19 125 233 132 96 295 385 235 377 280 296 421 408 117 400 361 154 177 284 236 479 77 168 470 12 496 348 59 32 243 337 452 331 55 246 375 402 275 342 193 473 447 37 51 27 219 316 148 428 87 254 227 318 174 23 29 475 58 351 321 310 389 199 485 98 293 371 283 277 221 255 325 334 137 43 149 34 108 478 250 426 413 354 90 429 187 65 453 422 160 61 399 38 124 406 339 433 53 455 232 264 441 419 324 386 170 272 379 292 448 156 425 367 141 118 304 346 189 138 111 184 369 301 332 444 263 271 285 499 18 347 405 463 234 244 472 290 357 151 192 435 352 112 220 322 139 299 373 209 182 333 205 123 460 461 245 410 417 216 82 120 172 297 289 404 57 269 146 194 403 424 303 309 3 231 86 491 488 176 365 315 126 313 384 173 338 329 68 198 319 326 279 47 439 353 6 207 258 252 2 64 486 150 364 306 92 185 67 457 328 415 397 101 440 390 494 341 97 278 262 169 110 28 465 166 312 25 181 270 39 188 370 224 451 21 395 203 76 114 489 60 317 222 376 33 456 356 201 248 213 130 498 229 446 401 391 449 135 394 230 437 183 197 288 17 140 466 119 483 286 330 265 186 484 490 368 430 127 20 99 49 54 500 100 300 113 383 423 442 359 251 459 91 16 165 443 162 360 109 467 349 223 438 93 257 158 431 445 497 121 398 56 10 4 260 72 35 73 167 134 482 276 217 210 179 52 396 432 382 259 343 62 228 208 218 238 129 416 242 340 48 5 79 268 144 147 298 171 164 407 355 13 106 180 215 80 372 336 241 46 26 291 78 362 469 392 142 211 366 363 133 462 311 345 175 
Sun Apr 06 12:39:47 2014
times:3
solution is:32980.000000.       temperature is:999.990000
ans array:
331 420 344 162 320 209 172 62 202 102 387 388 366 131 25 219 151 177 310 161 327 255 272 305 82 240 267 234 394 275 122 378 237 117 454 174 159 322 90 257 253 139 220 476 81 149 369 247 315 335 29 45 196 269 1 266 458 367 464 410 168 397 44 296 413 325 293 250 201 92 63 471 289 314 103 463 498 204 306 183 235 318 153 110 233 40 333 200 47 11 84 352 483 197 60 492 499 214 216 236 91 243 97 180 354 68 116 371 307 292 51 299 381 71 80 436 128 462 265 148 481 452 207 391 69 9 36 143 442 125 166 456 321 39 23 443 317 181 384 434 108 86 389 182 470 8 374 225 373 465 493 249 121 2 431 70 313 308 290 34 42 38 295 206 226 380 58 349 372 15 433 383 446 439 495 59 12 460 31 411 126 414 167 418 304 425 74 263 448 227 319 193 19 54 312 345 330 359 455 278 189 186 18 178 246 173 79 274 64 7 444 370 199 229 75 73 163 385 294 403 457 409 358 37 408 284 66 230 341 30 475 145 24 393 283 211 140 53 419 324 256 95 133 429 485 323 99 67 65 379 223 239 297 316 342 212 486 417 115 191 6 118 22 273 347 424 218 426 337 461 421 473 157 160 264 279 500 165 447 353 328 277 309 119 472 487 251 415 3 276 231 154 467 361 400 362 76 171 271 396 285 412 445 217 152 474 491 185 124 488 357 61 50 242 170 16 268 449 111 248 221 338 78 224 87 302 190 363 105 164 405 270 450 451 348 129 77 402 423 355 390 480 96 375 339 144 85 114 104 88 386 215 106 346 260 132 300 179 27 469 192 57 101 4 377 484 428 46 187 286 382 32 466 496 281 438 351 194 20 203 210 93 43 208 55 437 365 478 334 83 399 228 113 497 261 432 329 332 435 137 368 142 440 303 482 360 468 205 136 188 138 222 213 479 141 94 258 262 28 259 13 356 17 477 89 407 107 244 26 406 311 184 376 176 254 195 430 441 198 10 395 98 123 252 150 120 48 72 56 459 453 364 298 232 49 245 175 340 401 343 134 112 489 427 41 100 155 490 127 326 130 35 5 494 288 156 21 422 238 392 52 350 336 404 135 287 416 109 301 291 14 241 147 398 158 146 169 282 33 280 
Sun Apr 06 12:40:58 2014
times:4
solution is:33014.000000.       temperature is:999.990000
ans array:
373 420 243 162 310 493 456 282 8 51 334 280 388 209 88 352 230 387 145 137 44 36 176 128 500 73 68 249 133 257 198 498 85 294 233 357 458 138 116 211 149 449 190 335 30 193 426 22 110 58 196 103 353 288 405 69 386 495 255 470 66 239 84 159 270 163 117 309 381 346 189 235 240 247 318 104 237 447 187 348 277 436 177 11 153 342 205 278 411 102 188 40 322 370 14 120 393 308 253 86 380 272 271 292 74 229 45 16 296 412 214 135 302 429 72 168 202 94 344 82 250 319 54 451 360 273 435 455 471 448 222 15 266 413 181 90 298 441 200 461 119 275 225 290 1 329 75 415 366 204 105 444 60 330 442 81 338 333 323 267 92 427 18 328 206 218 35 485 139 289 489 434 417 446 246 65 157 463 98 252 369 274 468 483 496 64 316 465 254 29 59 132 210 234 125 345 385 7 24 276 192 166 151 443 361 354 70 364 299 418 140 295 406 438 315 183 251 264 226 304 63 478 231 143 339 194 178 10 371 99 25 327 161 337 242 421 409 4 402 410 38 42 31 62 47 114 347 220 358 108 131 219 185 368 160 300 52 324 156 340 76 123 414 50 56 124 326 12 462 127 440 174 450 126 284 286 53 262 439 170 121 375 55 97 186 34 464 389 331 469 217 367 452 484 479 236 21 423 146 67 314 403 433 492 248 303 232 400 475 399 148 207 499 216 258 376 261 199 77 150 141 476 419 307 472 80 477 481 5 106 283 107 359 79 224 396 122 311 158 245 134 365 317 384 191 164 83 374 482 78 293 201 41 154 32 33 244 425 488 172 179 212 2 491 460 497 173 372 87 100 350 136 355 401 27 332 432 118 129 61 320 113 474 362 39 95 130 379 155 341 9 101 17 343 227 184 263 297 431 89 111 46 480 363 57 256 377 391 43 112 169 37 408 305 494 349 91 395 459 3 312 487 197 486 228 19 6 48 422 13 223 203 195 453 428 445 93 180 115 394 490 356 473 221 215 147 71 23 351 437 454 165 152 383 306 96 404 28 457 378 430 397 285 269 321 265 390 287 416 279 167 392 259 382 291 20 26 313 301 182 109 144 466 268 398 49 424 281 171 260 336 407 238 142 325 213 241 175 467 208 
Sun Apr 06 12:42:09 2014
times:5
solution is:32941.000000.       temperature is:999.990000
ans array:
282 373 102 448 63 162 14 136 293 361 266 109 25 168 149 230 253 111 342 275 461 381 88 62 465 463 212 473 403 51 172 176 214 101 15 304 324 157 420 89 314 370 283 138 297 204 475 36 193 447 87 194 494 414 404 227 367 388 161 8 412 81 379 366 92 237 195 310 34 27 68 460 436 245 397 288 444 229 77 499 375 333 425 148 442 273 122 411 335 66 69 470 191 340 1 70 498 376 267 249 58 225 152 98 378 83 495 277 458 329 299 450 31 500 356 269 73 482 183 471 114 143 180 327 200 213 334 313 418 2 426 492 243 54 185 177 344 341 289 320 159 30 247 16 259 153 7 199 40 464 387 280 206 37 9 166 173 121 86 211 337 79 232 202 181 445 468 256 139 117 338 10 184 147 24 137 350 391 141 56 75 469 239 216 454 127 484 104 65 433 209 126 443 287 84 279 240 481 452 284 276 205 21 116 345 132 80 128 47 178 393 163 349 263 271 476 291 487 235 389 298 228 438 82 224 242 462 316 64 115 459 186 347 131 305 52 189 406 294 308 429 322 107 150 44 290 5 29 42 59 307 358 236 182 339 119 434 390 12 352 457 419 103 244 326 396 415 432 261 11 371 255 219 106 453 428 472 456 332 95 22 272 251 440 187 427 6 380 23 233 50 198 123 38 140 72 67 348 174 485 364 493 241 262 85 302 405 318 439 217 264 41 120 99 489 330 325 94 45 346 435 135 328 491 357 446 257 474 296 201 480 33 394 362 365 76 160 124 4 319 274 110 258 145 451 151 93 395 421 108 386 154 360 175 125 496 449 410 400 18 488 97 374 384 285 188 231 312 28 377 55 323 292 254 311 423 3 155 385 455 53 90 497 417 234 413 105 113 133 222 192 223 351 408 46 369 203 278 467 196 486 479 300 398 306 250 238 478 354 336 26 315 409 286 353 208 144 321 441 146 359 210 248 130 399 466 96 49 355 490 317 401 343 246 226 32 78 431 197 407 61 156 171 483 265 218 19 74 165 207 295 118 382 43 39 20 134 60 142 331 221 190 170 100 309 169 57 270 402 437 252 416 112 158 268 422 260 368 167 281 383 424 372 215 48 129 430 17 303 35 392 301 91 164 13 477 220 71 179 363 
Sun Apr 06 12:43:20 2014
times:6
solution is:32980.000000.       temperature is:999.990000
ans array:
373 448 213 362 237 81 162 137 420 498 374 9 454 342 190 159 387 178 388 121 358 493 10 244 470 122 175 294 419 444 441 455 219 371 31 59 288 266 145 93 277 204 489 209 433 417 345 225 350 393 92 264 21 153 296 389 200 189 109 379 280 366 206 202 180 328 458 496 372 256 463 95 34 429 116 208 229 272 474 157 68 15 76 344 347 314 480 308 323 488 44 415 84 47 27 405 149 101 176 353 385 11 231 471 40 64 369 133 115 452 300 324 397 182 22 103 348 322 136 427 53 243 318 253 312 270 483 70 54 276 179 16 50 475 245 271 139 340 191 404 327 120 124 104 330 274 432 220 63 170 247 87 1 499 130 443 462 66 199 354 114 173 316 478 45 282 398 392 14 88 42 49 8 117 186 375 69 79 403 138 279 188 305 110 391 378 181 311 216 406 156 495 60 332 143 414 492 412 96 90 263 74 241 168 118 386 299 384 380 123 177 29 107 476 62 125 128 465 51 487 99 302 67 239 226 396 267 140 428 338 38 450 349 339 437 55 249 86 298 212 278 193 161 367 163 46 141 85 451 364 236 108 234 73 7 334 394 381 222 198 97 361 446 439 329 477 6 183 410 293 18 335 203 461 201 20 292 307 281 166 235 313 402 467 421 425 315 286 409 211 172 333 224 187 309 485 131 257 357 154 223 43 418 39 36 148 346 400 105 83 431 215 265 2 77 4 227 436 78 250 351 12 254 337 89 75 491 258 447 284 484 486 100 82 468 456 377 246 352 30 230 197 426 269 310 151 325 132 449 320 411 5 376 413 482 240 150 401 275 469 196 217 80 192 440 466 41 497 423 242 126 65 94 52 268 56 304 424 129 3 395 228 144 106 285 205 23 98 273 460 185 481 251 32 111 33 214 416 399 28 119 370 290 19 500 58 255 306 356 445 442 479 383 35 459 408 457 494 434 390 194 233 321 430 24 365 317 174 142 134 435 25 158 184 102 37 160 319 248 48 407 473 232 252 210 91 289 359 17 218 165 297 127 341 261 113 135 259 343 283 164 262 464 472 146 71 363 422 287 155 72 291 438 360 326 61 13 169 260 207 171 453 57 221 112 26 195 368 336 382 238 301 295 355 303 147 152 490 167 331 
Sun Apr 06 12:44:32 2014
times:7
solution is:32947.000000.       temperature is:999.990000
ans array:
81 211 36 282 71 177 344 458 388 358 9 1 102 213 327 153 274 397 70 110 247 122 31 47 434 428 436 381 196 345 131 470 277 84 308 413 209 206 25 216 7 15 170 120 340 323 94 329 24 147 385 185 117 315 237 287 498 378 457 492 387 19 204 243 265 367 88 371 450 299 132 183 93 386 116 225 446 325 178 375 162 115 478 168 18 143 212 234 500 350 337 463 339 98 491 10 352 452 37 27 8 283 321 101 298 273 22 145 444 318 159 137 271 157 412 180 249 4 86 294 451 405 310 78 230 255 300 489 246 21 58 163 361 198 415 443 42 181 148 253 40 455 50 57 272 353 418 348 410 103 467 389 250 146 471 454 475 85 114 256 468 456 2 69 280 16 160 330 297 364 285 95 251 314 123 305 186 239 431 292 379 219 63 11 411 417 465 495 66 335 154 383 464 414 406 269 293 440 476 74 193 263 409 97 92 55 134 175 296 44 483 264 39 284 499 399 438 267 89 136 481 342 26 437 370 34 200 104 322 224 76 229 474 482 151 144 347 149 106 479 222 96 377 402 311 392 164 205 126 449 105 59 312 316 493 404 396 220 245 240 166 485 201 191 301 259 194 460 90 231 401 393 138 173 68 338 369 232 233 172 124 197 268 384 356 242 445 5 238 365 189 278 442 289 346 107 45 320 497 125 195 360 109 447 83 108 156 295 359 363 128 244 38 54 190 41 306 374 226 152 257 366 448 461 184 207 302 161 441 52 142 99 394 281 424 496 203 77 433 228 334 426 254 376 214 215 174 187 139 419 121 373 236 486 487 357 439 391 494 407 67 380 118 488 100 75 326 12 192 62 309 328 462 421 80 408 65 60 290 390 51 87 248 30 208 155 23 430 29 14 276 317 395 141 362 72 400 171 17 333 135 261 32 56 61 429 73 140 176 336 150 484 217 188 416 235 286 258 382 202 158 82 425 43 64 466 351 303 91 490 221 179 79 420 422 49 112 260 341 307 354 6 3 266 199 218 473 343 480 459 349 28 288 167 372 398 332 477 33 129 319 435 119 291 20 279 111 53 227 210 133 472 252 331 262 165 368 48 35 127 223 469 355 13 423 432 427 241 46 130 270 304 275 324 113 313 403 453 169 182 
Sun Apr 06 12:45:43 2014
times:8
solution is:33024.000000.       temperature is:999.990000
ans array:
81 331 62 327 384 253 458 233 282 107 333 143 84 36 198 284 387 493 388 22 324 86 159 471 426 427 257 429 498 470 406 419 237 162 37 65 83 314 339 454 307 334 176 271 293 50 9 412 133 296 204 270 206 11 234 357 105 243 483 209 1 25 193 385 286 323 320 177 54 45 499 489 491 202 239 322 366 302 345 6 444 78 210 413 371 42 478 482 148 425 222 212 87 450 153 273 126 16 196 88 477 150 415 252 351 69 225 352 58 39 376 137 18 485 256 184 119 318 98 145 347 403 71 122 200 139 115 21 259 258 337 236 321 335 230 486 116 164 448 128 326 414 172 416 350 181 211 381 144 47 235 465 95 308 75 325 166 27 393 275 205 492 130 178 123 456 267 280 313 121 191 34 380 44 70 474 277 266 80 79 77 278 289 373 118 29 294 51 394 382 175 74 255 364 173 437 240 417 480 199 440 57 443 452 247 183 372 311 375 389 466 140 63 131 189 396 113 369 420 134 338 90 346 24 231 114 490 319 61 468 463 391 487 379 439 60 455 149 353 461 464 156 124 457 344 495 3 226 56 330 269 35 418 152 64 110 405 488 383 224 262 312 229 66 73 398 5 68 361 242 97 4 395 109 316 174 431 328 13 190 435 219 467 220 378 168 216 40 26 342 500 41 103 20 433 194 195 305 104 409 141 12 283 89 248 407 227 163 349 367 14 476 129 17 161 76 310 117 7 290 481 85 151 317 245 8 410 108 31 33 132 473 218 215 120 154 102 82 192 377 354 48 250 332 185 442 263 449 298 138 92 496 446 297 401 400 404 93 101 261 15 197 203 182 160 19 221 434 158 279 2 264 397 299 285 368 38 59 53 411 399 187 127 214 170 169 309 43 362 343 459 274 304 100 408 365 451 445 358 244 348 179 146 484 276 254 356 246 370 402 438 157 186 217 112 272 94 10 49 268 329 155 386 472 251 188 142 201 232 475 287 436 497 306 111 241 30 213 295 32 228 374 23 91 494 340 72 392 360 359 428 281 462 430 432 99 125 106 479 422 207 303 300 223 52 315 135 165 469 341 55 355 260 67 46 208 292 441 96 180 167 453 171 390 291 421 238 147 336 447 265 424 288 460 249 28 301 136 423 363 
Sun Apr 06 12:46:55 2014
times:9
solution is:33022.000000.       temperature is:999.990000
ans array:
420 8 344 175 65 162 342 103 136 14 159 46 346 460 458 247 454 308 411 95 42 415 386 378 237 413 337 199 271 431 107 243 267 206 366 116 161 487 240 381 157 68 100 348 102 257 204 148 47 478 130 117 287 439 81 174 44 27 387 138 375 163 120 190 19 272 128 369 325 11 89 145 388 24 412 225 177 249 496 176 327 9 168 200 205 31 465 87 189 307 25 253 323 428 419 193 372 220 78 150 463 36 209 499 43 371 448 56 239 434 498 296 468 298 71 264 427 214 59 2 98 114 339 45 280 315 75 16 96 88 122 181 334 404 202 474 153 66 314 218 106 500 129 104 70 438 3 73 361 292 121 94 97 285 217 90 140 483 119 297 352 370 137 72 451 473 279 350 270 492 469 158 173 160 282 256 376 481 74 273 84 37 101 462 444 426 29 284 219 312 77 15 69 53 472 332 333 355 406 192 149 456 143 409 299 449 485 63 476 6 236 391 41 33 210 373 85 286 248 109 58 377 278 440 228 295 255 276 335 196 99 172 359 441 184 394 79 358 141 82 484 92 281 266 457 254 493 269 345 436 425 232 288 152 338 324 201 423 61 235 305 231 7 450 113 1 402 118 211 495 30 455 470 51 362 385 34 226 13 310 471 76 179 480 22 230 329 198 139 422 229 429 461 208 322 242 452 186 144 233 294 301 275 464 185 340 86 224 341 194 12 393 277 417 10 261 320 290 303 263 151 203 383 433 123 223 234 382 170 126 166 191 397 318 283 132 32 380 475 356 108 105 432 306 80 384 410 311 316 488 262 124 164 111 259 330 21 319 437 396 221 38 302 390 479 416 20 353 55 459 250 28 125 309 268 430 321 115 23 365 4 258 418 18 399 246 52 477 93 134 252 300 274 187 289 489 446 64 414 265 494 40 405 364 133 442 360 317 227 197 178 445 49 447 26 183 180 260 349 347 354 142 39 110 403 486 424 389 207 304 407 212 135 398 408 17 245 147 435 5 155 363 401 328 293 400 62 367 291 167 421 357 443 491 50 127 453 368 326 188 169 35 67 165 395 482 60 146 83 195 351 182 497 91 54 466 222 216 343 467 379 154 336 156 112 57 241 213 238 171 215 313 48 392 244 131 490 374 251 331 
Sun Apr 06 12:48:06 2014
The average run time for the algorithm is : 70.972300
The average solution for the algorithm is : 32976.900000
The maxx solution for the algorithm is : 33024.000000
The minn solution for the algorithm is : 32929.000000
