period=100.000000
Sun Apr 06 15:14:09 2014

N=500 M=20
times:0
solution is:32879.000000.       temperature is:999.990000
ans array:
281 81 8 374 420 177 456 159 89 162 417 9 84 325 344 175 233 384 124 271 500 196 481 296 62 460 200 378 137 484 235 25 376 14 176 412 21 304 202 168 27 252 92 464 31 358 141 88 58 83 198 24 246 493 305 237 68 239 184 7 157 174 498 413 257 363 386 251 108 183 329 61 206 342 332 391 273 199 232 302 93 240 429 323 82 458 492 253 243 225 103 333 22 263 66 47 470 65 10 322 367 173 217 414 282 164 266 389 209 178 255 231 139 234 189 166 393 12 465 145 327 35 269 86 489 483 23 485 286 44 43 87 406 114 213 105 115 71 75 373 299 422 74 479 70 181 462 388 277 6 11 346 119 310 224 140 244 236 308 377 448 36 54 153 161 274 394 445 247 3 205 497 474 424 98 454 204 290 439 499 432 275 220 77 95 316 423 475 37 314 440 265 350 219 284 431 340 13 49 123 110 480 163 472 39 280 381 486 294 262 45 268 143 385 436 361 26 434 111 375 32 131 118 150 307 96 331 319 4 201 214 272 245 419 53 311 197 38 85 372 416 403 172 461 226 379 101 446 444 371 478 321 295 138 334 212 328 447 335 128 476 495 366 369 155 102 452 120 33 360 229 463 326 387 278 426 450 148 356 59 156 410 349 289 116 29 15 242 249 211 126 1 320 160 55 348 136 129 104 16 193 261 264 230 347 467 122 298 203 451 364 338 188 132 50 276 121 292 397 256 222 151 396 78 170 337 318 496 18 97 130 94 215 339 125 293 427 267 223 149 428 459 399 99 362 192 180 309 324 408 72 380 353 42 90 441 191 400 354 208 106 488 152 185 179 487 63 34 306 2 41 270 76 19 52 303 186 117 285 430 443 407 187 418 107 146 127 457 51 352 468 248 433 5 425 227 449 165 283 402 182 144 194 190 471 345 30 73 455 258 100 473 409 415 221 315 135 341 313 195 442 79 210 250 368 218 383 60 287 80 401 291 241 491 438 405 494 57 357 300 330 216 395 113 259 343 365 134 147 260 317 28 238 154 404 392 112 370 56 453 297 167 109 169 421 254 411 351 46 228 142 64 67 207 398 312 359 355 382 171 435 69 390 336 40 91 482 469 466 477 301 490 437 158 288 20 133 48 279 17 
Sun Apr 06 15:15:54 2014
times:1
solution is:32852.000000.       temperature is:999.990000
ans array:
331 211 266 460 47 481 318 378 280 490 387 84 172 31 9 340 237 257 118 412 6 162 35 271 443 22 62 214 314 65 51 467 8 359 282 451 288 139 272 394 7 77 74 372 110 265 81 86 379 97 140 371 23 66 95 364 434 381 243 200 327 136 87 59 181 94 405 475 36 58 461 29 495 358 2 458 183 397 308 204 131 249 21 141 39 147 133 346 212 45 321 3 111 44 375 274 102 498 295 226 315 54 496 124 470 485 57 222 149 61 329 429 143 34 69 145 18 130 320 164 73 333 155 414 283 225 83 90 209 220 231 176 14 199 88 37 316 278 60 425 463 158 435 293 174 250 440 323 388 350 244 80 216 253 108 159 335 486 15 367 103 121 289 362 67 148 117 245 430 259 396 489 480 499 377 53 448 89 68 297 409 433 71 384 76 482 369 116 115 239 341 78 478 456 144 459 114 151 42 264 302 105 153 132 70 279 1 403 25 5 4 415 19 328 189 418 352 129 213 168 338 157 277 487 373 234 128 472 492 410 192 284 393 233 255 197 240 401 305 161 447 30 339 64 324 423 342 99 296 330 344 334 363 465 261 219 354 376 307 173 137 310 206 351 294 134 479 123 365 468 500 205 345 270 178 236 50 196 135 386 457 119 49 390 104 366 120 10 326 113 455 269 85 228 262 441 26 454 436 252 11 332 357 276 483 101 400 38 385 290 300 27 63 325 348 40 169 242 391 100 194 445 322 92 56 248 439 484 175 368 256 258 383 210 370 96 193 273 17 493 247 187 267 122 232 431 452 337 208 16 156 402 449 474 303 286 170 471 198 444 361 217 263 462 347 476 138 406 166 356 12 24 374 167 408 389 419 154 177 432 268 438 185 306 186 446 202 150 43 201 427 309 241 165 317 52 450 184 223 411 75 491 424 469 152 275 413 299 125 466 292 224 229 251 380 312 179 238 420 20 404 428 188 360 28 160 221 304 473 343 230 72 163 392 464 203 13 195 336 235 453 488 246 109 494 227 191 180 41 93 215 91 79 421 349 33 287 417 407 32 82 353 382 126 497 55 171 426 422 98 190 142 311 442 207 398 319 182 107 313 416 260 127 218 477 254 106 355 437 285 291 146 46 395 112 301 399 281 298 48 
Sun Apr 06 15:17:42 2014
times:2
solution is:32895.000000.       temperature is:999.990000
ans array:
331 211 8 159 294 420 208 162 456 256 419 358 64 318 33 239 470 169 480 393 16 448 458 282 153 333 387 59 465 36 305 261 141 463 237 122 378 364 214 253 137 109 24 118 175 199 225 498 263 386 367 345 84 427 412 103 106 302 50 178 266 334 428 271 88 196 200 335 149 460 43 309 379 63 426 85 65 187 166 168 491 384 299 327 192 445 248 140 337 452 202 478 246 247 451 181 484 212 325 476 62 500 415 277 411 136 138 352 116 42 357 69 150 455 86 218 176 461 209 366 374 128 37 12 243 495 296 322 99 298 240 205 30 20 130 115 190 389 47 74 251 7 496 405 342 440 269 45 418 473 450 279 123 108 229 154 102 44 447 226 22 14 344 110 148 267 32 441 58 278 371 230 264 272 172 321 92 221 194 161 380 79 273 71 475 290 425 485 96 68 402 158 257 21 436 105 236 132 219 320 210 434 26 339 472 60 235 101 245 365 414 311 497 295 249 397 204 481 372 314 231 80 61 233 289 439 87 338 186 324 131 444 77 341 403 430 328 157 133 297 369 381 492 483 203 125 191 163 453 413 406 1 5 429 193 234 28 117 306 304 147 95 197 151 155 232 49 113 160 25 250 53 433 94 35 351 57 348 486 179 104 40 308 83 442 90 368 255 27 454 34 76 340 67 375 353 244 423 70 274 464 2 316 173 401 31 468 388 220 100 293 223 469 111 224 73 310 285 471 376 185 143 276 457 422 396 330 129 52 392 144 489 9 10 292 139 89 432 407 417 3 182 201 227 174 38 165 206 281 409 198 29 56 494 361 51 385 270 312 283 112 152 259 66 228 93 421 400 121 55 343 493 462 11 120 349 15 286 488 467 360 394 424 262 188 258 435 408 323 78 107 315 449 362 437 189 490 97 216 404 217 18 329 438 416 446 6 75 17 41 459 350 207 466 275 284 383 177 156 301 98 252 19 370 254 332 373 39 146 134 431 474 313 119 346 307 354 124 347 265 114 91 135 410 145 479 142 317 23 443 487 4 288 242 54 82 180 13 183 377 184 482 499 399 391 195 291 72 213 359 170 126 215 355 241 395 222 171 303 356 164 260 167 398 319 326 268 336 300 48 46 382 238 477 390 127 280 287 81 363 
Sun Apr 06 15:19:28 2014
times:3
solution is:32946.000000.       temperature is:999.990000
ans array:
281 81 136 177 448 162 374 384 2 387 131 268 280 53 56 92 15 225 14 282 88 481 338 239 71 359 458 460 463 209 492 470 289 211 34 153 245 403 498 64 175 110 148 393 436 160 350 354 226 389 380 161 115 461 68 11 378 388 366 471 399 103 157 454 303 420 22 206 339 434 381 101 102 154 271 344 480 176 478 116 255 9 304 272 302 78 370 433 86 247 83 346 263 139 47 201 159 314 6 394 367 204 151 299 321 168 224 104 173 333 313 3 205 178 452 298 243 132 468 323 266 122 377 264 194 412 455 414 309 192 408 310 396 322 80 202 279 251 127 249 85 419 63 196 16 320 33 431 74 250 269 413 45 318 352 441 37 488 358 216 10 51 324 200 308 94 97 31 369 253 286 365 140 256 93 21 123 223 445 125 300 334 163 351 486 237 193 491 133 379 61 485 18 137 278 117 361 342 174 20 273 499 397 8 406 108 77 172 328 277 130 410 312 144 265 120 187 353 330 248 42 141 149 375 364 66 372 317 315 495 464 476 49 335 257 276 203 400 331 270 327 190 432 229 84 99 411 258 311 170 474 25 98 181 301 254 305 371 500 449 453 482 126 426 284 222 231 197 189 55 376 440 407 38 150 183 316 27 483 275 242 295 100 227 41 128 1 319 347 36 62 307 383 446 467 44 113 166 50 283 332 114 143 261 456 447 210 30 450 199 58 217 70 28 89 465 79 475 5 417 325 345 90 142 75 290 135 259 428 221 442 29 356 186 212 329 124 191 425 429 73 232 87 65 473 59 105 19 147 402 390 240 155 484 138 7 435 188 489 267 24 167 457 362 348 185 236 405 32 409 462 496 134 234 39 262 422 145 487 214 385 182 415 219 360 218 95 294 392 43 439 213 244 121 424 252 35 228 112 119 4 54 296 443 40 106 423 184 165 472 287 340 341 215 23 208 451 285 76 444 118 220 459 164 67 293 198 421 494 292 207 246 479 466 297 82 146 129 437 72 57 288 438 12 493 26 291 398 107 69 469 152 230 238 195 391 343 430 382 158 169 355 52 60 96 427 111 418 274 497 336 306 326 368 349 46 395 13 363 401 386 156 180 179 17 109 490 404 416 241 477 337 357 91 171 48 260 235 373 233 
Sun Apr 06 15:21:16 2014
times:4
solution is:33064.000000.       temperature is:999.990000
ans array:
281 81 116 420 327 387 493 45 480 199 161 246 177 470 143 237 447 311 358 340 462 284 346 34 407 350 145 253 378 8 50 275 162 374 473 223 245 305 249 458 214 44 181 205 15 478 393 131 21 14 100 104 209 426 475 225 6 266 360 450 42 339 286 138 59 373 92 321 9 310 194 369 128 1 61 26 108 247 30 329 463 173 17 240 136 366 69 204 230 248 307 371 293 491 399 132 320 224 481 77 71 168 498 153 418 324 344 499 182 409 453 178 106 86 184 267 97 347 263 170 74 41 402 110 40 36 417 124 361 149 474 122 348 159 236 37 295 442 313 229 468 285 323 415 255 226 167 357 379 440 500 388 352 410 403 461 439 63 233 260 345 113 202 231 483 400 454 427 333 176 175 163 261 455 109 376 302 405 157 419 84 264 456 380 29 90 166 312 35 164 243 219 27 296 238 271 445 395 436 12 76 441 172 139 372 435 429 203 103 185 154 111 448 317 256 308 189 3 88 465 151 102 412 73 25 492 68 228 484 298 207 290 137 316 457 495 87 57 496 23 443 51 467 31 332 438 47 62 239 4 148 58 466 451 489 119 16 334 444 200 67 211 325 150 283 121 60 192 206 299 268 117 107 282 328 11 460 123 472 314 394 114 487 186 486 66 99 322 364 428 446 118 135 434 265 464 105 386 212 22 338 197 180 235 33 221 306 411 89 10 300 294 20 232 437 141 75 234 414 381 53 309 55 391 408 126 216 304 193 146 80 336 258 144 280 382 397 384 215 5 272 413 254 353 18 365 398 452 43 485 497 91 70 390 349 112 2 188 140 227 94 482 370 270 277 279 383 479 431 174 276 125 179 335 459 64 273 244 330 24 7 269 377 342 152 79 251 242 83 257 160 389 425 292 54 367 375 19 39 351 259 220 297 96 127 250 52 183 359 196 362 210 476 198 406 130 337 490 433 289 191 65 222 115 331 95 315 129 449 430 38 85 423 356 241 396 368 218 274 488 385 190 301 169 93 326 13 401 404 343 155 341 201 120 56 156 165 217 355 147 171 424 49 142 287 101 288 134 72 319 78 262 252 354 133 187 421 208 46 303 82 469 195 32 392 494 477 422 432 48 416 291 98 28 213 278 363 158 471 318 
Sun Apr 06 15:23:06 2014
times:5
solution is:32997.000000.       temperature is:999.990000
ans array:
102 81 413 175 420 387 153 344 143 480 266 282 159 174 9 36 327 380 21 375 324 204 34 318 338 361 445 305 253 456 280 270 213 415 8 95 236 450 235 256 444 473 122 394 237 354 59 369 107 136 404 118 206 1 371 352 465 448 3 278 492 166 54 274 97 117 105 500 255 300 376 462 218 14 167 367 216 412 308 414 104 63 234 47 189 316 265 323 96 458 378 374 429 222 487 315 74 276 45 293 197 427 437 377 247 438 202 339 249 62 50 30 325 295 89 246 198 350 65 154 495 199 2 379 264 23 408 100 84 455 110 5 172 42 442 328 101 334 128 275 497 364 165 467 49 66 400 115 460 157 119 24 61 330 182 103 200 231 211 417 273 125 226 294 397 432 37 145 358 491 11 212 140 496 372 490 86 18 176 88 286 78 346 233 131 292 68 148 4 304 329 333 470 173 370 243 342 436 468 357 114 461 494 446 269 73 71 383 251 33 181 419 149 288 335 296 186 19 20 132 311 92 360 272 449 138 307 191 279 488 314 225 120 290 76 289 208 463 474 405 257 111 340 106 69 39 254 451 493 87 41 230 155 177 214 426 224 139 388 384 284 57 215 183 75 192 7 267 29 124 168 440 299 347 70 108 321 481 362 410 359 396 85 223 285 431 25 252 485 12 484 471 163 56 160 229 44 499 242 281 190 27 188 391 239 411 486 83 32 205 263 22 366 16 210 146 459 58 130 343 297 93 317 258 151 134 310 466 309 91 152 112 116 209 439 170 82 483 348 363 403 184 389 129 77 452 331 227 433 393 421 228 10 472 38 144 262 240 178 457 476 72 277 217 478 353 161 187 322 345 409 203 298 464 99 169 123 423 365 447 52 382 98 196 126 498 312 261 475 283 51 90 241 137 245 441 80 477 55 453 40 79 395 271 221 220 244 238 435 193 185 381 337 15 373 150 422 434 259 428 109 320 141 179 418 201 319 133 94 454 6 127 31 425 406 341 302 351 219 171 489 67 306 35 60 26 64 326 207 121 248 53 349 332 250 194 399 43 479 135 260 398 430 17 390 424 402 232 385 142 313 156 355 268 368 356 482 416 443 13 401 386 469 28 158 303 113 46 287 336 291 392 48 180 301 407 164 147 195 162 
Sun Apr 06 15:24:54 2014
times:6
solution is:33017.000000.       temperature is:999.990000
ans array:
81 211 102 175 280 204 327 187 324 247 214 95 387 137 130 152 15 409 162 122 257 153 378 36 9 357 493 397 461 323 296 50 386 345 361 103 84 1 423 310 94 488 350 59 264 205 500 391 335 206 230 189 123 250 456 388 371 98 25 253 181 83 132 147 375 11 403 92 358 34 101 243 289 376 339 282 369 35 182 31 108 359 492 436 173 419 27 183 317 472 450 333 442 212 275 70 394 160 14 121 159 18 161 68 463 374 283 458 285 3 439 114 17 366 400 489 312 484 286 271 460 314 105 449 255 320 200 201 272 209 62 444 373 498 448 401 309 231 37 56 414 43 139 261 495 138 51 430 487 302 149 467 469 222 410 220 249 411 433 237 141 377 407 292 177 190 379 368 39 294 420 344 248 112 263 290 490 226 236 364 225 266 124 117 143 32 77 399 499 454 12 474 136 89 365 251 465 156 22 163 58 135 328 438 168 38 199 118 380 470 417 408 29 10 90 451 127 277 20 116 235 452 40 476 485 129 356 65 372 322 178 216 2 412 455 30 326 78 338 47 85 478 151 334 125 69 329 196 481 202 346 389 432 331 278 167 223 464 219 119 172 496 307 146 267 44 274 443 486 246 148 107 418 428 110 150 194 415 197 76 429 82 252 303 154 60 413 8 466 426 73 421 74 468 126 54 447 64 97 244 170 33 245 128 258 435 93 19 300 445 425 24 7 434 288 229 192 26 367 427 157 477 63 354 104 86 186 316 99 332 217 260 115 256 88 262 155 276 340 353 191 304 352 315 382 87 287 193 362 281 218 120 321 234 185 113 242 210 224 370 404 416 422 140 383 241 239 49 174 497 45 306 297 396 240 42 347 446 337 233 66 342 203 48 453 301 360 479 195 131 343 100 21 176 293 284 166 494 158 57 480 392 363 406 109 325 53 405 330 313 270 61 308 473 91 424 55 475 384 232 164 441 75 268 431 279 491 269 52 348 96 254 16 145 305 28 471 198 6 299 165 273 215 385 5 144 227 395 134 228 298 259 459 180 437 318 221 319 381 402 188 106 398 142 355 179 133 4 483 72 184 80 67 46 213 41 457 349 208 207 295 169 238 311 23 291 71 111 390 171 462 351 79 440 336 265 482 13 393 341 
Sun Apr 06 15:26:43 2014
times:7
solution is:33123.000000.       temperature is:999.990000
ans array:
102 136 81 116 305 460 302 36 367 172 327 294 31 378 387 361 394 107 463 324 123 253 22 187 386 153 381 237 375 159 110 405 377 429 85 193 470 75 304 314 444 423 393 175 420 399 128 345 182 214 384 315 58 341 448 223 103 308 476 436 9 173 168 380 318 195 240 316 18 357 231 266 388 245 225 209 24 320 438 439 457 243 191 61 68 76 348 352 271 363 106 124 359 83 62 77 92 15 338 335 277 272 269 358 351 53 372 94 325 480 205 70 307 465 246 350 293 342 428 247 323 374 493 251 499 196 143 74 334 148 11 379 431 10 333 464 265 121 86 418 471 396 485 458 181 279 426 417 391 226 440 356 97 12 462 406 33 346 459 23 177 138 498 202 300 42 125 141 371 236 400 256 268 66 204 288 454 5 199 185 239 456 284 432 495 178 1 63 19 157 468 421 434 492 235 186 122 219 27 50 7 297 71 45 87 411 424 433 179 149 230 303 108 3 176 369 126 65 137 282 329 170 419 156 430 376 140 88 118 326 32 183 69 16 366 166 25 29 455 258 478 410 56 120 150 21 330 474 481 469 287 249 84 295 37 331 151 43 105 203 20 261 449 344 497 415 160 6 274 233 412 131 337 447 55 443 500 216 354 221 192 44 483 484 194 290 213 382 104 296 99 360 441 161 257 281 482 54 339 41 328 461 212 427 285 252 218 283 49 34 364 401 267 132 164 467 130 227 115 217 343 113 408 452 133 385 362 201 158 278 311 79 450 112 211 270 313 200 39 210 90 224 155 119 322 446 292 145 163 264 28 38 340 144 171 404 95 254 486 353 289 349 96 207 228 26 162 220 165 184 206 139 8 435 355 250 336 286 280 479 197 146 47 67 117 414 263 321 135 229 422 319 152 189 248 73 413 174 134 299 473 234 60 397 317 80 52 30 198 169 51 64 368 451 82 241 403 242 298 59 127 222 409 310 407 260 425 111 306 475 445 312 273 491 275 494 89 114 4 347 57 2 276 255 383 365 487 373 332 453 488 40 72 496 46 188 301 442 78 489 208 262 100 395 17 398 244 14 35 392 259 109 101 98 142 238 147 370 402 232 190 48 477 154 437 180 91 490 215 129 416 466 390 291 13 167 309 389 93 472 
Sun Apr 06 15:28:31 2014
times:8
solution is:32933.000000.       temperature is:999.990000
ans array:
81 334 136 175 420 159 456 162 298 280 257 47 160 266 107 62 63 237 221 59 8 470 359 333 100 227 358 214 344 123 36 22 50 323 348 212 376 172 484 226 144 272 206 194 457 176 320 18 42 116 20 189 205 209 11 86 321 448 497 460 168 193 233 278 163 207 498 397 373 137 201 202 384 386 190 45 1 23 356 19 66 370 289 181 402 29 379 388 16 211 447 157 411 108 74 351 122 446 230 41 481 252 368 345 413 222 110 305 130 463 70 465 197 253 393 492 21 338 380 458 17 53 261 264 452 449 297 78 102 445 58 454 143 441 4 433 153 500 245 294 101 89 342 330 240 9 367 391 314 251 239 218 369 400 40 217 327 387 120 424 161 76 371 241 304 350 149 403 243 51 71 186 93 97 451 476 311 128 419 480 340 178 450 258 204 154 335 339 309 346 244 290 68 52 103 347 84 220 169 173 468 364 318 377 279 236 88 83 250 496 408 43 246 2 412 90 353 366 235 146 316 277 396 182 249 44 140 54 138 225 365 357 114 473 487 274 152 200 95 219 141 139 283 64 265 92 198 77 495 410 489 259 482 322 109 147 271 429 125 434 80 302 282 117 174 170 148 435 319 439 34 493 32 28 145 455 14 284 431 352 10 156 399 494 3 115 216 295 94 111 38 436 185 39 485 286 415 12 195 30 124 267 308 188 61 121 310 127 224 65 6 184 131 469 215 82 191 343 422 306 404 328 247 187 104 405 73 375 296 129 242 25 337 341 425 299 332 133 37 292 113 414 158 180 426 349 60 427 423 483 478 55 471 151 179 362 26 155 288 315 118 324 273 444 69 394 166 307 329 24 428 354 417 213 27 443 440 196 203 395 263 99 287 430 472 270 105 461 228 248 475 360 406 183 488 467 401 268 442 79 313 276 385 192 300 383 7 75 165 106 491 374 229 72 13 98 291 134 126 223 85 57 150 453 87 199 312 35 33 326 285 389 255 486 293 231 15 336 459 317 164 331 234 135 301 256 474 407 232 31 361 464 421 479 275 49 432 262 132 437 48 466 5 210 303 260 499 438 91 177 462 56 416 418 112 119 372 238 96 167 477 409 398 208 67 355 254 392 171 142 382 46 390 269 325 378 281 381 490 363 
Sun Apr 06 15:30:20 2014
times:9
solution is:32972.000000.       temperature is:999.990000
ans array:
36 81 136 102 214 162 85 282 378 384 153 387 204 471 170 334 25 9 65 103 420 324 1 97 419 458 338 475 266 373 121 181 333 104 448 161 433 15 182 381 388 470 389 112 77 115 190 163 116 462 321 29 491 168 69 386 427 75 172 154 278 137 70 430 55 461 362 371 12 87 307 114 267 183 344 414 84 174 497 439 18 280 320 233 364 452 145 498 279 431 193 22 19 141 92 86 42 255 315 459 305 455 11 397 41 24 244 108 310 203 240 43 487 206 208 60 417 62 447 314 408 256 94 343 467 98 159 500 253 339 345 492 376 308 480 456 222 230 152 254 54 16 198 327 245 68 173 361 235 485 44 202 101 232 239 166 118 31 138 317 110 14 247 113 268 131 349 366 328 416 478 348 484 196 335 272 128 50 180 340 380 403 124 352 105 286 342 292 325 6 283 184 450 434 358 95 319 393 192 143 130 236 428 350 35 312 446 56 146 258 66 290 341 10 117 415 318 226 188 148 391 473 58 8 375 302 261 271 51 304 252 165 79 246 74 284 109 392 311 295 383 457 297 412 37 57 322 331 169 178 445 139 132 410 250 370 346 49 205 157 275 337 296 229 483 422 140 59 82 147 241 394 228 390 263 197 7 99 2 63 217 464 243 411 200 249 212 454 476 237 219 482 269 453 185 89 76 276 423 179 47 460 33 385 442 21 440 363 463 122 486 426 382 488 27 125 372 468 45 436 429 309 379 273 160 194 477 195 52 149 465 260 402 5 365 406 199 285 23 347 274 351 176 298 156 481 360 93 418 494 444 210 238 257 216 231 451 100 225 300 443 120 264 289 234 90 135 399 111 107 201 215 20 64 187 316 38 242 220 129 329 367 409 186 164 466 248 189 224 262 496 72 221 106 294 323 396 405 377 432 67 474 355 155 227 209 150 332 472 359 437 4 425 134 354 400 191 306 223 30 499 493 73 28 251 299 26 61 303 326 144 126 123 213 218 270 291 40 13 336 32 265 158 441 404 53 80 83 277 374 401 435 495 96 293 127 330 151 357 356 78 369 3 469 133 259 39 490 353 313 167 17 421 438 368 479 207 119 211 407 171 281 301 424 288 142 91 287 177 88 449 46 48 395 413 34 175 398 489 71 
Sun Apr 06 15:32:09 2014
The average run time for the algorithm is : 108.035100
The average solution for the algorithm is : 32967.800000
The maxx solution for the algorithm is : 33123.000000
The minn solution for the algorithm is : 32852.000000
