period=50.000000
Sun Apr 06 12:48:06 2014

N=500 M=20
times:0
solution is:31939.000000.       temperature is:999.990000
ans array:
27 357 356 83 219 291 65 45 44 305 380 277 227 483 239 180 270 81 148 214 113 267 410 437 99 116 499 429 155 494 51 67 129 141 70 254 140 426 282 346 333 266 486 290 226 192 111 107 37 301 259 136 382 354 294 164 42 343 158 417 23 448 11 314 398 321 320 478 25 388 487 38 431 385 312 470 9 134 13 369 263 138 323 223 76 491 368 411 32 492 122 207 339 450 231 209 112 20 167 50 49 386 196 453 349 94 463 101 377 106 400 495 109 440 252 436 187 319 381 72 143 54 75 376 211 153 173 48 288 147 61 118 432 177 328 331 26 18 447 443 404 151 389 297 317 100 375 456 428 355 262 69 218 412 31 249 131 120 311 304 117 406 465 455 86 17 73 89 416 125 80 460 57 166 124 126 34 242 439 444 128 16 265 154 84 326 222 329 370 202 268 33 137 422 496 215 269 24 458 191 233 345 481 159 12 236 480 366 8 105 383 353 160 221 171 35 184 28 490 142 334 71 415 285 472 425 39 359 3 220 230 55 14 98 217 179 378 337 435 47 66 199 358 235 110 403 401 278 374 303 452 430 29 325 169 149 15 210 292 19 114 489 476 203 176 183 365 273 41 201 46 477 204 391 402 264 445 56 103 289 104 348 197 181 446 393 21 115 327 497 36 241 96 438 87 484 247 95 74 90 461 175 286 482 130 162 351 372 387 363 352 271 62 392 466 287 394 146 139 255 313 261 245 97 224 178 170 362 121 251 145 390 78 373 295 123 92 367 315 493 322 451 161 364 397 396 194 442 186 238 212 198 335 462 361 119 307 108 132 1 479 283 213 156 79 464 240 4 318 324 457 10 459 163 274 22 308 253 344 421 473 441 488 469 208 40 53 434 293 336 342 281 360 474 296 174 243 284 133 258 257 172 272 59 195 471 88 185 276 427 200 467 350 206 188 93 384 309 256 2 475 300 157 135 91 419 260 225 310 500 229 6 82 248 77 279 232 414 63 189 5 405 52 468 275 216 418 423 302 58 306 168 420 165 150 234 395 341 127 407 205 498 85 7 68 424 409 433 250 144 64 449 237 340 228 182 379 399 190 152 246 102 371 338 330 485 408 280 299 413 347 30 60 454 332 244 193 43 316 298 
Sun Apr 06 12:49:12 2014
times:1
solution is:31667.000000.       temperature is:999.990000
ans array:
357 445 227 99 393 154 346 298 219 204 13 226 337 26 372 386 252 91 348 12 369 165 286 69 140 83 311 116 266 164 231 483 332 254 244 385 118 54 318 436 448 431 96 162 398 494 290 175 437 262 76 334 49 304 106 203 320 259 37 297 236 458 3 27 400 383 429 107 42 314 156 277 61 330 134 160 352 202 130 362 285 184 303 209 263 288 323 38 24 101 480 255 404 270 28 73 120 111 355 72 25 214 151 108 462 329 401 103 375 17 447 425 186 489 268 122 406 349 20 23 301 177 317 63 377 455 328 472 218 478 40 382 453 81 491 312 417 388 367 221 326 499 273 137 113 169 345 389 18 390 157 89 463 57 261 33 225 408 223 8 173 149 59 129 141 90 196 153 125 48 128 496 446 70 374 66 187 412 65 282 271 469 343 456 339 45 391 11 356 86 62 145 495 481 426 324 358 181 378 167 325 30 294 380 487 131 359 449 373 180 239 305 384 6 67 350 242 87 363 243 2 192 208 74 105 215 416 354 21 158 112 229 110 264 319 333 15 235 147 207 170 240 191 454 309 292 84 466 361 470 405 341 335 179 440 34 123 32 438 92 176 39 424 188 222 197 250 419 283 265 230 31 443 490 198 183 432 368 166 310 465 488 396 269 35 217 486 10 55 100 291 75 428 493 201 93 29 272 136 233 376 178 430 474 64 258 253 280 411 327 224 307 98 132 293 415 148 492 104 139 464 302 234 379 347 364 451 249 146 14 161 193 238 117 174 232 16 241 82 102 79 444 370 119 460 289 245 133 9 210 410 422 435 321 80 212 109 171 316 331 479 142 295 420 381 371 500 85 441 476 220 257 44 477 392 284 387 267 195 342 56 41 360 461 353 126 281 473 418 299 457 114 459 46 150 423 172 336 78 43 211 340 251 300 322 22 94 402 439 168 409 143 279 115 471 351 7 274 248 4 306 51 163 1 278 484 135 190 247 467 19 52 403 216 497 482 246 77 287 256 60 213 413 276 205 194 414 228 88 313 397 427 127 260 68 200 36 199 344 95 315 421 338 498 395 308 433 407 47 452 450 144 138 468 189 182 121 399 485 275 475 237 124 442 58 366 152 365 71 50 296 53 97 159 434 155 5 394 206 185 
Sun Apr 06 12:50:18 2014
times:2
solution is:31899.000000.       temperature is:999.990000
ans array:
309 445 381 252 177 357 291 226 383 184 111 54 231 158 80 99 209 26 496 297 23 478 349 371 394 377 259 436 317 64 359 386 70 3 94 155 129 408 305 153 483 13 175 266 65 136 107 76 263 268 167 270 355 32 400 321 432 27 437 271 346 57 462 447 372 83 303 201 415 454 417 382 499 207 204 49 117 288 202 491 465 301 260 335 388 73 170 219 203 45 431 89 323 106 254 141 286 108 267 448 218 290 326 101 187 69 390 214 211 319 81 14 446 244 458 164 37 134 264 84 410 42 28 208 368 140 8 154 122 113 16 171 262 227 38 389 369 396 40 318 401 147 194 18 119 294 374 225 376 343 236 103 398 240 430 334 100 285 422 138 352 453 222 385 188 20 173 44 487 443 25 455 4 220 481 118 137 373 123 151 424 224 269 238 474 484 472 90 463 185 329 331 452 48 429 93 332 380 39 239 191 322 255 126 327 247 438 98 451 404 402 180 120 162 166 24 353 104 348 494 206 186 92 217 230 169 12 416 7 378 132 330 293 221 96 320 15 159 17 66 178 55 253 125 375 367 480 142 495 471 223 324 470 77 9 131 165 356 282 441 243 56 30 43 245 312 426 358 464 497 479 460 233 105 189 172 273 75 115 198 370 411 128 439 440 61 384 351 242 79 316 405 109 114 379 116 489 50 249 444 33 362 232 391 486 215 176 22 315 196 19 339 71 461 36 251 258 95 500 274 87 210 403 29 304 363 121 277 250 157 63 344 124 241 62 456 442 82 435 130 476 235 328 412 21 338 434 280 299 308 10 168 492 85 86 419 256 354 295 67 197 336 364 181 279 450 466 195 192 333 397 341 35 246 314 1 174 340 428 482 179 477 307 139 110 149 302 58 287 248 47 34 6 150 457 261 366 365 469 59 420 91 102 350 387 41 46 156 313 133 146 143 72 413 407 490 265 51 2 160 292 152 488 276 161 257 60 425 193 135 52 272 345 78 145 475 97 342 5 421 127 234 473 213 300 399 237 289 148 306 467 205 275 393 395 427 414 278 493 212 283 182 325 190 406 347 68 228 409 360 199 200 296 284 53 229 144 423 88 163 31 433 485 468 418 281 310 392 449 183 498 459 216 298 112 311 337 11 361 74 
Sun Apr 06 12:51:24 2014
times:3
solution is:31793.000000.       temperature is:999.990000
ans array:
154 297 357 144 76 149 231 47 118 369 54 23 11 290 142 80 432 219 122 348 42 155 483 437 167 38 386 321 177 447 164 67 361 440 227 383 460 436 65 119 362 499 408 74 111 120 140 385 349 244 136 377 221 381 259 339 72 406 218 356 314 3 151 129 180 352 209 21 100 239 270 415 61 18 204 169 401 184 269 478 495 44 265 49 343 305 492 431 329 116 43 480 37 121 81 294 456 153 304 453 50 145 390 373 156 326 463 487 334 417 107 179 235 288 389 263 303 93 376 458 368 28 354 215 20 491 391 374 291 331 32 99 138 247 84 75 92 207 445 133 175 110 268 355 187 285 17 469 134 266 159 494 165 308 114 173 400 367 141 106 378 226 148 123 55 335 327 6 345 346 124 393 470 277 292 160 465 27 441 105 311 87 78 59 117 66 225 419 388 372 474 410 271 126 199 25 404 91 236 254 319 203 472 220 158 299 166 317 280 113 104 83 320 323 34 446 168 287 394 380 430 344 196 224 198 253 429 477 15 358 9 94 301 315 189 241 416 57 448 137 370 64 170 260 150 112 282 14 484 255 86 251 24 30 222 461 210 16 191 13 101 71 8 293 310 125 212 384 350 40 249 481 250 273 375 53 115 286 69 500 240 396 298 185 351 264 73 109 455 230 490 418 405 90 188 353 403 26 261 412 243 451 192 45 178 70 325 48 217 398 89 275 454 202 443 186 103 51 143 333 162 328 444 223 4 7 402 130 77 322 33 176 300 127 365 337 96 338 95 193 284 157 229 262 387 359 452 347 248 242 35 29 342 163 312 132 438 82 201 139 252 364 439 379 181 428 238 237 206 435 279 172 466 46 462 341 422 258 473 324 309 496 85 392 234 302 146 332 459 183 449 171 214 318 289 283 371 411 493 200 276 194 482 464 340 257 267 426 197 52 19 41 295 330 131 274 479 420 135 399 152 39 307 489 97 147 208 316 272 245 413 56 382 306 79 36 22 31 213 108 88 488 256 205 182 1 63 313 442 232 421 366 5 195 216 102 62 498 161 424 485 468 407 68 246 450 296 475 425 434 467 10 395 336 427 174 281 409 190 433 2 471 128 423 278 457 58 414 98 497 233 363 476 486 211 60 228 360 397 12 
Sun Apr 06 12:52:30 2014
times:4
solution is:31535.000000.       temperature is:999.990000
ans array:
357 393 445 76 381 73 285 13 192 417 231 270 111 225 120 335 332 26 499 447 11 141 259 99 37 107 23 308 314 264 386 235 66 113 209 160 410 175 129 352 349 478 65 173 377 219 218 394 83 122 472 321 288 266 369 400 380 222 301 408 487 3 167 166 440 162 233 436 346 348 142 54 368 290 63 458 305 94 323 134 69 221 343 72 154 252 355 12 180 155 268 33 383 483 44 247 344 263 159 241 334 101 89 446 81 390 326 28 415 117 388 271 329 281 30 165 456 226 24 140 179 131 385 294 106 130 255 40 164 319 86 267 171 21 70 49 187 57 242 437 177 20 291 190 480 356 342 470 18 401 138 6 460 430 303 211 239 387 432 495 184 119 371 374 17 448 265 151 248 105 353 45 118 494 96 398 158 411 153 100 90 254 474 422 375 318 406 297 227 429 8 50 311 463 461 9 197 322 186 471 75 454 412 74 137 351 48 196 362 378 389 491 473 496 156 331 345 224 108 59 295 230 202 453 300 376 481 396 317 178 416 56 286 273 116 493 46 170 35 292 367 228 236 253 384 214 361 217 82 370 251 215 103 67 477 125 109 262 338 243 465 183 278 121 238 464 441 439 168 283 482 212 136 25 451 438 92 431 324 124 61 47 402 60 79 462 310 132 489 169 372 34 39 336 52 466 354 5 269 249 444 234 1 19 204 87 320 492 203 360 277 365 333 302 200 133 15 31 27 194 199 201 275 157 500 490 205 469 419 299 149 363 327 337 104 51 245 426 340 330 146 78 382 498 298 77 261 145 88 284 198 434 373 276 404 207 176 457 93 366 150 110 257 55 486 418 62 424 260 10 123 359 98 250 287 420 181 452 143 85 293 43 95 223 29 364 443 147 32 14 488 135 232 36 240 397 405 442 71 395 296 161 22 246 128 139 193 325 425 307 455 2 220 484 148 115 279 339 210 358 163 347 476 152 97 280 174 479 53 450 467 114 407 350 304 497 289 399 258 195 459 84 435 216 206 172 421 475 188 428 229 409 144 213 423 341 41 403 126 392 414 468 413 449 64 379 306 433 7 102 427 274 91 485 185 16 112 68 313 38 127 4 316 191 256 237 208 182 58 312 282 391 328 272 244 80 189 315 42 309 
Sun Apr 06 12:53:35 2014
times:5
solution is:31725.000000.       temperature is:999.990000
ans array:
120 252 45 231 78 227 437 268 219 167 357 54 76 214 254 12 106 385 175 444 89 383 369 377 199 277 73 44 352 389 140 112 291 100 381 177 259 13 23 478 320 20 483 208 448 445 253 318 290 270 474 207 201 6 348 334 136 380 494 390 109 134 86 332 81 493 47 499 440 271 196 125 294 382 430 64 122 26 38 314 311 267 209 42 154 224 305 141 432 303 15 123 218 40 187 61 266 32 164 129 236 297 3 349 94 226 410 83 82 107 121 343 431 63 301 204 24 8 441 225 255 469 49 60 273 39 472 99 285 16 417 471 30 113 325 436 238 458 492 402 147 220 70 244 500 398 308 162 456 269 419 117 188 33 158 103 447 342 153 221 274 331 210 11 300 145 108 263 138 239 400 18 67 131 386 156 408 362 405 329 55 180 335 75 93 356 202 151 243 319 355 339 363 395 429 368 404 169 155 114 111 453 84 298 489 80 110 486 170 306 119 461 496 37 333 317 473 132 184 337 262 14 185 118 250 79 130 451 470 181 439 462 330 295 232 29 293 487 27 178 116 374 302 396 143 438 46 48 286 454 166 326 387 364 9 455 495 101 336 372 354 283 406 72 403 463 148 206 304 25 394 309 256 423 422 149 211 104 90 249 426 321 74 401 323 288 367 378 124 292 235 137 168 240 115 229 346 242 446 203 165 278 66 17 28 388 465 50 261 228 197 313 464 179 248 315 434 222 328 264 21 375 344 452 186 22 77 279 324 457 265 358 491 460 53 373 69 418 345 105 183 307 338 341 10 322 459 316 347 191 172 157 350 258 62 126 287 415 2 481 174 497 19 139 480 35 160 414 327 97 281 7 192 213 289 56 51 173 353 484 359 34 247 85 4 230 310 443 150 421 260 223 280 449 488 412 87 195 312 128 215 420 241 450 424 427 284 41 435 43 135 466 133 257 171 217 98 379 102 176 200 397 275 1 296 442 413 68 142 272 71 411 144 477 360 479 198 428 233 95 52 5 490 159 416 384 476 251 237 409 216 276 370 246 340 36 127 194 31 205 425 245 146 163 468 189 182 212 351 433 475 91 399 498 152 193 190 58 392 161 365 88 57 407 59 467 485 371 92 96 366 482 376 65 282 234 393 391 361 299 
Sun Apr 06 12:54:41 2014
times:6
solution is:31664.000000.       temperature is:999.990000
ans array:
58 175 225 45 372 393 357 233 321 13 154 478 314 383 470 23 214 184 346 120 455 472 138 385 386 180 140 264 297 38 390 394 65 469 40 61 437 20 81 495 54 113 151 483 12 118 244 328 111 231 129 492 369 134 187 445 209 417 219 57 332 11 305 166 331 311 334 69 461 267 28 401 415 186 70 121 301 99 75 286 323 226 451 126 253 32 26 232 122 177 131 21 440 438 266 165 218 362 404 356 349 220 303 167 155 375 447 143 259 15 114 348 270 3 499 351 222 342 263 431 318 382 429 55 268 452 494 378 355 223 291 257 339 320 169 273 42 458 103 18 426 330 6 432 487 496 453 288 254 408 107 335 388 158 329 116 250 50 444 308 430 204 27 368 240 142 446 271 148 179 425 157 480 294 236 387 412 164 100 227 9 290 117 89 215 465 203 345 436 132 380 352 101 324 59 285 477 125 92 481 221 376 94 242 326 381 153 201 454 333 83 181 190 463 371 7 196 4 251 71 49 241 139 160 317 249 488 136 377 108 149 343 87 105 422 354 24 150 379 67 360 185 312 1 130 63 48 435 341 171 482 391 78 8 124 260 82 400 396 292 456 247 410 95 307 106 137 135 489 74 405 402 30 39 90 141 34 84 238 156 37 104 176 51 112 224 235 448 395 282 119 367 145 277 123 491 72 373 76 85 281 406 217 283 304 230 389 206 398 43 340 211 337 486 35 365 93 237 420 110 198 319 419 159 174 133 473 202 66 269 79 64 127 361 109 256 44 98 374 315 364 450 14 173 300 243 19 162 493 353 86 41 172 62 191 188 392 255 490 287 77 350 262 33 298 73 239 443 10 96 194 246 284 170 475 245 46 29 2 466 462 275 163 261 265 128 347 80 31 418 299 152 363 91 338 479 325 467 471 197 358 216 234 424 195 476 449 457 302 484 146 399 279 280 322 413 208 274 295 500 344 313 370 276 460 336 272 306 229 147 210 22 36 25 278 384 5 293 441 397 189 56 199 411 144 258 289 97 60 427 183 459 409 212 468 200 161 248 423 407 52 68 366 182 207 47 359 474 88 414 428 497 316 115 309 433 205 193 464 296 421 434 228 439 485 213 442 53 102 16 498 416 327 192 168 252 17 310 178 403 
Sun Apr 06 12:55:47 2014
times:7
solution is:31641.000000.       temperature is:999.990000
ans array:
252 175 377 76 270 346 58 432 81 259 349 383 103 129 385 268 42 386 73 167 140 40 356 106 321 330 410 134 177 219 117 447 231 314 26 17 145 38 141 254 118 119 9 60 355 168 337 273 354 367 436 334 12 483 266 149 155 84 45 226 455 426 37 164 391 202 180 28 472 495 54 69 474 49 335 305 247 387 303 133 122 408 187 244 352 83 214 478 463 374 74 452 318 111 156 271 267 401 291 251 400 343 239 113 302 384 388 329 326 209 308 204 480 112 30 323 369 72 253 382 3 290 67 417 499 126 75 249 173 218 364 277 322 138 285 108 465 23 151 230 263 439 223 143 16 33 437 99 201 27 487 398 351 120 317 445 453 18 127 301 61 146 320 380 456 65 142 394 94 47 203 162 165 446 178 438 362 222 440 227 275 331 25 431 390 89 242 130 348 494 373 211 458 15 460 50 224 311 44 258 406 430 93 124 19 24 295 56 255 441 429 136 114 132 207 154 248 11 184 100 304 419 297 14 245 392 466 378 332 70 492 375 490 110 389 196 105 393 197 381 32 451 166 48 469 8 208 361 159 29 232 280 86 454 243 236 220 470 169 92 158 62 240 261 157 95 238 150 66 116 425 123 225 90 279 183 376 357 307 296 221 79 179 473 148 21 153 435 333 462 228 139 82 359 422 288 444 87 298 85 91 171 217 363 325 264 411 482 341 206 198 147 210 360 371 284 170 315 347 185 128 428 424 176 189 353 486 104 491 115 1 191 46 269 35 345 493 64 96 484 6 498 396 10 366 319 98 43 51 262 324 358 479 41 229 212 7 59 233 372 481 135 276 339 368 131 399 213 121 144 13 395 402 286 195 55 188 282 379 78 316 241 34 292 77 415 200 137 464 235 312 68 412 125 327 306 39 109 338 488 475 71 22 294 421 152 199 309 496 467 450 163 459 237 336 31 471 2 257 205 365 420 20 63 216 194 313 80 274 457 260 215 443 53 404 433 256 477 281 174 278 405 186 328 52 489 190 413 414 397 289 299 497 181 172 342 283 448 344 461 409 182 4 300 36 407 427 250 442 293 350 107 272 88 287 192 340 370 102 418 476 500 485 234 423 5 468 449 161 193 403 434 160 97 57 246 416 265 101 310 
Sun Apr 06 12:56:52 2014
times:8
solution is:31529.000000.       temperature is:999.990000
ans array:
131 357 490 77 252 383 275 177 214 116 154 101 76 337 37 165 47 175 314 451 230 495 198 381 42 45 311 51 124 118 231 400 12 301 254 120 119 290 415 331 63 159 81 386 388 305 417 401 294 273 456 129 241 431 489 402 83 125 140 453 54 480 26 267 334 352 317 134 222 429 349 100 321 13 389 264 113 75 184 219 385 15 440 469 332 138 103 153 253 463 285 209 11 487 121 130 18 416 266 303 122 39 3 348 14 107 390 250 206 108 448 94 244 106 326 151 265 455 478 23 259 268 346 217 204 293 329 391 105 117 180 470 243 309 226 373 271 483 86 316 16 110 368 428 185 137 398 320 393 319 156 123 111 288 238 48 356 64 90 291 369 247 84 499 403 70 359 408 365 382 474 325 363 128 53 358 394 44 38 92 454 435 96 145 318 227 66 472 65 263 114 345 224 218 80 190 277 155 72 255 481 233 57 410 270 396 439 249 150 286 186 330 220 115 172 85 376 491 211 355 162 251 197 27 430 167 240 458 99 221 112 493 419 371 432 235 189 30 494 295 202 173 438 228 6 339 93 262 488 73 201 335 465 468 29 283 239 215 21 164 446 62 31 69 196 447 362 354 223 191 492 170 141 353 104 33 207 55 422 437 412 56 256 89 387 181 342 336 188 299 82 377 171 74 127 406 323 178 9 50 157 445 160 147 169 444 203 476 343 135 405 280 194 297 210 466 49 149 374 497 441 479 236 61 183 109 500 364 8 307 397 192 300 378 67 278 304 213 132 166 40 302 242 436 148 292 282 212 208 25 133 315 22 216 467 19 375 71 36 78 126 425 372 367 461 87 158 274 486 187 46 17 462 152 473 313 248 205 281 420 179 35 380 91 4 1 34 424 142 168 484 284 261 136 351 450 257 279 276 60 452 146 370 24 269 426 310 379 5 399 340 496 32 289 260 308 95 360 234 392 98 43 2 195 427 498 459 306 322 174 296 423 482 433 395 411 413 176 404 414 272 407 366 143 102 442 344 409 182 144 475 485 443 312 200 477 163 10 59 193 434 421 79 97 28 88 232 449 139 384 161 457 245 333 460 229 52 298 341 287 338 324 199 361 237 7 418 350 258 347 246 20 471 327 225 68 464 41 328 58 
Sun Apr 06 12:57:58 2014
times:9
solution is:31720.000000.       temperature is:999.990000
ans array:
357 138 477 252 154 54 372 483 231 38 140 220 45 268 219 190 76 125 492 177 348 214 263 208 381 209 89 369 432 472 277 273 383 349 106 129 270 99 11 269 44 380 37 499 167 227 188 96 155 121 323 150 494 141 112 386 319 134 113 158 49 111 376 211 408 401 371 326 122 431 244 374 83 453 366 81 262 259 226 26 100 335 242 120 12 93 71 247 73 70 217 207 124 410 456 271 8 356 116 107 101 294 27 329 311 264 447 470 224 80 436 317 355 173 285 388 416 126 239 236 151 346 23 398 156 238 3 417 345 57 334 361 321 137 389 94 117 103 446 474 305 460 42 297 32 394 230 164 75 437 440 180 343 33 40 478 162 191 183 491 39 225 404 254 415 187 19 24 119 221 377 65 462 41 28 406 118 354 66 168 290 249 251 215 196 309 148 303 266 384 50 358 301 47 202 6 367 448 291 184 471 375 314 260 218 64 399 186 261 339 421 212 288 108 324 362 308 18 21 385 139 185 342 34 95 17 363 466 176 267 429 382 63 325 430 352 495 178 422 55 175 210 331 318 46 426 22 390 20 104 48 153 395 170 420 157 445 332 128 61 351 248 428 353 455 84 500 486 488 72 165 169 469 194 136 450 282 312 338 378 441 67 15 69 235 484 400 304 16 298 233 241 402 132 286 198 105 310 131 275 200 465 114 279 2 454 464 341 327 490 405 360 443 284 145 123 146 35 56 110 451 328 234 255 419 280 82 418 387 452 391 223 458 143 253 78 306 330 479 373 222 487 43 439 149 459 480 300 91 62 320 13 204 350 292 365 85 171 243 193 179 444 86 5 92 97 197 88 411 135 265 489 278 195 337 181 79 201 493 379 59 463 159 30 4 14 299 287 368 336 449 166 9 333 413 396 245 438 240 7 133 407 302 205 295 435 115 257 51 206 250 127 160 307 29 10 281 498 203 109 316 359 213 1 229 77 228 87 442 192 409 142 424 461 172 473 412 457 364 481 130 25 31 296 322 102 98 397 370 152 216 147 434 258 392 423 52 256 475 344 425 340 237 232 199 272 163 433 53 68 313 414 347 174 476 90 189 293 144 36 246 283 485 427 403 496 482 467 497 182 60 289 468 58 274 276 393 161 315 74 
Sun Apr 06 12:59:04 2014
The average run time for the algorithm is : 65.767700
The average solution for the algorithm is : 31711.200000
The maxx solution for the algorithm is : 31939.000000
The minn solution for the algorithm is : 31529.000000
