period=100.000000
Sun Apr 06 15:32:09 2014

N=500 M=20
times:0
solution is:31798.000000.       temperature is:999.990000
ans array:
408 253 160 274 495 259 134 321 227 291 76 231 335 81 483 39 226 361 453 12 445 491 266 207 214 244 290 148 196 376 436 357 472 69 65 11 355 99 254 494 308 371 55 83 118 273 319 80 478 219 456 417 270 140 286 209 240 73 430 446 264 356 45 142 349 3 122 23 100 263 156 448 334 43 412 112 332 106 72 294 451 33 463 30 101 188 64 500 54 177 385 129 431 267 16 154 103 255 454 42 381 150 13 49 252 305 310 204 28 394 104 164 455 301 151 8 311 48 38 121 260 348 158 400 470 40 25 386 367 62 326 346 378 329 71 375 94 297 57 437 379 18 391 330 354 444 373 175 153 113 165 26 292 27 173 37 74 452 241 369 435 187 20 432 404 111 343 440 198 380 285 487 490 75 323 117 50 320 368 107 92 85 233 208 124 353 195 218 221 415 14 390 19 358 314 63 17 93 268 215 206 180 429 393 61 224 191 345 138 288 46 480 302 70 167 382 120 225 496 155 41 90 428 79 424 10 202 307 388 486 443 105 271 262 447 484 401 239 67 210 242 110 479 238 416 127 132 211 178 418 87 157 489 359 236 318 168 363 217 465 499 300 31 251 249 15 184 377 289 24 265 220 22 275 395 322 179 406 222 250 439 459 172 141 230 125 325 389 2 281 162 51 471 174 392 44 56 316 247 425 304 434 351 283 130 170 147 145 9 212 272 438 426 6 372 229 21 139 149 280 277 331 419 183 493 327 116 352 461 185 82 32 36 84 422 47 166 96 95 89 282 411 235 481 223 370 161 35 181 269 477 169 317 299 159 324 137 409 328 123 441 338 216 128 387 298 146 336 333 464 133 469 337 200 498 203 278 468 342 374 171 66 460 186 410 248 362 1 7 114 163 193 136 405 293 433 234 384 462 243 245 315 442 284 197 77 52 53 287 365 108 366 135 119 126 257 29 364 347 176 313 340 194 152 488 420 276 201 213 192 473 4 261 205 492 78 143 309 97 497 397 98 279 199 115 109 295 350 237 68 396 450 449 228 312 485 58 232 88 182 306 5 296 34 246 102 59 482 91 421 398 190 467 413 414 399 60 427 423 475 258 144 457 189 466 86 407 360 403 474 458 344 303 402 383 341 256 339 131 476 
Sun Apr 06 15:33:51 2014
times:1
solution is:31781.000000.       temperature is:999.990000
ans array:
282 357 227 445 129 400 346 219 20 383 381 285 76 290 118 270 38 110 481 106 67 138 465 415 225 369 185 436 140 496 141 437 214 376 368 478 164 335 355 326 148 192 51 26 266 12 94 286 432 231 302 321 317 334 305 155 297 218 447 311 120 175 134 495 122 105 453 157 446 100 73 244 483 62 16 380 57 180 54 472 81 385 13 406 177 187 37 89 448 469 123 480 24 42 268 372 301 55 425 111 173 349 99 252 263 497 356 354 412 250 84 273 320 83 308 277 398 75 494 107 71 401 382 226 65 269 323 262 235 291 294 386 178 288 70 462 431 160 417 255 159 93 3 169 375 312 17 82 314 332 434 390 470 209 74 184 224 463 61 95 440 492 181 45 27 233 319 119 378 416 40 18 186 253 499 154 443 96 196 33 124 444 377 351 116 4 329 112 353 49 150 366 239 330 247 188 109 50 197 281 331 121 11 490 167 419 466 195 149 104 264 461 66 28 240 193 361 223 64 103 474 137 450 299 439 222 341 63 429 221 153 165 48 397 174 217 166 162 207 128 183 39 487 171 404 352 158 136 31 363 426 30 473 261 87 80 394 488 307 202 402 271 211 391 22 208 379 303 241 328 296 53 101 133 203 422 456 190 489 132 395 21 455 491 287 114 339 210 367 430 254 295 389 396 191 318 113 56 309 238 10 14 267 322 260 459 486 435 403 345 126 342 362 194 441 131 243 23 337 143 8 410 344 327 204 34 215 289 117 69 315 91 228 147 336 236 471 79 168 265 373 257 151 452 198 310 230 333 438 19 189 92 251 393 97 206 454 216 2 43 279 451 156 7 479 170 220 360 44 15 5 387 458 304 371 32 374 90 292 484 284 41 25 413 102 358 242 467 482 343 47 199 135 464 338 500 98 414 300 388 86 298 325 163 115 9 172 477 232 409 213 35 313 152 424 449 278 249 59 248 6 384 205 392 77 411 108 125 423 350 276 176 468 36 29 127 485 78 139 370 85 340 146 418 60 46 1 460 200 145 58 274 316 365 364 161 234 229 359 428 493 421 407 348 52 182 475 130 272 347 68 306 420 237 427 433 399 280 258 212 88 442 498 245 283 457 293 324 275 201 72 246 144 408 259 142 405 476 179 256 
Sun Apr 06 15:35:32 2014
times:2
solution is:31580.000000.       temperature is:999.990000
ans array:
490 357 386 156 321 103 445 23 297 76 158 381 346 227 13 273 154 165 330 38 270 26 138 404 332 81 288 231 369 483 134 349 40 99 400 308 177 111 204 426 355 380 209 494 244 398 107 448 478 440 57 28 72 45 452 133 382 453 164 157 334 42 320 374 417 18 254 12 430 105 259 184 326 383 480 317 348 376 312 129 69 385 447 116 444 175 436 21 335 49 499 219 305 86 343 451 66 319 123 112 239 160 100 492 241 101 94 368 119 51 230 207 124 106 290 373 155 170 469 233 345 80 3 78 110 140 25 466 221 263 408 477 314 173 16 238 225 302 11 285 74 92 73 303 108 277 20 271 489 190 437 89 495 446 462 255 214 217 460 472 456 181 375 64 268 401 429 283 264 323 136 361 109 455 178 151 291 251 342 118 441 70 95 240 75 432 117 286 150 459 388 9 167 183 32 196 83 6 410 294 44 218 179 141 37 120 415 450 148 226 63 322 187 311 224 17 242 162 458 487 153 439 113 292 8 61 236 371 267 329 339 249 130 396 247 377 354 367 363 30 220 195 48 84 318 356 411 304 202 65 198 197 406 210 307 366 93 353 55 337 497 169 481 496 180 362 310 422 301 7 491 425 131 46 428 272 266 114 253 269 412 39 399 476 203 391 470 394 300 125 403 14 461 454 91 166 325 215 54 274 222 223 473 142 191 79 359 98 405 208 424 379 115 419 85 352 121 211 431 474 82 24 443 34 395 389 176 449 201 465 341 418 265 62 365 390 145 206 421 15 360 282 31 213 309 87 258 378 350 250 185 351 392 393 1 416 358 33 336 137 331 147 71 50 333 287 370 438 234 315 53 59 257 212 35 96 232 299 284 188 143 146 463 276 486 364 435 47 77 464 260 387 186 414 235 43 324 172 67 22 139 434 41 90 493 262 245 261 163 289 295 2 152 488 161 344 194 347 275 384 281 132 228 60 482 293 104 246 479 4 409 485 192 279 182 56 88 68 29 316 159 402 397 338 229 471 457 171 484 243 248 423 256 205 36 413 280 200 296 306 19 135 327 149 102 128 52 199 189 10 498 127 298 144 407 427 442 313 237 216 500 467 340 193 433 468 278 174 475 328 168 122 126 5 97 252 372 58 420 27 
Sun Apr 06 15:37:44 2014
times:3
solution is:31449.000000.       temperature is:999.990000
ans array:
175 67 357 254 183 394 291 320 231 70 285 45 400 23 301 330 83 263 26 38 141 426 151 154 13 24 105 203 380 332 169 377 66 483 390 61 218 81 277 329 383 470 269 225 305 64 116 346 386 209 458 455 393 321 335 268 385 84 264 419 219 221 112 126 460 73 44 273 214 494 120 440 177 453 404 462 355 244 136 99 255 352 157 37 54 11 270 417 42 353 32 334 230 140 173 492 12 474 303 259 288 499 196 271 89 311 167 314 290 326 297 241 113 134 436 207 432 359 153 447 100 437 369 429 28 122 266 162 96 111 480 349 250 114 117 18 80 472 20 129 60 187 40 318 103 415 308 227 495 75 222 93 478 256 110 25 406 82 345 155 201 217 376 260 8 463 226 3 351 130 119 208 164 431 137 72 367 69 39 251 484 323 17 408 307 287 302 48 487 94 235 279 59 373 21 204 401 138 451 479 294 282 180 14 368 343 63 339 171 144 165 239 135 337 224 446 101 471 389 51 125 107 388 381 121 202 391 392 324 124 166 86 293 170 109 178 469 55 396 358 106 184 356 450 372 9 27 310 384 448 49 43 441 198 317 199 328 444 491 160 465 47 176 403 362 371 378 331 283 19 150 6 188 490 489 34 185 78 398 482 240 366 253 348 220 149 132 286 438 238 454 379 128 430 319 108 168 306 410 76 249 236 420 412 265 92 186 300 456 148 142 158 145 215 338 191 123 118 91 333 452 156 374 405 7 325 159 97 257 242 365 418 292 267 354 15 52 342 443 284 133 90 262 336 223 31 341 46 87 467 363 29 50 327 206 347 497 289 399 402 261 361 481 22 387 488 95 139 428 16 445 104 316 500 85 10 274 115 477 229 74 179 281 397 56 205 304 425 4 194 407 313 163 181 322 422 36 486 449 147 246 442 299 435 252 473 33 172 41 439 382 189 295 427 364 375 421 493 98 2 344 234 370 350 212 485 461 213 459 247 195 232 68 143 211 309 228 275 457 243 102 200 146 5 340 464 413 77 216 197 423 152 280 35 237 1 248 193 315 434 296 71 190 245 416 258 88 433 395 182 409 498 312 424 411 276 298 127 57 475 468 30 496 360 272 174 79 414 278 233 476 210 466 62 161 65 53 192 131 58 
Sun Apr 06 15:39:56 2014
times:4
solution is:31472.000000.       temperature is:999.990000
ans array:
445 252 357 254 99 38 209 177 231 42 76 377 270 311 447 141 383 291 69 386 175 285 437 129 165 111 81 356 349 158 26 219 381 330 483 304 288 93 305 167 54 401 495 155 348 390 268 343 140 17 352 203 406 40 290 266 233 271 118 225 112 337 472 415 487 303 314 394 329 297 400 164 12 259 346 151 37 113 388 317 332 244 432 83 45 120 385 154 491 18 184 48 221 480 478 23 8 49 499 355 376 117 326 451 162 96 103 82 121 204 32 33 138 466 124 59 269 395 84 393 75 43 13 263 292 202 80 436 101 241 24 100 74 494 240 369 235 61 105 21 354 199 187 148 321 294 492 308 372 469 417 265 218 320 201 312 122 16 3 422 408 334 185 180 57 220 183 382 431 230 446 339 94 171 247 214 208 301 125 324 435 426 448 416 440 28 55 380 50 453 456 159 452 391 242 262 134 463 11 464 217 256 92 39 196 410 323 255 107 375 398 211 239 34 51 153 157 106 146 215 132 70 147 27 119 6 470 89 131 109 474 341 283 459 396 20 367 197 229 316 309 73 455 114 65 66 95 25 245 210 313 484 365 9 173 86 249 430 116 166 71 237 150 342 238 206 4 450 172 108 328 479 36 123 29 368 497 331 319 110 128 358 198 142 156 207 409 460 287 318 47 374 300 353 362 264 170 53 444 490 429 350 489 178 63 419 87 250 465 302 212 193 143 481 336 62 35 251 267 163 90 496 378 412 425 411 222 79 30 467 260 424 279 428 345 145 136 133 359 361 298 126 322 223 169 493 41 179 1 88 442 72 176 434 485 389 226 327 441 188 473 78 438 488 371 224 296 281 104 379 363 286 439 325 253 333 14 205 236 31 189 46 335 273 137 194 418 257 191 228 307 232 85 186 454 477 458 420 190 462 52 15 404 272 373 19 471 486 174 115 77 366 338 427 248 293 161 414 5 277 97 181 289 130 200 64 405 351 2 402 68 67 243 370 7 149 399 299 195 22 315 213 192 275 384 56 139 295 407 152 392 234 102 160 261 387 413 364 449 306 461 421 282 135 168 91 443 344 127 468 98 258 340 423 10 482 403 284 476 475 433 278 182 60 397 276 500 44 246 347 216 310 360 280 498 144 457 227 58 274 
Sun Apr 06 15:41:37 2014
times:5
solution is:31699.000000.       temperature is:999.990000
ans array:
357 138 346 20 417 227 437 38 285 18 141 177 129 387 94 381 273 175 294 383 24 290 400 67 233 81 329 42 65 111 496 332 377 432 259 499 426 140 385 167 494 76 155 492 236 201 406 291 118 148 225 45 386 219 154 300 61 231 125 305 106 270 303 13 487 110 254 23 26 186 30 394 266 481 157 11 314 311 56 337 153 6 374 355 436 398 133 472 402 99 113 334 105 271 263 382 451 12 21 478 470 401 367 89 491 120 495 122 59 343 202 461 54 107 453 408 3 342 108 40 240 183 317 368 124 330 112 150 335 352 209 349 109 369 415 145 288 471 445 151 267 388 428 101 226 207 375 446 396 17 48 297 37 84 208 384 419 483 87 348 356 63 449 482 170 447 83 57 245 252 119 218 455 320 389 16 142 116 43 321 371 204 268 391 117 376 416 221 189 474 390 326 301 165 123 444 281 418 162 440 238 187 277 100 214 206 78 181 121 136 341 15 96 372 134 164 188 241 393 184 429 143 73 82 196 173 450 465 243 255 55 265 222 132 180 253 211 298 19 215 244 304 247 217 239 80 212 430 353 4 220 160 464 264 235 439 75 32 319 412 286 460 70 333 477 380 251 25 51 1 115 364 404 114 480 261 163 351 363 130 137 36 339 203 410 50 292 103 46 126 47 131 104 28 176 191 185 85 327 373 448 146 325 95 62 331 365 88 469 31 58 71 454 307 197 60 86 462 14 8 489 463 171 438 29 158 358 64 452 497 198 49 27 275 90 35 262 147 441 156 257 53 22 210 44 230 498 434 169 279 66 466 77 313 249 283 420 457 269 276 182 354 98 423 166 456 431 345 316 39 9 149 242 93 33 223 318 392 280 2 458 74 435 287 315 427 284 69 190 168 500 232 442 260 473 194 476 395 7 299 370 79 421 479 295 34 397 256 278 293 289 92 179 308 443 405 258 128 224 488 144 366 344 246 323 199 409 422 347 192 338 159 248 414 228 324 213 178 139 5 302 378 309 424 340 379 411 68 127 195 306 161 174 250 10 310 322 484 359 459 91 486 216 102 413 97 361 200 475 229 399 205 360 272 336 237 152 296 135 468 493 433 172 485 350 193 282 72 490 467 407 52 274 312 403 328 425 234 41 362 
Sun Apr 06 15:43:19 2014
times:6
solution is:31516.000000.       temperature is:999.990000
ans array:
357 445 177 346 227 383 219 386 175 154 332 349 270 81 285 348 67 231 38 140 334 355 166 83 314 155 116 117 291 335 309 491 214 273 406 337 426 151 28 159 352 209 369 112 381 184 462 137 63 75 239 478 252 472 377 343 305 165 266 138 225 61 238 33 164 375 20 436 328 54 263 40 483 23 401 487 474 119 432 376 400 303 3 244 220 368 183 45 341 356 107 417 494 141 437 329 26 118 162 500 385 124 157 259 18 17 129 153 24 70 212 290 422 492 362 158 394 308 301 323 499 382 202 489 226 311 240 374 480 218 37 447 319 415 12 410 169 186 470 179 134 30 148 221 463 156 241 180 111 255 64 200 150 86 416 176 389 254 185 66 269 397 197 105 249 89 168 490 294 149 440 204 320 123 496 268 430 196 100 108 456 224 25 493 94 50 297 366 11 326 84 281 247 380 393 173 48 192 187 288 42 65 304 69 438 245 455 466 143 136 448 92 454 398 49 109 265 452 264 471 310 370 233 248 21 431 251 93 429 132 120 115 371 412 282 286 497 170 469 235 390 222 262 195 353 358 336 302 317 122 96 360 13 453 29 55 27 198 145 367 207 95 5 127 384 80 72 441 110 147 35 106 246 428 435 16 121 477 236 32 486 342 99 125 404 98 57 361 8 460 458 163 378 230 271 495 103 331 34 402 318 347 90 316 73 104 365 101 19 142 293 82 242 43 6 130 427 373 178 243 351 405 199 60 167 391 47 450 354 411 253 14 461 446 345 44 203 113 139 420 408 443 228 77 476 363 250 216 276 325 451 257 74 444 76 201 339 482 324 10 91 41 399 87 465 289 395 267 479 330 274 85 51 413 292 206 261 275 333 160 284 171 344 409 189 300 114 425 52 403 152 419 379 39 56 210 79 7 223 97 392 439 484 172 217 62 321 215 9 181 421 68 279 53 174 31 307 234 133 287 188 278 229 322 211 388 464 299 359 128 59 146 208 161 232 1 433 387 193 295 488 15 423 280 473 306 194 260 256 475 424 237 481 213 407 58 71 313 4 135 340 350 459 296 457 272 191 78 298 338 449 144 22 498 205 46 414 315 2 442 396 36 283 467 418 312 126 468 485 88 182 434 327 102 277 364 190 372 258 131 
Sun Apr 06 15:44:59 2014
times:7
solution is:31578.000000.       temperature is:999.990000
ans array:
274 45 252 357 495 38 227 259 381 432 16 290 26 155 12 437 369 270 417 285 386 103 218 291 70 483 219 156 263 382 164 119 334 231 175 244 383 184 111 92 446 151 69 159 393 54 326 122 400 233 129 23 141 99 134 390 431 448 266 447 354 112 385 140 335 329 187 154 330 100 323 376 463 456 83 286 316 196 440 107 40 314 11 27 470 42 37 214 173 332 138 180 49 478 61 297 44 349 249 477 220 404 303 461 494 401 75 126 499 172 87 265 487 455 66 469 65 21 410 179 491 251 236 305 268 311 301 353 436 168 444 241 380 377 137 117 209 81 221 273 177 90 348 106 453 352 210 110 123 225 255 472 20 342 63 408 185 375 318 368 94 489 267 32 15 157 415 198 178 371 150 165 217 321 481 120 118 162 412 239 271 132 50 76 319 337 315 474 391 320 292 101 288 48 93 96 64 145 82 346 430 121 204 402 153 331 253 312 476 454 262 389 496 190 34 488 197 308 73 283 254 310 242 203 422 373 293 28 158 25 17 188 3 72 181 186 294 136 307 7 191 466 47 464 279 405 89 86 406 441 356 451 113 207 98 439 43 396 6 304 230 201 202 363 169 480 419 55 84 355 167 240 500 71 345 148 256 328 206 465 362 33 14 183 39 387 147 170 128 364 378 374 450 166 200 490 388 223 260 56 57 247 429 104 74 350 142 298 243 208 339 235 13 317 171 327 459 351 397 300 281 124 457 228 85 116 460 222 36 130 62 302 67 343 394 95 264 392 372 215 361 22 384 176 367 359 269 341 276 97 324 416 127 458 395 80 195 35 282 224 10 299 226 379 258 18 275 108 313 486 163 471 245 435 212 340 109 257 59 289 462 105 194 358 411 498 338 336 492 425 443 413 143 280 46 213 366 277 211 284 295 4 205 31 473 322 306 152 428 78 174 420 493 442 149 409 438 199 237 309 51 370 452 2 479 482 29 360 325 30 449 484 497 9 144 19 234 1 41 421 53 250 161 399 135 125 146 91 229 133 287 434 216 77 139 246 272 423 475 418 296 261 467 79 485 114 414 232 427 333 60 365 278 5 433 88 193 407 115 58 347 68 102 182 192 248 403 189 238 468 398 344 24 426 8 160 424 52 131 445 
Sun Apr 06 15:47:11 2014
times:8
solution is:31670.000000.       temperature is:999.990000
ans array:
252 357 20 285 227 216 381 214 231 369 291 330 83 226 218 463 23 492 16 311 117 356 76 26 209 138 230 430 499 259 383 113 124 129 270 371 290 42 99 380 480 301 376 436 267 180 105 120 349 429 81 118 142 107 50 125 331 412 164 303 386 406 483 372 487 21 140 39 494 8 367 377 239 348 263 453 154 221 165 175 314 114 432 57 201 384 38 262 89 40 169 45 426 54 55 362 131 122 67 111 393 271 335 417 334 28 44 222 162 184 206 264 456 177 469 355 64 251 447 398 159 415 82 240 103 235 459 153 318 385 119 337 329 352 37 188 158 288 332 30 294 269 244 123 134 374 155 437 394 346 375 304 75 211 273 470 408 446 148 204 24 373 92 202 250 458 305 326 11 166 361 43 150 56 462 225 94 87 116 156 74 136 241 401 400 70 141 319 49 388 422 183 65 9 47 106 255 86 96 242 143 268 186 25 440 298 478 472 110 390 167 12 173 368 187 278 315 203 73 109 324 358 3 431 359 90 281 59 452 215 342 217 91 403 467 238 354 316 157 236 151 27 323 286 63 287 48 299 266 198 78 327 460 176 289 62 100 395 325 428 321 353 474 339 396 197 448 308 170 101 196 160 365 185 293 416 444 307 191 224 322 128 491 208 130 366 219 207 112 18 379 220 161 66 484 411 391 495 34 320 465 139 438 254 168 69 455 33 451 445 228 336 360 419 13 181 19 328 17 108 61 104 284 137 497 300 115 382 363 351 496 171 6 14 378 178 341 486 405 29 60 31 233 424 265 210 258 439 410 404 479 179 481 7 243 493 450 295 261 260 223 194 464 32 345 212 364 190 152 473 476 292 441 132 500 490 443 172 126 163 387 145 402 282 127 279 302 418 193 414 146 72 454 317 15 407 435 245 471 213 409 58 234 370 1 71 195 350 389 237 338 423 121 144 98 205 248 147 277 149 392 189 52 275 79 272 482 77 253 36 276 344 347 22 5 313 85 135 232 133 200 93 488 280 413 312 425 461 247 35 229 10 84 102 340 257 68 466 306 95 489 249 51 4 2 88 97 46 397 246 434 421 457 274 310 182 498 199 449 420 256 475 174 192 468 485 283 296 309 53 399 442 427 343 80 433 297 41 477 333 
Sun Apr 06 15:48:52 2014
times:9
solution is:31529.000000.       temperature is:999.990000
ans array:
47 227 391 264 348 12 349 415 42 355 73 478 311 76 445 231 180 335 38 244 16 494 373 99 83 122 158 447 263 23 290 140 490 288 273 26 334 177 463 499 436 259 381 15 157 431 198 218 72 219 45 451 404 323 204 156 32 372 178 126 81 416 209 239 383 94 253 369 129 202 175 103 225 454 401 196 118 307 240 495 417 474 352 154 164 285 134 432 155 169 111 339 80 390 294 491 354 170 386 301 165 359 411 208 162 247 377 429 220 271 65 305 28 184 329 238 14 138 314 114 167 84 153 147 428 27 492 378 24 318 337 400 270 44 265 303 236 472 268 456 308 408 106 480 57 438 440 465 483 298 266 419 332 43 62 255 187 346 254 39 37 249 500 54 101 455 49 6 64 444 93 20 69 410 40 151 437 8 430 487 317 123 398 95 92 312 30 291 376 149 402 389 304 242 406 166 326 141 146 405 119 207 70 297 186 117 55 89 361 319 469 357 230 453 295 371 363 142 87 275 235 113 460 121 217 470 214 116 385 343 281 375 125 9 269 356 420 75 330 277 345 223 4 320 77 206 185 120 286 71 226 293 3 131 257 112 267 90 159 132 388 53 394 251 412 82 86 382 1 341 461 325 18 33 351 241 380 347 368 201 262 35 163 292 66 250 279 425 183 110 233 448 50 107 210 327 48 321 358 78 446 458 5 434 148 130 370 342 479 315 477 313 115 179 150 422 188 168 331 29 379 17 203 181 418 189 128 374 489 232 284 51 100 176 353 222 274 104 46 299 392 243 108 439 248 421 205 473 441 109 482 221 328 260 63 384 364 464 105 34 476 350 2 143 442 333 190 197 212 367 396 135 338 443 194 171 261 450 67 414 256 172 309 174 466 31 229 96 245 340 459 25 191 395 486 211 224 97 252 136 216 287 452 360 246 435 79 200 234 173 145 278 41 137 300 387 397 144 10 19 310 124 133 449 192 60 22 493 272 496 409 306 161 481 413 365 61 258 237 457 193 322 399 302 21 296 283 7 344 91 228 497 52 195 276 139 336 316 427 56 362 403 467 36 68 423 213 366 88 485 488 58 484 152 160 462 215 182 289 468 498 85 324 102 98 471 424 475 433 393 407 127 74 199 426 11 280 59 282 13 
Sun Apr 06 15:51:04 2014
The average run time for the algorithm is : 113.474100
The average solution for the algorithm is : 31607.200000
The maxx solution for the algorithm is : 31798.000000
The minn solution for the algorithm is : 31449.000000
