period=50.000000
Sun Apr 06 12:59:04 2014

N=500 M=20
times:0
solution is:32075.000000.       temperature is:999.990000
ans array:
444 324 140 72 151 162 114 177 407 32 457 225 413 326 460 41 368 472 106 456 61 85 373 439 271 461 267 34 404 27 212 44 338 424 81 127 370 392 455 496 377 130 493 481 59 498 462 221 365 215 499 39 26 414 448 174 11 180 222 2 57 378 101 400 231 409 274 166 9 475 304 305 291 442 367 463 454 71 294 466 42 167 120 70 146 276 119 38 186 394 247 320 332 204 415 478 251 108 64 433 334 322 273 348 205 435 395 421 153 430 194 129 307 359 235 128 63 136 418 330 485 479 257 126 58 321 309 445 420 476 109 295 89 95 50 446 488 290 471 207 459 139 483 145 486 97 211 209 261 117 132 134 201 237 45 434 355 369 333 386 163 297 152 183 500 169 329 185 52 303 230 228 144 292 164 123 206 75 74 353 431 391 362 281 256 68 55 298 363 158 480 1 258 33 403 197 346 213 243 465 104 112 47 296 88 122 482 12 371 436 79 18 202 406 316 347 248 157 91 263 419 171 133 17 239 234 443 232 262 249 327 218 51 24 495 107 380 110 208 159 312 349 372 428 468 76 416 199 92 23 361 121 484 270 226 319 337 84 244 383 142 242 19 16 99 491 65 364 116 161 178 385 193 56 384 432 260 447 141 277 381 192 246 302 125 467 293 278 4 170 477 240 374 469 389 173 441 268 96 53 150 236 73 289 352 66 354 490 190 7 438 49 238 214 179 187 497 286 31 487 220 358 94 60 398 411 408 283 279 67 138 137 229 410 135 340 317 200 203 216 264 254 388 154 90 22 452 376 331 325 191 284 269 343 288 318 301 255 176 382 350 5 379 227 62 313 259 449 265 275 149 396 14 131 115 25 217 342 360 356 10 219 54 451 241 30 87 105 181 172 188 314 28 40 82 168 195 417 310 46 15 308 155 86 458 3 412 345 335 357 98 156 272 280 35 470 233 69 323 440 425 160 401 287 341 339 245 103 387 189 393 489 399 453 492 405 175 474 48 37 182 253 21 6 450 124 429 311 300 426 165 437 196 315 328 223 464 36 111 266 13 100 184 402 250 494 78 282 299 29 43 148 344 390 102 147 20 143 423 224 252 113 285 366 473 306 422 77 80 351 397 336 8 83 210 93 375 427 118 198 
Sun Apr 06 13:00:12 2014
times:1
solution is:32069.000000.       temperature is:999.990000
ans array:
396 64 49 194 242 326 457 2 177 277 393 296 163 385 119 395 331 472 486 363 185 263 355 180 456 445 278 433 343 211 454 256 361 201 110 115 275 215 428 34 84 128 70 313 38 408 421 364 411 204 212 95 350 141 305 98 3 381 162 460 132 153 489 58 60 173 466 270 448 219 458 403 481 434 220 488 348 314 69 497 249 461 32 260 121 196 290 329 71 24 377 157 312 170 254 415 496 400 257 126 47 72 4 320 432 114 451 484 407 101 77 158 370 17 140 409 383 337 104 108 300 203 244 5 475 369 322 241 321 274 490 151 209 208 455 174 117 251 142 243 122 386 427 76 131 222 362 39 120 223 435 374 469 33 9 8 264 134 167 155 474 1 75 267 202 197 430 372 45 295 172 166 190 11 205 366 273 66 365 193 371 335 218 347 479 368 389 96 483 237 187 382 420 495 188 345 358 97 93 26 225 207 178 373 463 485 378 297 294 125 465 145 229 137 462 307 284 279 340 130 338 171 100 281 478 169 491 500 360 16 42 471 341 413 269 63 248 262 359 147 301 12 388 426 53 44 231 136 449 88 90 402 292 330 349 106 453 298 149 164 498 412 404 317 327 81 319 150 192 444 186 176 487 447 442 85 62 65 160 391 247 139 55 233 399 367 10 261 291 332 54 68 309 418 476 191 328 181 195 127 439 334 416 36 280 59 414 499 438 311 216 268 384 56 336 289 424 46 31 109 271 103 107 468 467 443 226 353 18 259 232 156 239 94 82 7 159 394 51 288 15 477 182 89 113 213 118 73 304 245 161 19 318 230 235 325 74 255 41 344 133 392 302 253 112 61 390 333 310 346 286 398 429 464 431 287 293 303 376 282 246 417 252 179 40 189 183 28 482 206 324 152 437 422 146 258 210 227 91 165 30 470 419 129 459 342 27 37 221 494 184 283 22 111 14 236 23 401 272 124 492 92 473 154 387 306 48 99 405 29 168 446 354 67 105 102 352 316 123 234 356 238 380 406 78 351 440 79 450 57 35 200 315 86 13 441 25 240 20 199 265 410 217 228 83 21 80 323 143 425 148 379 144 339 357 480 423 436 43 224 397 135 138 87 493 299 214 50 266 375 175 198 276 308 285 452 6 250 116 52 
Sun Apr 06 13:01:21 2014
times:2
solution is:32188.000000.       temperature is:999.990000
ans array:
444 475 2 312 277 433 142 24 218 41 409 12 290 367 395 15 140 204 53 396 371 104 95 121 132 188 404 406 162 194 345 298 259 85 161 400 455 258 435 333 254 229 293 177 209 324 152 42 44 151 120 141 180 265 60 244 274 65 462 430 128 16 304 17 362 466 237 385 27 185 414 164 278 271 126 457 206 127 456 59 485 145 76 26 363 208 445 275 338 331 163 286 393 230 167 488 378 203 62 88 69 5 496 225 461 487 114 471 307 281 129 256 57 493 373 242 403 448 434 321 309 388 264 348 297 49 347 70 72 251 334 80 438 219 47 243 420 428 359 112 280 248 79 407 337 364 166 64 212 136 147 150 213 370 92 384 262 173 301 55 7 292 451 495 315 157 474 103 313 452 500 469 117 443 1 245 361 287 476 314 383 477 78 386 18 66 365 294 449 399 46 32 405 63 98 360 190 29 419 193 220 97 296 50 352 9 3 215 52 181 319 300 401 133 236 153 472 241 134 369 332 499 326 174 160 96 380 263 130 454 355 196 446 158 107 353 169 115 283 200 192 439 11 479 211 494 329 491 322 486 257 460 159 465 464 197 249 392 272 381 109 34 440 235 412 28 223 427 137 437 89 10 308 473 54 33 108 170 101 238 498 81 35 183 99 303 199 481 483 56 39 172 270 202 453 425 284 253 441 424 398 234 408 366 168 311 429 231 416 139 421 71 379 4 226 436 450 343 289 191 341 187 165 368 431 93 391 490 8 207 295 110 282 23 77 279 418 179 402 58 38 86 100 240 415 377 382 36 394 389 82 463 497 372 276 344 320 106 156 201 323 468 470 21 447 155 43 214 246 387 90 484 198 84 413 492 205 224 310 316 131 260 74 123 124 184 458 31 118 216 25 176 390 221 45 330 376 336 489 459 22 149 178 269 467 116 268 423 228 13 357 239 19 227 432 48 113 144 154 148 102 442 349 189 417 426 146 182 91 318 105 30 325 342 217 480 20 195 138 482 422 14 6 37 285 143 67 175 87 397 255 288 375 68 83 73 351 317 61 250 302 410 135 291 266 306 111 374 233 478 358 210 261 411 356 346 354 247 328 40 299 51 305 232 252 222 75 327 335 119 125 340 171 122 273 350 339 94 267 186 
Sun Apr 06 13:02:29 2014
times:3
solution is:32134.000000.       temperature is:999.990000
ans array:
4 351 438 254 365 251 2 465 396 50 24 132 400 418 171 198 303 202 293 259 457 462 469 481 104 267 157 158 69 472 209 428 12 496 213 162 409 174 11 435 445 377 430 39 261 220 270 312 96 299 337 442 204 463 296 363 448 278 326 488 137 70 71 499 350 286 486 455 62 248 443 334 136 281 41 114 275 385 116 53 420 206 383 128 75 369 164 381 18 181 166 185 34 483 392 295 163 141 304 32 331 232 431 223 274 370 348 88 201 130 421 239 290 474 237 466 360 106 211 485 433 59 368 215 242 439 447 172 364 340 386 478 324 219 344 328 367 230 8 247 119 36 42 490 292 371 68 169 408 231 26 82 207 229 355 378 338 284 262 395 407 72 140 109 173 208 460 429 17 404 65 66 95 85 110 477 112 373 258 97 126 167 90 308 264 291 234 63 203 444 145 382 3 235 321 461 307 52 19 54 188 359 120 353 379 256 107 44 23 98 64 434 302 300 347 186 121 361 362 412 487 314 7 313 216 76 322 257 456 305 440 388 330 398 401 450 436 335 57 1 298 283 60 212 153 263 416 210 51 406 49 170 243 115 414 139 387 168 222 249 161 415 311 226 233 187 272 318 56 316 31 193 133 131 319 475 339 77 484 403 260 343 413 317 269 422 245 471 419 179 177 341 134 176 294 225 253 33 190 427 494 476 142 479 10 358 61 45 73 384 289 432 327 495 16 241 451 147 333 183 489 244 498 47 197 160 150 194 470 282 268 155 217 101 37 280 14 151 125 93 329 366 84 80 372 122 146 391 27 196 6 74 127 46 394 35 354 336 452 315 437 29 152 221 89 332 309 67 218 449 459 103 273 250 492 214 123 424 99 482 402 78 320 105 287 92 189 374 192 467 117 266 446 138 301 500 453 129 352 165 149 356 345 349 195 464 255 238 417 310 346 9 240 178 357 13 43 491 156 380 390 191 325 200 376 20 271 497 306 100 246 86 30 81 405 94 91 108 297 265 252 410 441 113 411 175 236 21 399 22 227 28 58 342 182 493 277 425 83 480 118 55 397 423 389 285 144 426 148 143 40 228 279 468 135 79 25 224 184 124 159 15 288 323 5 48 199 87 458 111 276 205 154 38 102 180 393 473 375 454 
Sun Apr 06 13:03:37 2014
times:4
solution is:32088.000000.       temperature is:999.990000
ans array:
4 396 2 469 140 407 42 96 400 438 212 471 326 428 122 71 385 433 413 251 355 69 151 378 457 484 395 305 95 38 403 430 439 204 361 431 465 40 368 414 448 244 475 404 298 173 487 85 54 243 485 256 347 481 209 418 126 338 112 34 377 162 340 24 331 218 120 130 371 278 447 247 290 496 260 5 498 479 284 274 263 315 258 242 362 296 132 499 409 10 111 348 108 359 117 160 63 267 335 101 141 364 330 12 104 264 70 350 345 466 84 109 17 372 97 401 312 314 72 211 259 261 136 472 365 461 366 36 170 35 295 51 321 262 47 445 388 249 322 313 455 194 52 308 319 137 53 119 254 248 41 121 229 157 88 483 381 462 369 398 167 460 225 488 370 220 174 18 191 420 232 434 26 281 219 283 275 98 491 128 329 125 463 478 155 61 360 373 390 118 374 159 197 273 164 257 477 486 293 235 246 233 346 59 199 187 444 146 33 11 268 490 339 90 116 133 178 55 166 202 186 58 464 32 99 150 46 279 292 341 1 392 424 386 436 89 454 213 147 311 294 37 332 131 270 291 333 169 393 367 271 154 7 458 215 23 172 363 494 415 416 196 307 489 451 208 224 231 64 190 161 114 142 203 60 180 16 476 193 241 214 56 201 376 304 394 411 144 158 299 134 432 110 57 206 408 81 452 76 286 207 39 429 358 446 19 250 65 200 334 301 272 325 495 210 91 62 49 288 176 66 383 107 93 425 442 239 342 324 163 302 473 92 153 27 216 44 188 379 323 423 382 422 171 152 421 75 282 336 406 412 177 185 205 387 237 30 435 289 343 138 228 9 427 354 3 320 309 384 470 353 356 14 287 179 419 391 441 217 181 349 352 80 405 450 183 474 417 195 86 497 123 226 337 168 280 28 344 230 227 82 303 192 127 15 459 253 156 198 357 67 221 351 189 79 78 50 277 74 500 453 234 449 106 45 410 255 328 468 316 145 300 8 73 252 297 240 22 426 165 83 149 482 43 68 77 306 124 223 175 115 29 317 48 269 94 20 440 402 389 380 399 375 480 285 143 113 148 310 105 184 21 437 87 397 100 276 318 238 25 13 139 182 265 31 266 236 6 102 493 492 129 222 467 443 135 456 103 327 245 
Sun Apr 06 13:04:46 2014
times:5
solution is:32039.000000.       temperature is:999.990000
ans array:
396 194 2 456 368 431 4 72 6 140 26 434 270 404 469 286 337 253 59 472 246 137 496 448 33 71 361 444 457 388 125 126 414 277 174 478 471 400 166 497 274 251 225 188 290 141 243 136 171 15 291 384 130 12 284 326 163 11 223 54 461 219 186 463 161 355 359 119 468 95 257 409 407 68 486 454 487 57 42 51 56 310 232 485 346 348 258 412 215 260 16 178 460 294 209 364 300 170 153 237 247 385 236 376 281 10 213 142 114 331 36 173 296 259 162 169 319 110 70 129 53 299 405 308 111 164 144 74 32 157 197 292 263 8 370 381 329 177 152 38 465 392 451 354 374 61 91 7 66 430 24 413 488 88 450 85 145 34 127 340 420 369 445 98 233 204 208 462 121 185 238 394 323 267 422 104 363 317 128 321 199 271 334 350 203 371 106 436 17 442 352 419 220 146 41 330 55 416 1 333 315 62 322 307 64 60 360 443 466 328 47 432 433 96 435 231 249 262 101 275 133 312 132 356 76 120 499 122 332 362 302 134 482 301 93 58 63 212 289 155 108 139 272 455 383 273 201 123 97 99 313 439 481 459 27 160 447 347 5 172 415 341 147 195 473 180 335 118 345 46 19 264 279 190 167 261 235 107 441 49 202 39 403 428 382 351 191 398 479 474 131 269 378 492 490 423 493 377 244 338 149 65 297 150 45 318 229 293 373 214 365 3 458 283 379 287 410 446 399 239 78 179 241 109 154 105 117 406 304 449 476 75 151 48 367 498 221 316 303 252 193 224 242 248 82 100 90 489 401 411 452 189 211 22 230 470 278 176 198 28 421 156 234 14 386 168 288 240 21 305 495 18 182 50 158 207 226 357 268 52 424 295 159 298 217 181 9 429 408 391 500 192 453 324 440 187 266 92 112 353 342 475 116 280 427 282 256 276 306 205 320 387 35 222 143 216 389 210 491 30 418 228 37 135 77 115 344 43 375 183 44 358 336 339 218 206 417 102 285 425 113 227 87 311 165 484 31 438 67 314 86 402 40 325 80 343 397 29 94 13 467 25 20 390 494 89 464 124 327 184 380 480 366 245 138 79 254 265 393 83 175 437 73 372 200 255 196 349 483 81 84 426 250 395 23 477 309 69 103 148 
Sun Apr 06 13:05:54 2014
times:6
solution is:32023.000000.       temperature is:999.990000
ans array:
396 385 322 242 444 398 69 218 369 472 84 456 95 364 132 331 2 171 378 430 454 308 209 16 88 321 469 75 64 427 221 59 12 26 119 471 386 267 120 286 409 439 15 72 130 98 164 190 413 303 97 404 498 254 204 202 151 274 495 420 305 443 281 260 157 128 126 307 162 465 141 365 259 414 445 1 304 134 114 290 355 326 229 300 24 431 42 400 76 18 295 231 381 138 361 137 273 457 159 493 56 463 140 401 432 245 275 466 129 251 455 373 446 394 428 481 299 392 166 39 235 405 68 484 163 10 247 488 208 201 372 101 117 243 288 194 167 390 79 491 5 406 66 314 85 71 383 255 477 108 225 415 257 348 230 174 186 363 496 407 337 268 313 99 447 185 93 160 47 187 212 109 318 3 411 63 45 269 244 371 58 329 352 333 485 301 388 180 110 215 249 49 263 289 418 347 395 121 499 387 452 453 51 391 145 425 172 112 487 9 451 338 312 53 33 294 153 256 169 368 65 367 142 435 500 125 118 207 217 278 77 351 328 41 8 70 319 192 448 282 283 81 302 262 370 379 377 340 50 131 497 335 226 29 362 32 133 178 334 104 182 461 7 44 177 280 374 441 17 345 122 181 92 342 486 442 236 211 261 258 241 292 168 34 490 460 200 183 291 111 449 146 195 416 298 408 232 22 483 311 270 482 380 296 437 62 476 156 473 284 474 214 106 91 467 103 4 179 89 28 127 173 424 193 46 158 330 189 468 489 176 147 422 188 198 54 358 434 382 246 433 36 357 458 272 38 206 170 60 197 213 223 423 264 412 346 37 227 233 248 152 332 384 366 31 266 287 354 224 316 325 436 419 11 350 78 317 191 356 107 279 459 27 150 252 6 23 297 220 143 35 426 149 239 360 376 61 184 55 86 237 349 271 124 310 203 67 57 90 479 421 462 464 154 199 320 359 343 40 82 276 148 315 470 285 440 216 353 492 323 74 478 105 339 480 389 14 205 402 306 393 240 344 155 135 429 399 175 410 116 20 48 397 102 196 139 265 30 115 222 43 228 100 25 341 327 73 309 13 250 494 417 21 144 113 83 165 336 403 238 87 324 80 219 277 94 450 123 375 210 293 234 96 253 136 19 475 161 438 52 
Sun Apr 06 13:07:02 2014
times:7
solution is:32050.000000.       temperature is:999.990000
ans array:
277 373 322 140 326 324 41 95 132 396 281 158 499 24 120 2 138 471 314 209 469 63 122 177 157 340 202 231 435 223 257 131 150 278 112 225 378 249 318 142 462 39 169 186 431 477 361 172 298 404 244 323 339 125 191 38 331 457 304 137 119 481 420 185 456 263 34 269 85 145 71 236 89 347 443 68 447 215 251 407 485 302 206 400 274 433 321 448 72 5 70 101 183 64 461 88 62 199 127 33 104 445 262 99 352 409 167 290 141 160 96 489 59 52 488 371 406 300 307 483 17 163 164 166 197 204 248 392 439 51 46 425 382 338 273 130 237 126 42 455 171 117 97 466 106 84 333 18 261 385 500 233 496 365 151 161 296 211 275 108 212 190 219 258 32 381 75 403 259 438 12 128 159 162 414 313 355 451 136 283 421 193 336 432 395 364 377 65 348 22 264 55 452 8 110 268 229 16 491 294 246 218 486 207 286 153 356 121 217 319 372 147 3 235 383 200 341 391 239 367 256 295 428 453 115 241 359 386 94 346 111 54 301 221 484 188 291 362 334 133 374 254 152 156 26 201 208 243 384 216 1 308 316 345 475 401 369 265 134 245 495 61 368 76 478 474 344 213 139 405 79 305 192 413 242 118 312 410 388 459 11 181 460 238 442 315 329 328 66 320 479 450 179 4 476 49 418 100 444 143 260 467 282 311 173 15 93 53 394 74 434 363 416 415 449 350 27 210 379 214 335 23 330 465 205 487 271 266 90 198 240 419 56 28 20 399 195 493 58 427 252 67 232 424 463 144 10 170 247 19 317 441 297 337 270 36 292 454 234 30 230 7 490 114 92 267 81 357 430 289 360 398 6 470 349 408 468 280 272 203 98 168 303 86 222 109 107 9 482 77 279 380 422 180 165 473 332 417 37 50 310 227 146 387 353 327 402 13 458 78 253 250 148 182 35 370 149 105 21 60 14 436 299 492 189 176 498 129 73 309 354 375 45 358 43 91 154 480 255 123 29 226 342 464 124 175 135 325 446 48 393 343 397 351 390 494 437 306 155 423 224 178 82 440 83 113 389 184 472 25 276 196 287 288 87 412 80 366 293 285 47 187 102 426 31 228 44 57 220 411 103 40 194 284 69 174 429 497 376 116 
Sun Apr 06 13:08:10 2014
times:8
solution is:32045.000000.       temperature is:999.990000
ans array:
324 89 2 415 25 95 299 326 52 220 51 443 204 419 71 456 140 62 400 171 290 212 481 64 457 295 147 462 197 409 277 385 406 355 97 251 414 330 223 41 44 381 131 151 395 460 321 394 72 259 428 110 213 307 219 126 496 226 121 141 498 267 301 157 119 420 434 134 430 169 49 432 473 190 149 378 340 63 208 11 55 257 364 312 320 139 60 466 173 85 231 254 433 293 264 286 96 161 318 448 270 273 145 112 237 439 382 349 386 202 36 229 338 396 42 477 12 483 337 369 495 104 34 485 373 484 69 302 114 451 185 275 408 313 53 221 471 262 203 133 38 7 491 260 164 487 447 209 258 217 425 440 263 108 388 261 303 365 348 47 125 163 32 289 421 101 235 16 363 189 58 18 392 367 159 215 234 316 130 188 319 8 115 211 66 136 455 99 445 193 144 120 74 162 359 5 282 109 488 279 294 360 479 17 252 371 350 399 342 19 403 40 309 194 246 167 116 412 499 424 183 497 404 146 27 178 3 494 15 1 377 463 458 446 449 308 192 311 334 345 437 329 278 177 474 476 73 214 122 322 401 331 306 199 351 93 142 46 453 472 35 281 168 416 247 103 129 57 65 206 200 249 84 186 332 274 22 67 391 31 181 232 372 10 132 256 37 20 438 429 33 201 117 383 333 39 92 469 444 158 248 335 269 172 315 268 370 475 398 454 452 376 352 304 216 242 56 127 79 176 461 160 353 291 467 198 90 465 368 14 70 205 323 118 81 314 150 384 54 106 459 68 61 354 468 107 435 362 442 170 239 271 207 500 441 276 346 328 418 450 298 21 489 143 195 405 310 228 284 98 305 187 356 180 4 238 427 230 241 390 296 100 80 317 347 393 148 490 138 182 83 9 196 366 224 336 30 236 265 155 156 152 280 245 482 218 387 344 285 470 417 283 379 179 78 75 210 272 233 86 341 154 50 325 492 250 327 91 402 240 76 287 358 339 422 29 253 343 43 227 389 94 82 6 464 23 105 436 48 124 123 375 357 297 480 255 87 397 102 175 423 135 113 374 111 380 410 244 431 128 184 411 288 292 191 266 225 493 174 26 45 166 28 88 59 77 407 486 300 243 13 361 24 413 478 137 222 165 426 153 
Sun Apr 06 13:09:18 2014
times:9
solution is:32103.000000.       temperature is:999.990000
ans array:
444 4 475 469 162 70 331 396 251 125 164 462 140 141 293 167 257 457 202 262 395 130 381 288 142 225 186 295 11 243 267 321 472 445 260 403 386 69 119 15 111 355 34 249 128 406 307 290 499 416 322 174 446 24 430 64 204 95 463 456 407 308 85 442 177 258 434 439 486 166 171 455 163 353 487 108 68 106 151 370 71 318 333 112 97 270 109 207 378 76 409 485 481 23 254 88 343 345 56 61 84 298 361 139 338 314 377 394 33 448 17 274 99 41 10 362 348 242 12 291 1 297 93 461 367 414 26 385 324 96 334 382 209 428 326 123 208 52 400 494 344 263 465 201 237 190 133 447 82 420 137 488 303 371 404 490 173 300 383 301 388 436 313 77 231 319 129 18 392 220 39 478 363 454 496 435 215 42 157 235 136 340 244 279 5 364 62 131 464 104 114 328 98 121 192 302 460 248 433 50 413 253 45 38 126 491 146 350 373 211 479 232 398 379 240 312 72 284 60 265 198 432 160 194 172 305 292 20 497 147 170 498 335 309 323 315 421 8 245 197 226 47 81 468 158 178 269 219 107 59 191 271 264 330 365 230 282 161 273 153 210 477 145 449 185 193 179 53 120 168 227 66 412 320 55 352 405 471 247 44 259 437 427 304 110 101 65 438 368 222 7 79 180 32 493 424 387 221 281 74 75 118 169 332 150 9 91 16 415 54 310 35 401 152 57 347 51 49 213 236 280 384 58 286 299 474 289 495 283 393 466 3 337 484 443 19 223 296 452 408 426 275 349 115 239 256 441 89 391 357 117 229 31 218 380 417 359 372 187 358 6 278 329 500 389 90 276 134 470 360 268 418 369 252 482 78 429 149 458 181 217 176 327 13 138 411 374 356 203 144 212 63 476 250 165 467 390 155 127 199 316 100 102 87 342 116 216 410 272 21 159 113 451 22 214 453 105 205 399 425 156 183 346 46 188 30 234 351 376 294 67 341 29 43 206 92 28 154 422 366 311 459 148 103 200 246 402 27 196 195 25 431 36 354 143 306 423 37 83 233 184 450 224 492 473 48 175 266 124 182 339 135 440 228 238 287 14 86 397 80 40 285 73 325 277 94 480 122 189 261 336 132 483 489 255 2 241 419 317 375 
Sun Apr 06 13:10:27 2014
The average run time for the algorithm is : 68.333500
The average solution for the algorithm is : 32081.400000
The maxx solution for the algorithm is : 32188.000000
The minn solution for the algorithm is : 32023.000000
