period=100.000000
Sun Apr 06 15:51:04 2014

N=500 M=20
times:0
solution is:32160.000000.       temperature is:999.990000
ans array:
396 140 4 185 469 69 299 222 395 26 277 428 500 455 130 95 472 2 254 420 371 260 359 314 318 47 204 167 256 404 63 241 142 266 161 194 313 298 162 322 363 496 349 71 88 291 281 456 174 258 157 153 400 421 108 434 457 276 334 383 11 257 225 177 373 109 129 295 39 218 369 160 12 264 433 17 237 246 354 70 445 350 409 173 32 485 141 465 62 215 15 151 171 273 76 163 244 437 209 460 128 274 186 232 132 72 35 59 377 307 424 416 120 202 262 355 446 243 10 34 345 212 261 84 331 432 248 407 52 352 41 487 348 498 300 477 57 158 491 435 220 211 99 191 333 164 488 269 481 413 187 166 85 315 196 478 425 18 403 16 275 361 97 326 56 136 170 75 89 388 119 159 447 341 453 268 107 427 293 193 444 292 370 490 294 192 419 319 208 304 461 392 242 188 106 90 483 278 169 360 489 328 484 172 235 452 51 112 476 394 28 49 24 454 229 290 302 53 121 219 263 150 77 270 122 340 308 312 412 250 321 145 448 366 401 50 236 471 451 497 221 27 338 179 123 391 259 466 68 385 486 176 474 168 430 60 282 239 101 238 3 443 42 347 329 365 305 468 64 495 66 74 362 61 368 251 439 82 115 357 139 389 436 406 463 226 494 7 133 201 5 8 376 393 382 381 296 346 353 110 415 137 372 125 183 303 203 165 213 230 289 284 470 33 390 210 9 156 271 19 38 190 227 408 91 335 152 458 231 104 65 280 309 114 405 493 279 127 320 180 181 327 58 92 55 214 499 384 1 197 234 22 189 206 98 442 344 178 45 418 482 417 207 249 267 479 118 364 301 134 46 216 80 343 317 20 195 450 459 116 111 223 146 54 286 155 387 297 21 438 184 44 324 464 378 440 398 233 252 96 144 247 358 332 397 380 182 356 86 93 429 462 339 31 283 272 36 422 265 402 117 323 147 411 6 23 379 105 240 131 67 30 374 217 431 449 29 149 285 79 103 316 342 14 492 73 306 467 81 78 200 336 325 37 87 102 25 13 441 138 43 399 375 224 83 205 113 40 148 143 351 253 310 288 330 480 135 124 100 287 228 48 245 423 199 175 154 410 414 386 198 126 255 311 475 337 426 94 473 367 
Sun Apr 06 15:52:48 2014
times:1
solution is:32018.000000.       temperature is:999.990000
ans array:
396 194 2 162 137 469 140 209 293 63 153 173 456 381 271 220 186 355 58 350 161 185 69 38 317 451 409 119 326 465 24 12 204 485 120 404 230 365 472 201 72 74 408 85 95 22 488 42 174 260 363 229 164 112 385 386 332 60 367 439 26 288 483 496 32 218 414 416 461 338 163 457 471 152 237 421 133 322 7 258 295 197 395 254 500 261 64 475 489 146 291 111 344 219 178 221 290 460 122 352 66 34 81 215 16 62 177 282 281 139 134 245 333 308 348 432 377 145 132 275 481 59 35 244 97 157 349 315 206 431 373 255 447 452 165 495 340 446 99 305 239 274 335 160 345 158 70 127 142 392 180 273 304 251 455 364 130 430 128 110 313 88 449 114 462 231 172 343 57 283 18 307 298 36 198 96 294 361 52 407 474 259 479 425 362 41 347 199 141 417 383 443 268 263 357 46 108 292 75 216 269 440 169 65 103 33 487 378 83 167 329 212 267 387 171 412 76 136 148 445 234 17 300 360 44 156 149 369 91 331 484 248 189 217 390 498 321 280 394 235 374 346 193 39 401 4 166 10 11 279 433 330 73 54 382 442 247 243 470 55 68 242 371 358 211 314 47 53 415 191 126 202 398 490 92 190 205 264 370 107 289 400 98 497 454 403 184 476 418 463 420 318 118 257 444 27 121 256 208 13 210 413 94 302 19 468 100 424 324 170 494 222 334 23 359 342 117 303 90 477 155 286 86 105 179 238 372 232 486 380 25 9 278 203 388 154 434 491 466 336 61 427 192 106 226 181 223 480 159 353 354 109 325 393 45 227 351 176 493 379 356 435 196 6 14 207 30 241 188 48 233 56 492 49 270 389 459 124 391 89 319 437 224 428 168 116 339 43 265 135 406 1 341 464 384 429 183 225 297 285 104 309 272 250 405 200 143 323 376 77 182 312 71 296 411 228 426 87 50 246 276 67 478 316 253 397 214 287 467 458 399 453 28 79 31 328 482 311 147 20 266 37 82 80 252 306 277 175 187 284 102 144 21 213 438 262 327 150 301 436 93 195 29 473 441 422 423 131 51 410 78 366 101 138 448 249 151 125 236 129 115 113 320 419 15 40 123 310 240 3 450 8 402 499 368 5 299 84 375 337 
Sun Apr 06 15:54:30 2014
times:2
solution is:32291.000000.       temperature is:999.990000
ans array:
44 416 89 326 57 2 363 433 162 174 140 49 204 194 177 254 404 201 471 362 438 479 60 38 215 331 485 85 403 420 128 257 208 209 188 64 132 381 275 457 490 164 220 445 95 3 70 293 320 251 141 294 33 273 24 395 322 472 456 340 439 321 137 295 69 361 434 302 371 171 121 122 126 150 206 448 441 26 461 8 203 106 112 400 127 19 180 334 211 468 213 386 286 329 47 263 418 483 431 290 482 88 34 332 296 125 330 147 491 307 378 247 264 56 207 99 259 455 359 167 427 242 98 258 10 298 42 369 406 488 376 62 312 145 299 66 328 348 274 53 166 219 198 475 424 79 158 244 360 305 237 432 339 97 149 231 385 143 409 74 217 407 159 52 270 133 319 453 61 458 153 1 256 301 51 245 367 4 497 392 32 463 447 465 355 114 496 428 118 109 59 317 297 398 313 37 370 281 205 55 415 123 345 401 473 232 58 314 45 218 68 396 18 36 151 466 173 40 129 54 104 101 90 430 435 289 421 199 110 190 11 134 131 176 186 196 6 476 335 225 202 262 337 451 17 156 192 391 349 292 130 7 484 390 460 280 481 410 239 16 80 373 75 364 76 442 31 183 411 72 365 185 308 444 181 222 499 119 450 495 136 405 214 172 347 477 71 63 425 368 338 486 243 462 21 382 41 108 333 412 146 277 377 353 498 318 169 65 187 324 454 81 246 303 343 383 443 284 229 39 304 29 139 357 267 161 283 163 489 5 12 449 48 233 96 193 30 248 394 379 309 235 100 422 249 354 197 35 478 271 241 374 92 50 117 269 230 84 352 323 366 464 436 408 67 157 261 268 279 93 154 419 195 191 200 327 142 252 223 144 278 234 113 336 437 413 224 282 165 316 15 170 160 384 474 272 107 9 287 103 429 423 82 238 446 116 77 179 380 168 393 22 399 260 210 120 83 155 459 310 27 452 440 226 212 115 500 14 216 492 342 344 152 397 315 78 351 494 387 388 111 356 73 358 227 417 102 240 493 389 86 87 135 346 255 105 28 372 250 325 288 285 480 306 182 228 265 266 13 138 375 470 23 94 124 184 20 43 426 467 253 148 91 276 402 175 341 189 350 291 46 487 469 178 25 300 414 311 221 236 
Sun Apr 06 15:56:13 2014
times:3
solution is:32226.000000.       temperature is:999.990000
ans array:
277 377 407 140 326 69 122 263 349 308 279 420 49 499 496 110 215 2 204 84 262 452 430 142 488 177 337 435 366 373 445 475 454 206 489 95 79 314 169 220 128 97 145 151 392 120 24 485 17 319 448 383 126 63 162 85 396 212 290 111 350 328 330 295 302 403 428 225 53 354 11 395 271 292 257 237 404 41 371 331 133 335 479 173 88 199 166 312 72 251 323 296 321 355 414 161 114 409 160 432 12 388 36 324 241 298 66 163 208 244 185 3 134 32 76 315 305 289 61 419 486 164 439 274 167 471 456 301 112 367 171 361 193 157 413 16 492 121 460 261 461 119 7 137 370 15 70 281 317 71 348 269 259 469 205 172 307 291 202 191 256 246 363 243 33 80 447 174 38 275 130 211 187 65 201 347 332 75 477 14 59 101 190 360 125 194 159 179 384 322 340 131 264 158 258 474 487 64 433 443 152 400 267 283 34 186 249 149 18 481 106 108 60 457 341 68 472 253 47 463 412 51 247 188 86 494 304 260 329 50 1 411 254 196 334 232 248 235 198 374 104 9 56 441 214 446 416 209 382 118 415 336 22 230 197 385 39 23 434 386 42 483 89 450 495 431 345 170 476 294 297 455 278 406 362 150 391 462 46 107 468 316 436 376 449 21 500 139 55 54 333 338 58 453 381 144 189 451 442 99 365 45 35 67 115 153 138 233 491 181 5 372 478 141 273 231 184 129 81 393 359 73 470 183 26 311 270 425 229 127 62 444 268 168 368 219 37 195 369 238 146 148 57 424 282 398 265 313 490 136 180 207 109 343 27 116 30 98 288 346 234 216 427 364 303 287 397 438 498 82 285 13 78 92 31 352 284 252 422 242 221 358 19 74 417 399 387 276 353 245 293 156 493 8 356 280 200 378 10 224 286 192 309 178 465 421 437 310 351 390 272 96 117 44 239 320 466 401 458 240 484 20 226 213 176 344 300 380 266 217 6 113 429 43 418 87 77 210 4 318 52 405 40 29 306 83 228 379 236 227 250 410 203 342 327 473 123 165 482 100 25 299 402 94 426 182 222 423 143 90 103 105 325 155 91 175 48 480 135 375 440 467 389 102 339 394 124 464 147 28 223 357 255 497 459 93 218 154 132 408 
Sun Apr 06 15:57:56 2014
times:4
solution is:32066.000000.       temperature is:999.990000
ans array:
344 396 2 44 171 421 326 457 242 120 308 348 395 333 261 312 314 140 119 204 313 448 462 297 385 419 72 107 347 185 17 50 319 350 461 271 212 409 320 290 331 158 188 105 381 222 122 363 270 104 392 286 132 414 338 433 225 398 269 221 95 108 301 47 129 58 404 496 355 251 318 273 277 249 456 445 378 194 244 281 216 162 368 101 214 337 209 260 259 455 439 400 169 454 407 471 263 257 172 490 436 420 186 12 88 136 96 150 393 295 125 85 153 142 41 229 495 394 173 218 126 406 71 202 489 220 62 303 425 247 164 60 1 434 160 442 159 500 167 279 139 377 134 447 428 151 466 144 106 39 328 416 26 206 54 275 274 330 324 174 367 341 322 114 231 109 382 199 24 236 349 362 483 488 4 131 42 311 487 340 446 97 187 38 178 444 430 69 262 364 391 79 74 412 215 245 472 334 291 53 27 254 232 76 332 35 91 469 343 243 371 302 431 403 384 453 211 374 75 237 157 250 329 201 68 34 485 339 432 59 190 484 405 138 64 387 498 241 307 45 227 499 166 145 141 460 112 70 417 452 267 143 438 479 315 370 413 278 345 149 133 180 298 205 449 478 323 411 7 147 16 11 83 365 467 170 100 465 354 66 234 272 189 213 477 248 246 116 146 56 192 121 137 9 293 46 280 380 389 29 33 366 207 110 8 481 128 176 3 80 399 197 316 19 283 163 161 165 424 63 193 226 342 360 98 18 127 482 210 486 358 93 253 383 94 321 40 118 435 65 268 415 203 117 379 336 422 459 258 183 335 282 198 179 6 470 84 177 372 239 152 284 219 61 228 427 264 115 5 31 463 265 32 15 476 208 359 429 49 23 401 238 51 22 130 99 443 426 369 325 276 14 181 89 292 195 305 57 36 191 43 441 289 55 230 20 493 90 81 309 418 408 304 388 196 182 255 386 352 37 300 235 155 25 474 440 256 175 13 294 288 346 123 327 103 168 154 156 299 77 82 233 200 184 458 402 78 356 450 390 468 252 353 310 437 92 497 21 491 451 67 113 86 240 357 28 135 87 285 397 494 124 410 224 473 111 492 287 48 266 464 351 306 217 102 423 317 148 375 73 30 223 480 296 361 10 373 376 475 52 
Sun Apr 06 15:59:38 2014
times:5
solution is:31973.000000.       temperature is:999.990000
ans array:
174 2 396 407 51 456 85 140 431 392 400 162 326 313 120 430 151 171 152 262 130 214 194 361 322 288 308 15 370 251 413 157 355 395 49 378 121 369 164 244 33 126 69 435 141 485 34 235 479 427 250 243 290 487 180 261 488 239 409 24 445 383 203 295 365 54 99 8 454 153 132 229 95 190 275 281 420 4 26 367 201 70 220 307 59 495 248 62 424 133 350 362 300 341 499 344 71 257 438 7 455 115 189 500 469 259 258 312 282 42 109 88 41 293 166 38 237 40 289 478 101 260 484 177 304 382 27 22 314 199 412 32 433 330 343 461 439 18 112 403 234 64 268 231 53 16 178 63 65 226 416 331 471 496 299 338 381 452 169 354 158 173 363 477 417 301 385 30 11 273 128 247 66 104 404 497 457 337 160 106 68 50 233 44 447 340 398 238 17 205 122 267 405 329 84 252 12 89 298 179 111 145 459 209 470 315 401 249 465 377 110 462 202 207 74 204 188 388 408 481 155 294 212 134 391 436 263 163 286 81 161 311 39 270 224 437 208 276 402 1 467 321 360 236 278 211 486 142 172 131 483 103 246 349 463 197 210 328 448 254 56 451 302 91 75 125 492 92 434 90 193 108 136 272 356 406 230 498 206 283 52 319 353 441 218 118 490 76 150 472 10 93 371 154 296 185 256 460 280 449 333 309 474 5 47 176 426 351 73 232 127 97 429 334 421 493 335 137 221 264 253 422 181 352 167 159 310 372 245 146 443 21 358 191 425 291 475 114 107 219 347 305 464 345 67 223 373 198 442 86 494 143 129 242 240 414 119 316 55 458 303 423 342 35 393 279 46 368 80 489 446 138 346 336 384 184 374 292 380 324 225 156 277 45 466 418 72 48 3 36 9 165 432 271 241 376 215 411 98 364 359 323 139 20 491 182 476 60 227 116 394 187 482 386 147 222 79 28 100 269 389 348 23 339 265 428 37 83 213 19 468 440 96 332 399 285 6 255 57 58 228 61 175 117 366 192 297 43 94 284 200 266 379 397 217 387 320 325 78 183 170 77 87 450 216 124 168 148 113 135 31 410 287 29 14 318 196 102 390 82 419 317 25 123 105 144 327 306 415 13 375 480 473 357 195 453 149 186 274 444 
Sun Apr 06 16:01:19 2014
times:6
solution is:32194.000000.       temperature is:999.990000
ans array:
324 89 438 116 132 64 41 162 457 496 275 126 174 415 331 499 337 268 414 465 407 464 140 439 365 334 352 171 490 204 445 456 251 69 35 270 378 312 409 66 329 141 136 11 254 362 371 332 24 383 311 120 238 237 296 218 290 355 462 157 77 336 225 42 95 300 137 400 403 274 97 101 186 202 396 166 85 59 70 257 471 263 491 321 34 398 110 377 350 326 343 27 177 180 485 248 346 128 385 295 262 267 432 38 474 111 223 309 106 273 58 142 441 451 322 252 127 241 381 347 226 4 244 489 159 158 88 261 488 194 193 418 130 283 20 369 74 209 147 349 63 104 17 191 75 335 319 230 448 213 167 160 187 388 67 231 294 363 435 420 386 121 10 76 430 246 145 368 304 123 314 185 470 188 320 56 479 408 427 33 134 387 497 394 298 291 421 52 211 44 1 353 302 115 12 151 452 164 23 328 215 455 229 197 5 442 172 277 153 173 49 114 500 480 92 259 124 360 201 308 340 460 477 131 199 361 487 178 235 220 303 424 484 292 313 333 108 55 36 16 444 469 472 212 53 61 169 68 450 219 373 461 249 125 454 221 57 433 345 374 428 245 18 458 486 395 392 440 260 208 272 93 19 150 286 315 301 463 281 161 446 437 206 240 425 96 214 71 170 434 436 62 404 468 406 370 359 15 476 181 318 478 466 26 3 431 133 384 9 122 143 73 256 447 14 119 495 163 289 47 483 492 475 401 190 91 32 459 247 276 176 65 264 413 299 405 117 156 344 348 107 473 498 105 243 419 203 316 112 411 198 207 358 196 282 323 443 45 390 426 179 25 278 242 339 7 152 72 493 236 307 453 271 48 79 80 382 376 364 84 306 354 327 192 429 8 129 284 366 258 449 99 375 228 216 227 356 380 148 269 217 367 146 51 144 305 149 54 338 81 422 239 467 13 279 210 183 90 6 94 357 182 234 389 200 416 393 297 222 232 184 310 412 139 342 165 372 28 481 98 423 266 37 109 46 22 100 86 31 30 255 224 280 317 118 397 43 195 494 482 330 154 402 391 103 379 29 40 87 155 325 138 288 233 82 175 21 83 351 287 417 410 78 189 265 253 205 113 135 285 399 341 102 39 168 60 50 250 293 2 
Sun Apr 06 16:03:00 2014
times:7
solution is:32166.000000.       temperature is:999.990000
ans array:
390 89 396 20 204 341 381 438 469 63 49 392 42 2 479 140 125 132 274 401 212 167 340 312 295 215 186 481 112 12 488 455 303 434 66 161 162 416 171 264 110 331 422 294 271 10 466 421 11 50 437 314 121 420 460 207 263 414 153 376 400 457 231 472 53 69 456 409 289 26 130 95 157 415 16 462 262 120 489 119 496 431 142 164 78 433 377 96 348 278 281 334 151 126 252 470 370 430 277 166 15 108 183 174 293 226 60 104 128 382 365 129 385 435 244 170 267 84 313 173 38 202 88 493 241 136 149 337 403 350 33 36 395 193 34 220 188 399 258 56 302 308 333 68 260 179 85 70 249 269 133 137 178 218 307 17 463 197 187 97 305 127 404 199 92 139 191 194 282 158 275 461 486 322 291 432 428 487 58 441 498 442 373 328 371 288 225 6 458 27 246 476 490 52 429 332 4 99 101 141 76 276 237 359 449 345 418 145 317 64 279 185 206 181 251 335 103 32 172 407 369 292 72 412 367 499 243 109 309 425 201 209 330 368 280 477 495 327 247 59 65 372 22 393 238 408 106 259 326 29 190 239 256 35 398 320 221 349 355 310 325 447 304 450 484 363 71 75 257 213 45 316 321 81 115 61 47 229 94 483 383 485 319 342 378 118 497 351 492 107 235 361 7 301 261 41 55 286 406 494 353 290 54 248 211 413 491 454 500 82 234 210 222 152 131 176 156 90 230 362 391 379 5 232 98 236 217 417 364 37 205 216 8 9 250 443 93 298 62 468 74 116 270 30 448 471 195 384 444 410 253 299 203 169 192 23 155 329 163 439 445 296 465 344 79 114 424 196 177 475 1 426 147 168 208 446 453 134 436 160 283 67 57 346 272 51 154 360 159 387 273 189 77 354 146 44 19 268 411 18 352 388 39 347 482 451 358 389 397 242 366 135 182 285 338 405 356 394 452 245 386 464 105 111 184 227 143 300 380 459 48 83 91 284 402 113 13 28 423 467 427 165 148 180 374 200 219 311 240 336 3 25 440 214 323 46 80 357 73 21 254 224 124 43 40 144 86 287 474 480 339 175 419 31 123 306 265 14 473 138 87 266 100 255 102 375 315 324 343 297 478 198 122 318 228 24 117 233 223 150 
Sun Apr 06 16:04:42 2014
times:8
solution is:31989.000000.       temperature is:999.990000
ans array:
396 194 140 2 291 472 331 89 498 456 400 437 132 465 173 296 344 394 204 414 362 445 290 457 392 318 461 448 378 293 12 237 180 215 363 347 209 496 284 311 413 151 469 34 147 162 409 246 308 109 212 395 63 348 443 59 491 174 244 47 203 104 249 55 225 411 141 95 243 119 122 114 91 214 171 386 105 98 361 441 97 164 455 181 436 264 368 110 232 254 274 185 88 301 326 371 186 145 430 381 121 323 463 365 77 217 355 262 289 74 70 487 277 33 263 150 349 388 160 32 419 223 327 76 39 52 343 271 286 8 265 65 442 499 404 62 270 416 481 370 158 202 116 484 226 72 229 307 81 193 471 130 486 489 125 251 294 458 42 144 258 345 11 153 433 169 235 142 447 439 282 218 383 305 170 216 3 364 260 420 9 190 477 462 211 495 478 176 26 367 242 328 466 67 267 312 24 16 131 36 319 101 115 321 79 483 435 27 168 333 178 134 452 346 179 337 117 157 309 41 231 238 374 60 418 64 338 99 460 424 152 324 133 313 49 241 187 479 112 245 85 106 108 488 335 314 432 167 75 54 84 377 275 192 451 128 93 240 126 66 376 10 239 360 1 127 485 468 329 5 208 295 51 407 7 412 302 352 320 256 369 340 428 259 391 332 207 269 384 195 334 425 281 161 408 493 248 166 330 129 257 398 261 136 322 188 53 494 219 21 61 401 50 268 4 123 382 480 68 417 393 272 490 475 236 389 350 247 438 283 183 476 197 467 453 500 449 359 148 298 96 426 303 191 71 492 17 199 354 92 206 252 111 406 213 297 276 273 30 450 35 201 379 86 415 234 38 196 23 405 69 278 40 6 431 358 422 146 58 163 390 280 222 387 233 18 336 372 353 266 80 230 403 20 90 56 94 341 446 159 316 220 385 444 155 470 198 459 427 315 402 423 172 177 28 357 139 339 292 227 228 19 421 73 253 224 288 287 399 22 154 356 205 325 149 46 317 48 366 497 143 221 184 113 279 464 107 310 182 304 210 29 482 342 250 118 410 14 43 380 82 255 87 175 200 306 300 13 165 454 31 37 78 397 45 138 285 124 299 375 102 100 83 25 351 474 103 429 137 440 473 44 156 373 189 57 120 434 135 15 
Sun Apr 06 16:06:55 2014
times:9
solution is:32113.000000.       temperature is:999.990000
ans array:
350 396 140 215 326 445 415 290 414 212 120 420 293 313 2 12 263 395 443 151 190 378 112 485 162 26 363 133 132 456 66 356 355 221 254 491 309 15 70 469 427 71 142 314 488 203 481 134 42 496 371 131 419 187 354 111 305 295 157 400 407 239 447 225 361 499 163 392 68 388 261 99 82 331 17 188 320 34 96 95 177 277 471 346 11 185 495 262 38 194 32 340 486 183 487 333 153 417 128 434 460 462 244 171 335 229 47 75 220 214 141 409 479 457 464 248 260 204 298 172 28 152 219 274 41 202 312 307 382 155 304 235 364 119 231 55 362 477 165 385 85 218 60 338 302 327 8 484 126 179 5 281 337 270 178 257 288 411 454 321 164 433 300 347 448 377 343 315 435 394 251 452 455 236 276 368 97 130 412 173 408 199 324 136 458 349 242 109 470 154 334 381 453 88 301 122 176 64 303 211 294 498 237 284 161 61 353 51 222 329 299 431 461 58 150 416 318 384 264 480 210 158 275 4 258 10 46 49 439 69 67 107 259 33 181 398 98 425 273 192 200 121 106 232 286 386 193 72 63 466 493 27 256 166 476 490 104 463 365 16 332 191 115 149 252 53 446 30 44 76 223 436 345 451 186 110 207 428 473 125 62 467 352 56 93 383 74 180 323 213 348 18 206 230 201 224 73 14 403 127 380 271 123 91 421 359 20 87 297 233 174 489 159 160 146 459 39 405 52 208 77 45 238 316 267 31 50 351 189 283 197 198 54 129 328 145 89 330 475 209 24 432 7 92 227 282 137 169 401 59 387 465 373 424 247 341 279 29 296 83 357 6 404 292 147 322 285 113 19 268 413 308 65 101 195 3 265 269 372 468 143 79 114 139 497 438 21 374 108 390 310 406 289 379 243 9 36 291 234 483 441 442 342 37 494 250 402 449 430 167 156 500 440 344 245 35 391 168 280 217 272 366 266 393 81 13 249 182 360 40 240 116 450 358 444 253 216 474 376 422 426 319 246 22 94 105 226 397 429 135 317 184 492 118 423 43 306 325 369 170 375 90 287 23 100 124 311 370 389 339 102 80 482 25 410 84 278 78 228 57 86 175 255 399 1 241 336 472 148 117 144 48 196 478 138 205 103 418 367 437 
Sun Apr 06 16:08:36 2014
The average run time for the algorithm is : 105.215000
The average solution for the algorithm is : 32119.600000
The maxx solution for the algorithm is : 32291.000000
The minn solution for the algorithm is : 31973.000000
