period=50.000000
Sun Apr 06 13:10:27 2014

N=500 M=20
times:0
solution is:33028.000000.       temperature is:999.990000
ans array:
194 152 347 2 28 124 319 154 57 208 487 259 332 300 170 34 441 305 435 160 282 190 403 284 107 397 356 277 48 327 126 25 365 322 146 254 491 18 486 71 76 248 213 212 202 159 418 145 92 350 465 367 378 98 286 63 399 459 442 390 498 413 326 185 80 480 113 443 427 266 151 428 207 485 12 13 409 481 45 219 276 232 141 196 17 16 96 255 431 451 260 264 416 93 470 23 90 142 333 274 14 210 297 108 437 492 50 476 357 79 97 285 302 401 167 351 153 205 353 414 499 429 214 246 457 56 60 336 279 493 354 240 51 330 42 483 472 104 201 47 112 500 165 180 123 318 484 49 447 198 132 346 116 468 334 262 270 31 381 306 456 417 206 43 335 162 19 337 432 241 94 450 373 55 177 193 400 325 174 308 41 289 7 489 467 155 359 339 130 148 280 226 102 420 181 244 35 127 460 200 158 140 283 147 191 257 20 44 220 474 106 144 315 9 455 296 392 494 272 301 398 412 192 197 95 340 172 204 304 389 393 223 186 348 137 46 410 371 320 203 436 368 64 253 233 175 243 342 395 478 149 133 423 242 15 169 54 415 168 171 475 1 406 187 99 135 452 128 355 156 388 466 317 62 136 8 231 376 446 258 383 211 434 117 292 496 122 81 250 345 482 312 228 249 495 430 22 67 24 477 143 307 166 370 173 83 161 61 324 87 119 269 426 101 449 58 479 425 53 238 85 222 422 178 10 278 311 363 462 361 471 121 65 89 268 84 215 150 321 369 199 314 110 29 404 497 343 100 32 281 157 316 271 273 461 209 464 82 163 328 438 360 448 230 234 377 27 267 21 352 225 298 217 184 4 118 33 469 454 88 26 239 375 488 358 131 235 424 382 138 379 419 362 490 70 294 366 68 408 66 309 229 252 396 453 183 405 341 218 182 125 73 52 439 380 407 72 421 411 75 313 77 129 69 299 5 6 195 111 364 256 290 36 30 176 323 39 91 40 245 263 224 344 349 103 86 374 164 179 291 120 329 293 394 251 37 385 227 402 288 386 236 78 458 295 473 384 445 134 221 331 261 139 463 444 115 287 38 387 109 303 275 310 265 433 338 188 247 440 216 74 59 189 391 11 114 105 3 237 372 
Sun Apr 06 13:11:38 2014
times:1
solution is:33029.000000.       temperature is:999.990000
ans array:
126 55 465 152 496 200 97 406 341 215 186 360 124 1 357 413 257 293 321 306 248 196 103 494 251 436 478 487 17 408 131 79 437 210 153 204 300 254 73 283 134 44 23 29 209 193 81 149 486 390 356 123 462 39 84 467 231 181 373 485 65 133 5 172 28 359 141 234 350 259 421 221 472 160 405 220 52 409 313 255 404 117 6 371 266 129 425 269 264 189 120 46 100 363 416 414 426 281 337 51 43 87 353 162 482 419 157 191 226 423 448 382 34 268 89 208 242 438 7 355 119 347 60 294 418 50 352 190 113 109 2 491 25 495 324 330 441 241 92 18 453 203 424 205 246 381 459 346 202 456 166 88 277 298 158 378 53 219 384 224 150 174 457 412 116 137 307 367 434 4 282 312 431 329 351 225 368 279 331 397 170 452 354 399 240 260 445 460 339 235 348 206 176 469 185 386 106 237 335 365 244 297 167 455 49 107 295 401 318 20 212 99 168 287 479 290 498 156 343 15 108 345 428 336 148 93 98 286 13 228 194 398 319 468 146 474 121 253 432 83 407 32 171 252 10 127 58 197 61 155 315 96 334 213 161 76 239 42 198 118 101 488 415 154 333 447 102 267 35 151 75 207 470 420 299 443 454 48 305 41 358 271 136 411 484 182 214 105 30 229 232 362 383 451 250 394 308 332 393 69 95 471 476 195 8 490 128 446 320 296 340 164 492 59 499 80 444 435 379 463 188 481 57 14 9 311 211 45 256 130 199 16 223 140 317 19 175 366 327 497 361 258 21 145 163 238 115 375 159 450 192 82 396 389 31 122 273 475 377 430 90 272 187 270 112 66 369 410 165 280 111 201 372 243 344 291 274 104 86 169 230 47 322 466 94 376 236 180 245 70 132 385 139 387 433 147 461 142 310 422 135 262 217 400 143 477 56 276 285 38 64 292 68 179 54 63 173 388 309 12 62 427 22 304 402 303 473 144 314 288 218 110 233 36 328 71 302 40 275 27 439 364 493 342 500 374 458 177 326 85 395 114 184 392 449 325 222 480 265 72 338 125 24 278 33 489 323 183 227 91 263 440 464 138 284 67 417 26 178 249 247 483 380 77 316 349 216 37 3 261 289 78 442 391 429 74 370 11 403 301 
Sun Apr 06 13:12:49 2014
times:2
solution is:32910.000000.       temperature is:999.990000
ans array:
360 152 409 347 350 418 408 256 429 76 403 108 281 300 212 11 269 353 312 321 388 205 335 282 277 18 21 107 174 37 257 119 253 266 154 103 492 28 358 162 158 15 307 467 491 7 413 293 480 259 223 454 106 404 468 339 121 306 351 250 57 341 219 193 122 20 164 5 407 142 123 222 329 126 423 85 465 348 357 352 42 187 355 382 336 416 170 365 88 442 420 17 186 181 414 209 240 97 359 308 459 451 145 331 182 135 14 159 52 203 23 243 120 58 60 337 134 386 431 167 226 485 447 479 354 412 45 379 367 111 424 195 117 279 31 330 476 443 207 381 392 82 131 264 374 160 483 461 213 149 232 487 48 200 169 65 191 228 371 29 496 104 101 2 137 263 237 127 297 94 320 202 46 96 436 224 100 208 345 400 67 369 230 63 469 204 296 43 87 304 455 322 115 373 319 438 460 144 242 478 260 173 244 317 278 305 90 172 311 234 151 148 155 44 332 206 448 215 449 124 294 326 405 287 184 493 428 470 201 398 273 49 70 246 153 84 235 464 434 113 325 452 302 197 395 380 171 61 457 488 283 295 62 36 198 441 477 378 484 129 175 93 128 481 83 425 389 289 79 338 39 272 466 310 298 190 462 486 472 309 12 221 489 406 368 390 456 54 415 267 99 453 233 161 401 346 254 25 133 64 410 494 71 417 141 13 324 118 114 314 53 342 92 4 370 22 69 231 72 163 276 286 343 396 299 377 241 192 210 463 220 41 214 157 437 236 27 95 66 35 150 176 1 247 432 56 313 421 91 80 217 376 285 323 316 303 8 75 445 146 255 340 344 178 252 327 363 185 102 140 435 426 251 139 81 38 40 132 16 497 362 427 473 475 399 334 375 262 290 274 199 268 177 495 397 55 270 387 136 196 225 482 318 239 116 292 280 68 366 227 333 105 500 498 356 474 6 245 288 125 9 19 499 450 291 147 189 490 77 394 130 24 471 419 458 188 433 271 248 284 372 168 32 143 59 112 249 211 30 78 110 50 10 229 384 73 47 275 261 33 422 238 265 328 385 180 444 98 165 138 258 383 364 183 179 194 439 216 51 393 315 156 89 446 218 109 430 86 301 440 26 411 349 74 361 3 391 34 166 402 
Sun Apr 06 13:13:59 2014
times:3
solution is:33057.000000.       temperature is:999.990000
ans array:
194 152 350 347 360 297 262 306 19 4 174 465 420 76 15 471 141 294 490 403 373 416 232 212 452 351 381 255 260 266 37 146 165 95 170 354 455 161 225 494 55 478 472 358 196 153 28 45 434 321 475 304 293 318 491 166 120 496 39 47 426 305 335 264 300 453 251 456 353 492 130 207 155 410 377 57 412 108 457 64 332 336 337 317 97 25 462 485 48 427 320 302 154 282 330 405 185 474 413 209 29 331 468 484 87 339 241 378 204 418 369 295 480 275 172 63 307 206 182 382 287 54 184 312 124 79 102 417 324 404 396 414 359 46 344 268 175 150 258 248 49 442 222 398 267 365 460 481 89 334 13 495 128 140 163 459 322 56 90 429 187 308 437 409 116 144 449 201 356 35 177 33 432 467 34 84 343 193 44 17 245 236 213 448 435 113 422 23 397 68 469 370 147 392 423 257 451 394 388 221 238 223 41 148 59 466 93 230 210 499 345 61 88 167 94 240 181 242 51 259 488 281 253 263 160 247 115 205 117 131 406 276 371 483 215 43 82 270 171 50 338 357 30 366 298 424 198 407 239 7 74 231 168 234 493 158 252 355 482 138 151 31 226 425 386 311 5 473 208 367 98 277 309 235 65 195 269 202 421 14 219 18 157 443 450 431 326 283 479 399 58 254 186 32 80 180 229 81 214 246 16 136 203 489 362 9 121 401 419 123 415 22 40 109 244 368 103 134 36 454 402 296 288 73 85 387 162 220 75 292 114 96 348 42 441 498 211 125 464 227 69 132 2 411 145 487 379 389 438 228 280 346 299 237 430 342 190 143 178 189 10 383 279 327 12 486 188 176 315 313 374 191 333 99 142 110 319 461 21 60 8 408 139 197 329 106 217 376 291 164 83 156 26 70 433 107 111 314 200 133 199 127 169 6 72 92 274 290 444 278 67 218 86 112 500 375 310 192 66 286 380 129 159 477 122 24 446 137 284 390 216 265 285 118 20 53 361 38 323 445 1 463 328 316 289 233 135 458 104 385 439 62 101 91 100 273 250 497 179 447 77 363 428 11 341 149 384 340 105 119 470 52 183 301 271 440 78 325 126 476 173 249 3 364 303 27 261 243 391 256 393 349 400 395 372 71 272 352 436 224 
Sun Apr 06 13:15:11 2014
times:4
solution is:32916.000000.       temperature is:999.990000
ans array:
257 403 347 306 193 237 264 131 152 18 418 43 472 456 341 353 283 371 357 254 213 154 242 360 412 207 120 354 165 487 39 372 147 321 263 55 214 245 369 113 28 381 186 196 241 172 351 433 388 11 467 277 252 182 474 413 382 430 15 141 68 251 293 223 266 155 123 205 14 69 134 243 307 296 122 269 248 153 202 96 312 21 495 362 294 485 192 392 350 104 484 102 482 383 305 226 461 230 210 260 455 465 98 231 410 174 64 451 411 481 239 163 332 73 138 151 107 436 135 219 119 116 340 313 45 281 344 417 158 42 198 316 149 130 435 150 89 133 491 81 373 95 270 234 431 99 423 197 117 41 443 333 60 397 478 217 206 162 468 390 405 476 393 160 175 44 72 19 4 429 240 284 404 258 488 339 184 35 274 71 84 246 298 70 297 161 475 91 420 65 34 399 143 80 225 129 379 54 203 58 272 355 188 173 479 1 259 114 352 407 22 255 253 57 437 498 319 425 212 400 79 271 464 267 493 9 100 409 386 97 76 249 414 159 480 247 88 47 308 127 215 185 427 13 367 276 279 322 359 320 292 75 32 191 285 460 454 5 361 452 330 238 395 124 348 178 370 235 342 93 286 176 228 87 12 23 244 421 56 300 211 221 146 30 288 229 304 6 204 419 291 466 444 7 477 287 334 236 200 356 326 280 195 168 256 31 282 448 157 490 401 167 46 94 426 315 187 492 128 317 343 37 335 29 208 396 278 209 67 16 374 222 462 233 391 318 189 446 486 494 137 432 453 496 170 156 337 378 20 303 438 450 101 61 25 327 314 299 112 268 227 142 389 169 346 164 144 85 66 59 90 375 118 108 301 38 171 136 180 368 428 408 273 416 489 290 201 49 441 434 424 194 442 82 265 275 457 17 51 336 365 323 62 499 310 139 463 331 92 324 8 48 377 183 345 106 470 449 500 3 338 289 358 115 181 384 447 459 329 220 232 24 26 387 148 126 422 109 415 439 190 473 52 398 250 33 199 121 78 458 295 471 445 483 103 50 469 309 74 349 40 262 325 177 111 140 380 86 497 385 77 10 402 394 406 224 145 105 125 110 179 376 83 53 36 302 440 328 2 363 364 166 132 216 218 63 366 27 311 261 
Sun Apr 06 13:16:21 2014
times:5
solution is:32934.000000.       temperature is:999.990000
ans array:
126 63 28 419 215 152 300 378 129 212 306 495 388 379 241 87 14 353 102 73 124 143 41 341 123 108 413 481 55 190 35 206 88 427 282 350 32 160 243 332 478 329 360 174 483 330 401 39 382 367 15 207 162 305 429 65 424 290 181 106 484 333 445 299 149 400 64 372 195 120 201 154 432 254 354 369 474 141 404 25 191 104 234 467 84 56 443 370 252 331 355 208 29 147 150 351 116 339 202 153 70 60 447 172 343 286 258 405 134 264 171 18 137 399 6 251 347 381 270 133 205 297 425 168 253 132 407 42 486 361 412 321 279 159 475 409 155 417 7 416 322 335 408 266 167 255 225 267 259 437 499 410 342 307 222 68 158 402 477 356 465 163 145 385 315 262 431 365 228 238 324 8 240 21 198 23 100 373 178 131 357 210 392 313 227 272 199 107 312 244 122 148 85 310 223 444 46 224 51 31 113 19 109 426 494 57 138 94 144 101 456 135 337 479 43 93 403 90 491 193 260 451 320 273 482 76 177 4 211 98 441 220 348 283 366 213 492 184 237 5 79 371 396 30 292 460 151 142 169 442 49 236 268 186 398 380 119 187 464 250 397 487 316 118 121 235 434 170 480 58 204 334 44 1 196 368 496 281 466 327 285 54 455 352 269 95 75 192 219 421 383 80 185 289 226 280 2 298 459 318 472 468 358 189 34 294 97 59 498 344 293 9 452 287 301 362 173 157 248 435 462 61 277 20 436 471 130 457 304 69 66 165 296 83 110 175 375 470 183 393 295 17 127 288 115 188 458 489 430 242 3 249 233 469 33 81 463 48 27 47 45 229 140 420 62 26 418 231 311 128 161 395 359 180 394 423 82 345 374 414 488 232 384 336 428 166 493 96 179 72 13 92 52 203 438 433 415 326 89 485 37 176 317 114 319 24 314 391 291 99 346 245 50 449 340 411 22 256 38 218 111 91 112 216 439 71 376 363 146 454 309 377 217 117 328 386 446 209 239 490 214 86 274 230 40 136 247 275 12 364 246 323 497 10 387 389 325 263 257 182 197 422 194 271 461 164 406 448 139 16 302 308 278 221 338 53 200 453 67 473 450 103 77 284 105 276 440 303 390 265 125 36 349 500 78 156 11 476 74 261 
Sun Apr 06 13:17:31 2014
times:6
solution is:33034.000000.       temperature is:999.990000
ans array:
264 347 152 350 300 465 257 41 477 459 87 361 413 120 174 63 237 388 360 99 374 62 432 470 281 408 163 221 84 211 106 369 353 266 208 496 240 113 403 474 58 212 160 425 327 181 7 395 11 437 285 224 426 390 34 126 95 45 124 39 14 96 206 421 158 101 171 318 223 463 324 371 170 431 42 472 18 167 306 419 497 455 83 307 165 416 460 322 5 137 94 399 330 484 141 28 382 80 202 451 315 231 205 344 193 342 404 412 232 214 456 282 313 312 428 272 337 215 385 92 9 415 251 151 284 145 182 356 354 93 429 32 105 191 226 292 23 293 492 61 15 225 405 334 229 348 29 133 340 107 443 97 453 248 207 241 409 35 253 372 338 397 143 499 379 420 260 485 19 234 57 22 450 486 176 452 60 343 305 495 44 2 46 159 187 185 279 275 166 118 298 407 256 48 98 76 345 444 238 488 401 321 119 273 153 283 296 210 195 378 131 246 102 108 199 335 59 186 297 142 67 117 402 116 267 255 414 129 16 475 398 198 245 295 155 436 478 139 362 367 320 154 130 384 89 169 123 259 31 339 168 373 294 200 121 8 480 461 482 351 381 134 438 204 68 147 144 127 73 55 90 491 213 304 400 104 410 483 269 458 424 341 177 333 201 70 82 418 254 190 197 217 468 434 268 396 149 140 448 352 148 311 317 277 209 447 173 358 446 180 156 252 423 222 85 481 363 243 263 349 53 430 146 56 189 308 12 258 406 411 467 271 462 493 128 286 445 329 316 389 376 262 51 66 250 122 196 375 175 136 179 100 433 319 469 71 88 441 479 24 276 192 49 498 203 368 4 380 244 47 303 242 227 357 365 103 270 162 178 278 280 336 449 109 427 150 43 112 230 359 355 17 54 75 135 325 309 172 274 471 464 265 417 115 370 10 346 20 6 38 157 65 494 184 314 422 310 287 457 77 386 301 331 125 30 487 454 299 228 220 138 332 476 235 164 239 387 50 40 366 111 393 81 74 79 291 36 236 194 466 435 323 132 288 391 25 64 392 290 110 473 326 188 219 78 439 21 233 261 13 489 72 183 114 247 490 161 69 1 364 302 86 33 52 216 218 500 249 383 394 26 3 440 328 37 27 91 442 377 289 
Sun Apr 06 13:18:43 2014
times:7
solution is:33036.000000.       temperature is:999.990000
ans array:
194 148 87 152 28 251 61 234 14 48 11 134 420 46 347 174 153 130 231 397 398 312 257 470 144 170 306 169 332 102 228 357 498 305 345 298 437 88 120 274 97 39 307 401 124 60 382 440 98 107 207 157 262 392 18 297 485 339 296 341 137 322 252 484 5 191 1 44 351 445 149 374 34 404 342 472 266 286 41 138 264 324 202 302 258 128 68 158 408 405 206 259 377 117 181 367 350 409 426 486 45 218 356 317 493 50 235 388 481 477 370 424 89 108 154 69 304 73 321 371 308 105 352 353 413 442 142 210 344 386 478 141 232 213 146 462 330 172 6 199 360 23 113 256 135 133 399 359 129 327 456 354 384 362 196 381 451 166 372 469 159 449 114 204 250 432 198 499 8 346 147 226 474 254 160 337 4 379 260 240 205 249 25 244 65 22 270 186 400 326 248 220 99 237 465 435 389 448 475 301 488 373 42 80 143 299 480 55 282 7 412 209 51 421 190 460 483 150 219 20 81 272 334 482 246 195 479 239 10 223 441 164 84 277 17 464 15 476 75 497 329 407 229 90 16 414 403 255 492 211 193 123 303 94 183 292 175 93 410 163 355 429 487 92 242 52 54 447 349 197 365 333 171 177 29 467 76 383 436 368 43 32 468 455 369 430 180 452 203 225 275 136 273 101 289 165 224 494 221 495 416 161 348 151 496 62 173 315 425 100 313 162 19 294 189 82 208 119 427 434 118 279 63 214 300 131 192 70 443 293 376 201 2 85 56 59 411 314 215 269 30 126 446 241 31 284 57 309 283 417 457 419 491 21 335 463 110 340 395 233 453 78 176 24 431 122 402 47 230 121 95 473 167 38 418 49 466 222 155 79 320 140 104 489 378 459 245 263 325 96 500 112 285 182 253 454 184 336 106 387 316 217 12 281 291 461 37 318 288 27 227 145 168 358 319 64 290 267 438 67 238 433 236 36 280 415 471 33 396 66 83 422 188 58 271 394 338 366 35 458 328 9 103 216 187 40 423 139 343 77 74 295 406 111 115 490 200 385 361 132 127 53 428 125 450 3 178 268 276 323 72 278 261 86 179 363 380 287 375 156 109 310 331 391 444 185 243 439 71 247 26 265 364 212 311 13 390 91 116 393 
Sun Apr 06 13:19:53 2014
times:8
solution is:32948.000000.       temperature is:999.990000
ans array:
489 465 15 450 74 55 300 76 145 332 32 28 147 242 61 120 350 496 432 360 382 152 119 386 392 123 306 436 173 233 240 94 146 347 97 108 172 281 388 149 39 58 148 63 477 426 81 485 437 484 207 322 429 95 354 342 46 302 379 419 268 99 341 163 411 455 141 260 222 467 259 29 492 474 16 193 431 284 106 190 57 158 64 170 308 223 368 251 315 423 234 47 273 497 487 244 456 117 84 319 329 331 96 34 269 136 121 10 483 438 104 365 134 446 448 113 8 404 50 253 160 324 479 305 296 266 166 481 359 48 14 333 357 346 290 186 321 427 495 457 168 345 413 107 254 397 155 340 353 202 138 451 91 102 68 25 335 460 478 318 153 395 215 66 367 381 6 205 162 434 35 336 73 258 192 185 169 19 194 330 150 228 252 272 93 245 72 407 264 213 287 279 203 221 159 236 49 87 362 116 7 241 452 352 312 124 92 197 445 231 356 283 366 226 210 461 127 471 417 454 255 294 358 239 409 232 313 482 441 18 453 472 219 375 220 295 189 125 277 42 198 209 400 201 80 398 384 494 167 191 304 37 421 51 418 196 175 385 374 132 23 480 109 135 399 41 311 118 157 443 44 9 373 339 133 83 420 267 30 393 263 435 246 21 129 371 422 130 243 282 327 85 103 447 56 217 161 256 176 238 225 22 69 343 310 394 376 114 276 275 70 298 180 351 164 412 355 126 43 415 433 424 212 211 408 396 378 174 326 235 45 182 309 27 36 314 249 105 490 13 140 208 297 361 280 154 4 401 40 486 199 142 262 237 110 468 488 79 89 224 370 425 337 286 317 414 1 75 462 131 122 449 403 5 498 60 187 285 151 459 348 291 248 466 307 390 181 444 493 334 183 137 316 204 257 292 410 52 165 323 206 65 299 112 139 12 270 178 200 271 188 476 463 369 499 469 77 470 301 20 144 100 230 229 111 177 195 82 372 475 293 380 405 349 54 179 128 31 218 143 86 156 67 464 274 24 383 184 227 62 88 439 473 328 442 416 171 389 90 53 247 101 491 391 115 363 303 458 17 344 338 428 320 387 278 288 250 500 430 78 38 364 2 214 261 98 33 59 289 216 440 265 325 377 26 3 11 406 71 402 
Sun Apr 06 13:21:03 2014
times:9
solution is:32971.000000.       temperature is:999.990000
ans array:
126 55 28 306 131 57 300 124 474 480 208 381 486 174 212 97 360 478 39 341 194 259 329 401 382 465 58 496 129 160 18 321 404 347 383 120 155 162 158 490 281 210 420 19 159 190 224 314 443 152 122 350 242 169 479 167 84 472 365 435 308 7 170 395 46 197 144 177 447 266 254 251 94 374 403 484 235 195 123 102 133 107 402 23 267 233 142 48 455 240 264 358 248 127 113 357 284 22 238 426 9 138 68 205 453 106 149 184 462 477 34 326 181 207 464 353 305 449 407 10 286 497 73 49 65 121 362 418 191 29 335 491 367 431 135 257 227 274 495 397 234 237 296 108 425 222 373 185 172 322 244 60 307 230 25 468 239 356 315 186 481 293 260 351 297 198 193 189 446 424 5 330 8 241 371 295 206 413 354 31 463 485 226 178 379 246 11 476 334 24 171 228 165 411 392 215 494 421 96 253 409 79 43 437 332 85 388 331 460 166 359 147 92 3 93 173 436 118 429 13 405 277 91 483 370 69 90 333 164 312 161 130 498 473 41 89 343 318 408 469 433 213 298 389 44 348 458 324 412 101 50 140 148 313 141 337 145 14 385 20 154 456 203 221 438 30 488 95 475 146 493 115 292 399 117 86 319 276 42 499 137 35 175 363 87 110 176 88 132 80 157 457 445 1 282 368 112 378 12 36 271 273 77 320 249 225 250 442 99 323 75 116 290 289 192 256 301 136 316 52 377 4 467 53 327 105 280 47 54 143 40 340 236 109 209 352 223 153 45 82 255 21 196 220 452 83 37 272 415 180 283 459 6 98 410 448 66 262 163 247 56 70 168 434 182 151 187 104 416 390 355 339 201 128 114 51 470 61 500 430 59 243 427 103 216 444 125 372 214 487 17 119 492 188 279 346 311 414 294 38 369 62 64 439 232 63 15 376 32 396 202 375 317 342 231 345 423 450 428 303 387 245 291 278 461 179 384 252 285 81 471 398 366 211 139 406 422 361 466 269 287 134 229 217 349 393 451 482 304 26 33 270 309 261 199 310 440 258 156 441 27 432 417 16 344 454 263 100 288 72 111 67 74 328 78 268 204 275 299 386 2 218 265 338 364 394 400 302 391 71 325 150 219 200 336 380 183 489 76 419 
Sun Apr 06 13:22:14 2014
The average run time for the algorithm is : 70.635500
The average solution for the algorithm is : 32986.300000
The maxx solution for the algorithm is : 33057.000000
The minn solution for the algorithm is : 32910.000000
