period=100.000000
Sun Apr 06 16:08:36 2014

N=500 M=20
times:0
solution is:33007.000000.       temperature is:999.990000
ans array:
322 463 478 257 347 399 152 5 84 360 412 436 15 169 260 18 202 212 145 7 220 64 174 129 496 382 437 353 72 154 333 19 307 492 99 254 331 312 241 233 494 224 409 266 41 286 321 306 371 170 171 259 251 443 429 483 451 46 413 149 420 305 2 11 298 242 168 474 87 97 350 113 466 94 214 57 147 456 128 225 134 187 193 481 477 160 34 222 416 48 279 148 88 324 448 351 470 453 374 417 390 162 102 486 206 20 59 388 357 472 138 12 397 159 107 101 281 116 63 465 404 424 461 468 141 207 173 243 469 9 23 410 115 264 204 248 356 366 314 435 39 379 297 460 185 367 60 123 132 142 293 476 401 495 42 446 234 354 425 103 491 240 43 315 235 191 452 155 178 376 110 485 73 326 126 205 121 359 181 230 98 487 271 135 434 28 40 4 418 16 361 381 150 348 484 124 346 223 296 196 215 79 167 287 253 172 408 396 462 47 345 55 327 190 414 386 282 200 125 283 158 49 294 244 341 330 120 415 21 194 488 33 393 256 114 295 339 226 237 217 45 292 82 25 100 263 118 122 198 180 210 208 197 140 433 407 13 365 332 22 318 37 69 29 76 163 156 153 268 175 236 258 108 383 67 14 438 317 373 111 189 277 403 445 117 106 392 238 419 109 176 362 186 65 372 95 199 405 479 422 308 53 471 343 272 475 457 51 368 323 209 221 378 112 431 336 1 8 96 375 219 66 104 83 246 459 384 421 80 213 288 427 480 377 313 151 139 136 203 250 61 35 133 428 44 426 58 273 131 449 482 447 285 56 143 195 355 229 75 344 335 278 30 93 262 267 137 26 432 119 130 319 70 402 304 458 352 105 342 441 164 144 71 493 68 274 363 157 231 385 329 252 52 32 320 36 489 89 464 255 146 269 284 303 370 188 301 265 500 299 309 328 498 497 127 337 228 91 400 440 179 358 280 467 90 245 338 211 391 249 316 423 473 227 334 10 31 92 291 276 74 369 184 85 499 455 454 183 395 439 349 165 340 161 78 290 387 325 192 24 247 201 270 62 177 444 490 275 216 182 81 54 442 394 86 389 364 450 77 6 406 218 38 310 27 380 50 3 289 166 17 311 300 232 398 411 261 430 239 302 
Sun Apr 06 16:10:21 2014
times:1
solution is:32988.000000.       temperature is:999.990000
ans array:
360 97 350 34 300 170 215 200 432 191 11 496 133 367 374 95 224 35 244 306 381 480 351 303 495 204 168 171 61 358 205 185 397 28 29 413 124 19 195 18 264 108 357 407 472 437 353 94 128 465 354 174 484 342 359 134 396 485 152 478 153 39 259 101 254 234 96 48 481 412 459 15 66 242 491 59 404 220 487 131 32 167 226 162 316 373 57 154 211 471 257 377 315 63 102 378 356 21 369 113 277 492 379 173 241 248 130 462 110 160 331 483 188 228 341 463 346 16 408 107 7 428 225 474 345 274 147 75 398 201 190 165 347 266 158 395 103 84 494 386 151 202 333 460 411 206 14 452 199 320 416 297 405 239 223 355 55 42 270 23 251 420 43 365 337 313 469 433 425 64 125 400 449 366 312 172 475 293 431 415 144 182 410 142 388 279 252 479 418 414 488 163 193 390 210 129 76 456 232 82 196 370 120 208 93 334 321 361 88 423 181 497 283 301 197 106 295 455 339 383 276 73 17 143 146 332 255 25 421 136 207 490 362 457 272 141 443 308 100 135 296 294 186 436 305 104 302 213 212 178 419 238 235 240 314 13 260 126 8 281 231 324 343 85 470 448 209 219 498 56 371 429 118 41 372 317 304 9 203 169 434 417 282 298 6 121 340 119 122 117 222 60 49 138 327 278 454 149 184 5 161 422 292 348 426 187 451 285 382 237 90 47 2 116 54 4 45 159 109 290 352 89 335 409 489 286 319 99 253 486 155 403 71 445 230 267 65 446 330 50 401 132 164 438 79 375 329 12 233 441 175 67 427 387 262 52 24 468 284 289 44 435 214 258 493 194 176 183 376 105 247 137 322 166 363 439 80 20 500 318 444 477 384 40 368 310 192 145 323 69 114 148 309 307 326 380 123 393 263 53 325 275 198 385 364 461 466 72 256 30 22 150 442 36 250 236 227 482 111 139 189 68 280 180 473 447 91 46 112 273 291 268 58 299 86 221 424 344 51 467 243 245 338 115 3 177 87 127 1 70 394 33 216 62 249 81 38 464 265 430 77 229 26 92 269 98 83 389 392 140 246 453 391 217 10 27 476 157 218 399 288 328 311 450 458 179 349 74 287 406 261 78 156 37 440 336 31 402 499 271 
Sun Apr 06 16:12:05 2014
times:2
solution is:33126.000000.       temperature is:999.990000
ans array:
189 437 34 496 403 254 126 388 487 95 303 353 333 109 198 162 251 361 172 281 15 294 397 106 170 39 73 8 393 318 317 240 351 332 468 146 208 120 472 219 459 414 274 477 48 31 476 462 195 159 291 322 474 264 49 210 28 426 154 263 205 22 488 176 305 443 335 155 370 312 330 171 381 485 327 383 350 425 357 413 495 44 55 469 18 150 445 113 56 104 478 356 484 61 486 324 45 297 366 75 237 74 382 87 153 131 367 85 259 211 347 479 50 406 255 97 12 152 260 359 149 252 407 46 494 373 121 248 399 123 47 290 275 340 88 339 196 326 99 410 58 272 92 412 315 215 408 354 277 401 239 308 115 135 93 185 54 231 147 23 129 98 465 395 174 133 416 140 145 202 241 302 306 246 313 40 100 475 372 444 226 455 29 222 167 14 206 82 376 51 467 83 173 107 492 229 300 7 491 30 288 398 16 80 436 223 482 253 232 422 314 348 119 111 387 269 20 204 337 233 36 438 225 365 343 193 299 122 242 130 114 461 266 342 5 217 182 293 355 385 280 209 258 331 418 21 262 346 304 439 191 169 379 460 369 276 283 456 415 207 35 497 102 17 224 470 352 284 70 10 81 420 148 142 338 441 238 42 271 235 139 11 375 341 405 117 160 67 186 434 325 349 183 471 201 94 362 435 389 244 197 137 378 132 84 9 282 188 286 480 158 307 164 59 108 287 310 499 270 4 377 447 68 77 41 452 24 421 464 419 90 411 199 163 190 298 165 292 212 245 256 179 360 481 200 295 409 96 236 396 446 220 433 180 453 374 181 458 358 473 392 371 19 321 63 257 384 138 249 76 394 25 483 43 424 334 279 79 429 144 175 493 448 166 442 66 1 427 141 278 423 184 344 228 57 323 194 451 329 214 62 218 151 71 124 250 417 53 404 234 243 72 230 110 143 466 267 498 64 168 203 213 316 38 136 112 320 86 368 216 52 134 301 27 489 91 457 192 6 273 101 432 13 463 118 157 177 328 156 336 309 65 78 364 32 285 105 454 490 345 125 380 363 500 386 319 296 2 116 161 265 128 400 390 402 26 268 33 227 69 221 289 450 440 247 428 261 449 391 127 311 431 37 103 187 430 60 89 3 178 
Sun Apr 06 16:13:53 2014
times:3
solution is:32963.000000.       temperature is:999.990000
ans array:
257 450 219 152 306 97 76 61 160 478 212 150 360 234 64 413 341 170 159 374 409 153 491 46 347 117 57 353 146 158 251 259 131 443 94 58 335 350 205 141 297 317 44 390 120 7 432 327 472 185 365 382 343 468 481 345 55 36 167 484 173 290 456 459 52 281 417 190 236 475 171 282 48 180 372 18 351 371 215 403 377 40 264 301 15 308 465 197 348 298 103 233 412 464 191 207 337 21 436 411 438 155 104 331 294 65 300 165 305 29 378 235 388 96 381 129 357 79 88 124 474 355 100 419 373 206 279 186 225 154 252 92 182 366 488 429 485 99 292 431 354 169 480 242 295 174 147 414 407 487 32 56 193 45 397 11 93 175 226 228 332 495 41 342 486 356 399 136 108 220 283 8 144 440 447 320 224 315 384 231 304 346 244 25 260 469 367 375 35 489 110 130 23 240 22 241 17 243 467 28 237 85 446 434 253 449 324 250 462 14 494 222 118 106 426 168 73 145 441 284 187 266 203 497 43 232 107 89 262 362 453 19 200 51 134 151 63 149 460 192 114 307 470 239 9 127 326 408 471 387 312 424 210 370 62 189 427 143 166 442 142 132 473 415 477 318 126 208 404 211 418 271 483 184 5 457 213 42 270 395 249 2 379 448 84 492 267 20 123 385 80 34 269 302 50 13 268 277 323 60 39 198 437 479 498 383 476 47 393 336 221 115 133 163 255 329 402 416 229 482 299 344 433 202 112 293 452 425 319 135 325 321 406 274 53 188 102 458 286 254 90 113 490 410 285 247 176 75 38 82 49 400 138 466 313 339 435 98 109 105 172 230 463 420 69 396 394 195 164 177 6 444 101 358 119 454 68 386 245 423 1 139 349 340 72 368 287 91 16 70 81 87 12 309 405 248 322 181 455 451 258 352 276 296 401 316 218 398 314 162 338 204 328 30 209 380 223 121 111 263 54 461 157 196 128 392 280 334 122 256 272 311 137 310 214 183 24 74 289 4 125 278 369 10 148 361 439 3 246 500 37 421 428 359 216 66 179 178 67 217 83 31 422 201 364 59 291 333 493 363 27 499 86 430 238 33 78 391 376 273 199 26 194 71 161 77 95 261 288 227 303 140 156 265 445 275 389 496 330 116 
Sun Apr 06 16:15:40 2014
times:4
solution is:32948.000000.       temperature is:999.990000
ans array:
257 129 403 478 347 160 152 353 126 325 189 64 141 359 123 193 124 46 431 119 185 360 348 362 412 418 490 30 300 354 248 154 241 234 455 467 147 240 269 15 462 113 456 97 303 296 54 196 408 465 202 171 60 19 434 76 107 350 346 477 322 292 39 205 195 453 153 130 425 180 259 117 168 436 35 84 351 252 170 120 61 32 381 131 413 204 382 210 182 496 342 219 212 352 82 63 423 198 7 29 197 443 333 409 460 379 282 211 41 491 398 358 223 98 484 424 158 301 485 264 499 207 357 397 312 116 55 469 274 280 224 228 365 392 28 12 428 369 221 146 297 11 321 143 432 217 118 215 251 111 104 472 266 167 174 128 279 4 181 187 88 463 122 96 315 231 220 226 121 298 305 470 47 332 253 149 75 109 148 102 155 388 447 415 165 386 151 9 336 340 404 479 237 330 489 421 370 213 487 318 79 368 488 313 14 389 459 290 106 48 43 317 338 235 203 50 93 85 454 437 492 331 5 366 481 150 483 21 110 44 208 337 324 58 452 108 24 383 94 206 34 142 304 2 169 435 355 22 277 243 426 239 429 493 8 66 31 339 166 367 328 49 176 230 281 372 438 17 83 319 471 410 451 209 23 260 371 72 73 349 71 244 275 37 396 399 51 320 414 186 395 356 57 145 184 466 191 81 263 268 400 255 405 288 242 343 468 164 262 293 373 232 311 486 440 276 80 18 40 498 162 364 173 377 100 225 95 374 254 136 302 229 87 20 132 144 16 327 387 273 376 140 385 384 480 445 334 308 77 295 222 45 407 89 345 250 99 378 271 341 247 314 329 70 178 482 92 56 200 473 307 62 287 344 391 172 306 411 138 188 175 52 135 446 285 294 103 42 375 115 78 33 74 417 163 474 299 286 291 133 441 157 139 233 401 127 439 59 335 38 161 67 267 112 218 245 309 419 416 90 236 326 495 183 427 86 393 246 199 361 363 101 272 134 6 310 25 464 283 458 278 137 284 194 256 227 65 316 114 249 69 201 289 238 177 190 457 500 26 433 1 475 494 3 406 394 461 390 125 258 450 68 10 380 448 449 476 497 53 444 323 179 270 261 216 156 36 192 214 422 442 13 265 27 430 105 420 159 91 402 
Sun Apr 06 16:17:26 2014
times:5
solution is:32774.000000.       temperature is:999.990000
ans array:
6 152 381 360 55 403 347 236 341 66 251 399 353 412 500 472 87 58 153 124 158 21 468 397 481 130 382 359 169 312 411 97 260 208 306 39 28 413 254 269 159 60 482 45 485 191 141 407 357 187 193 460 351 44 205 365 431 346 137 295 434 478 495 367 122 320 223 131 220 447 361 168 186 10 494 491 297 333 225 120 480 355 417 165 335 19 123 466 371 252 329 135 181 189 206 401 167 128 339 326 492 388 29 219 465 496 50 456 484 436 467 174 31 213 369 340 94 241 243 379 178 395 462 345 373 106 80 308 90 240 42 200 35 425 274 370 18 222 108 327 488 439 322 5 334 277 476 172 475 7 49 15 93 143 101 239 211 259 483 416 129 330 493 408 426 459 429 443 293 207 103 43 264 134 343 244 41 84 95 455 414 157 25 202 65 257 490 275 98 423 304 362 454 237 300 477 160 441 315 32 226 149 298 107 99 198 242 498 57 144 380 421 140 188 313 266 175 305 290 249 453 487 83 102 418 89 48 255 215 470 182 406 348 479 162 262 195 47 68 173 392 231 349 342 116 212 292 184 75 473 437 409 156 448 228 126 461 170 40 376 284 438 72 415 268 136 155 271 203 428 377 383 281 104 142 147 279 393 321 435 350 307 314 81 258 309 117 8 112 154 113 11 92 54 385 296 146 76 384 294 464 354 88 180 192 328 17 79 150 138 56 402 176 151 22 145 234 105 405 267 273 272 288 457 96 77 62 404 427 283 356 1 398 318 13 344 366 9 287 372 63 119 230 324 282 148 471 291 121 23 469 420 233 263 301 109 424 337 133 336 46 452 197 410 352 139 449 166 387 209 486 229 52 2 64 246 458 114 34 280 20 199 190 16 118 422 419 221 276 378 73 14 78 201 302 270 310 432 285 316 61 217 110 446 253 311 325 256 171 214 374 51 235 204 331 127 430 319 125 368 132 224 164 451 390 115 332 440 82 323 289 499 278 85 248 450 210 303 299 247 358 497 194 37 30 196 100 232 396 317 53 33 389 12 4 386 179 67 445 59 71 238 286 86 474 3 161 185 375 177 245 442 36 111 391 24 70 183 433 27 163 338 261 394 444 400 216 227 463 363 38 265 69 91 218 26 74 250 364 489 
Sun Apr 06 16:19:10 2014
times:6
solution is:33065.000000.       temperature is:999.990000
ans array:
189 109 126 55 102 420 450 242 251 215 403 315 321 465 246 353 254 107 347 344 174 154 474 28 87 59 361 438 424 124 416 477 415 113 306 170 409 348 373 313 351 60 382 281 210 123 193 431 492 312 329 19 226 41 367 58 388 356 454 195 196 224 436 4 257 379 18 106 155 330 412 340 266 341 114 432 405 479 94 76 182 97 137 32 203 429 5 81 487 264 397 207 386 50 413 2 453 407 296 478 495 230 452 141 191 297 44 371 489 61 482 401 269 457 292 42 301 15 198 443 35 85 117 335 267 259 355 240 142 172 441 223 93 294 233 455 369 162 354 7 362 185 434 350 14 149 197 34 29 244 133 120 293 121 255 23 205 148 260 480 46 365 481 324 392 88 418 300 283 417 79 199 268 500 343 360 135 65 169 190 9 200 147 414 276 472 322 20 295 10 31 499 302 378 305 262 158 49 368 108 25 325 68 253 468 184 352 100 396 104 134 317 404 119 421 225 486 8 179 239 80 234 408 206 332 213 228 460 271 57 39 138 333 219 231 298 327 250 101 299 131 236 381 21 447 99 48 326 66 56 272 103 157 75 374 129 22 485 484 359 51 437 467 471 72 17 288 128 16 449 186 282 227 221 342 26 220 445 165 483 390 202 258 209 377 275 284 241 459 130 238 384 47 280 77 426 462 290 466 3 248 83 419 451 289 376 52 175 490 279 145 357 116 411 181 95 140 291 127 139 277 314 383 345 469 132 370 160 375 204 346 37 446 448 274 30 151 337 168 308 11 177 493 6 336 164 229 425 122 153 118 73 90 320 439 163 150 394 304 237 464 12 393 84 319 496 146 43 488 428 91 395 270 318 338 243 473 96 249 366 212 440 64 115 92 391 211 339 311 98 323 67 183 423 218 161 24 82 442 278 33 427 331 222 45 252 54 307 334 176 385 263 143 399 358 208 89 422 310 273 214 285 398 363 201 433 245 171 406 380 287 156 400 328 444 71 256 372 286 70 188 194 389 1 180 144 430 27 125 232 86 13 435 216 475 476 461 410 491 494 192 173 62 458 303 112 217 470 110 167 136 261 463 387 78 40 497 402 69 36 111 178 53 498 316 247 265 74 105 364 235 309 152 166 456 38 63 187 349 159 
Sun Apr 06 16:20:56 2014
times:7
solution is:32981.000000.       temperature is:999.990000
ans array:
194 347 360 478 237 350 141 146 382 378 15 79 339 159 388 152 35 436 488 34 223 19 255 120 25 170 389 88 321 28 327 226 281 472 283 418 412 11 202 167 297 437 362 399 348 39 486 487 186 351 286 431 177 477 208 456 465 452 14 18 200 264 215 48 414 498 455 182 231 160 140 57 248 134 432 209 384 49 299 55 403 185 45 93 155 89 166 318 298 324 168 306 205 107 267 352 190 481 193 212 460 131 434 230 157 307 244 448 8 326 493 495 197 314 169 76 37 411 266 474 118 317 175 367 426 97 243 443 413 295 462 63 174 312 342 270 252 23 42 203 149 376 302 340 47 104 467 263 366 429 184 224 240 153 447 241 233 44 32 87 204 59 323 124 392 181 300 196 356 176 451 386 494 353 2 4 172 401 280 69 156 98 471 135 133 415 236 22 361 64 416 129 397 201 320 359 349 99 470 259 117 234 251 6 453 147 279 17 407 108 239 211 137 330 292 213 158 220 393 7 150 334 454 405 20 374 395 337 52 423 232 296 113 122 373 442 484 142 355 187 379 479 408 242 103 410 31 94 273 73 60 357 219 53 262 9 459 332 171 466 421 311 249 313 383 268 496 430 260 464 1 420 128 424 276 469 404 322 54 143 427 225 463 369 58 90 449 333 444 291 468 409 483 491 461 154 43 148 189 165 217 106 358 162 100 195 125 305 123 354 371 363 192 344 65 102 199 46 319 438 336 21 499 301 30 139 428 492 121 96 308 277 188 163 282 245 475 10 425 335 293 68 164 346 445 257 285 331 396 210 258 206 115 441 127 180 145 450 294 41 315 66 228 275 419 254 40 61 85 370 5 71 329 214 218 497 341 198 269 458 207 173 24 116 191 422 83 75 457 274 398 179 151 485 101 110 435 80 221 161 480 325 482 136 26 433 51 365 126 81 439 287 144 112 235 77 394 92 364 345 316 310 246 109 222 12 50 290 343 29 247 271 82 250 400 132 390 33 91 377 417 229 138 338 375 406 256 288 95 272 70 16 183 238 72 490 304 372 84 261 446 284 489 13 62 380 216 114 385 309 387 86 368 78 74 402 473 289 227 278 265 36 111 105 27 3 130 56 328 38 67 440 391 303 253 476 178 381 119 500 
Sun Apr 06 16:22:42 2014
times:8
solution is:33007.000000.       temperature is:999.990000
ans array:
11 341 306 360 240 330 200 28 257 443 205 382 281 212 34 379 129 153 353 260 416 113 181 233 29 237 124 475 99 88 409 93 421 414 189 160 84 115 152 147 297 455 138 163 411 413 478 145 381 322 377 170 151 248 191 476 460 486 6 479 56 371 197 485 231 337 481 264 407 491 336 177 259 472 174 358 361 48 21 293 141 107 456 354 105 106 22 187 169 279 96 333 8 35 255 418 298 226 167 332 483 18 451 399 462 467 340 367 327 465 234 471 76 393 258 4 242 46 262 80 241 343 221 42 329 17 61 275 121 190 193 477 311 164 461 135 89 326 146 149 495 463 397 254 85 484 307 30 395 250 143 321 448 251 348 356 97 295 20 266 196 5 110 500 350 64 100 305 150 58 158 431 148 165 108 186 342 94 199 253 434 16 335 188 55 172 396 365 494 176 7 391 31 296 15 283 51 243 457 202 210 412 277 487 220 458 144 109 420 352 357 373 161 339 44 423 244 269 405 239 498 302 130 392 209 23 72 134 345 493 195 133 300 208 363 123 204 142 430 155 154 428 497 468 217 432 474 323 489 127 404 60 368 280 388 71 230 272 429 201 171 440 43 157 375 284 122 235 490 207 415 246 50 492 137 54 52 98 312 435 90 117 81 256 331 290 320 92 398 433 426 446 470 73 439 24 45 386 175 370 355 223 313 182 278 444 294 39 347 318 315 87 299 310 57 159 267 131 319 140 417 496 436 268 225 452 286 401 424 27 194 362 438 211 184 374 168 359 236 103 304 14 383 394 480 41 482 303 102 400 273 425 19 469 488 314 454 372 215 65 245 66 228 292 2 410 214 232 82 185 387 334 441 68 271 25 419 33 249 116 120 47 390 101 325 308 224 351 328 213 227 378 32 389 291 464 119 198 37 70 449 91 173 1 317 166 447 203 473 408 316 95 12 132 114 229 118 270 10 499 53 178 222 83 445 466 156 9 282 263 238 136 349 369 192 276 285 218 288 59 219 63 385 437 346 427 366 376 252 274 442 67 206 338 344 36 86 179 180 324 380 247 111 162 112 75 384 69 128 38 139 3 126 49 403 364 125 62 183 309 453 79 78 289 104 40 261 216 287 26 13 265 77 450 301 422 459 402 74 406 
Sun Apr 06 16:24:28 2014
times:9
solution is:32977.000000.       temperature is:999.990000
ans array:
461 129 437 341 257 166 212 403 347 102 382 264 298 448 381 269 153 353 352 282 373 483 108 488 241 46 290 165 182 126 478 205 339 28 170 272 305 240 354 420 416 167 262 19 186 447 85 251 64 255 31 306 172 137 199 79 109 413 23 202 124 226 123 207 7 474 486 259 211 476 113 159 134 315 482 95 122 372 393 386 193 144 154 456 469 431 465 320 209 147 480 405 370 283 24 215 148 55 479 368 398 97 408 281 266 232 34 121 286 245 409 350 471 279 206 223 135 295 330 203 239 164 498 192 472 455 366 57 160 198 459 300 145 174 404 321 49 436 35 351 375 29 335 299 18 389 462 247 25 168 316 231 243 106 329 61 308 130 139 294 317 322 332 230 297 155 220 491 385 367 333 81 152 225 399 83 5 66 293 425 252 443 30 73 312 184 99 196 229 128 185 253 40 36 452 133 254 4 76 197 484 14 495 276 2 107 467 369 361 195 161 307 397 468 48 433 175 395 292 190 68 384 285 417 242 304 376 357 343 487 407 58 94 169 327 88 355 310 20 494 116 138 337 358 466 256 496 10 401 84 396 150 432 289 318 93 273 345 52 115 485 331 82 22 43 434 260 340 348 156 44 418 200 362 313 324 274 453 477 258 427 296 131 392 303 219 426 336 238 356 460 360 208 481 391 16 171 213 475 246 39 411 222 71 423 51 77 371 75 277 464 497 143 191 65 140 15 490 13 275 162 454 12 309 237 178 21 80 60 288 342 136 271 63 96 428 183 442 157 87 438 8 117 214 78 236 284 458 268 470 314 26 374 311 449 493 291 6 149 270 101 394 346 17 387 11 287 301 492 451 250 56 344 118 158 86 383 326 379 444 378 54 176 400 142 59 450 53 90 47 278 233 363 319 410 412 194 323 263 445 103 132 62 201 177 120 280 112 27 302 234 180 328 441 415 125 235 91 210 67 179 325 105 181 110 127 188 141 390 261 419 204 41 50 70 248 422 424 42 216 463 1 377 473 189 499 489 365 74 151 446 92 334 338 119 221 37 98 45 228 414 104 100 33 267 173 38 227 218 111 32 69 114 72 9 429 249 439 163 435 217 457 89 421 430 265 224 402 3 440 349 359 244 380 500 364 187 146 388 406 
Sun Apr 06 16:26:15 2014
The average run time for the algorithm is : 105.871400
The average solution for the algorithm is : 32983.600000
The maxx solution for the algorithm is : 33126.000000
The minn solution for the algorithm is : 32774.000000
