period=50.000000
Sun Apr 06 13:22:14 2014

N=500 M=20
times:0
solution is:30387.000000.       temperature is:999.990000
ans array:
220 209 22 79 51 48 314 268 497 236 277 156 258 479 57 181 239 139 107 342 167 162 124 284 76 316 14 272 298 19 185 350 196 6 38 144 320 375 381 442 327 202 434 153 297 126 332 349 354 24 216 172 173 160 301 21 254 90 309 251 335 226 222 323 439 212 289 472 231 13 213 456 141 480 318 494 176 85 45 459 179 86 225 369 218 15 378 431 484 417 489 148 102 5 388 422 40 101 198 39 313 135 70 18 397 56 356 132 493 280 159 207 353 87 449 131 170 194 337 31 20 30 406 374 380 430 3 35 235 462 27 96 441 315 310 346 191 233 355 387 404 492 142 282 224 55 230 371 288 476 143 368 23 311 243 328 379 232 240 50 448 468 264 398 290 281 217 168 123 33 411 203 98 65 339 427 152 28 184 47 432 275 262 171 136 405 259 457 491 7 391 246 461 293 386 305 154 252 234 364 308 408 377 211 84 336 260 69 319 83 193 116 367 113 215 77 306 385 483 473 63 393 138 453 204 105 134 34 206 133 64 359 200 452 186 137 343 291 117 485 263 477 245 4 370 285 165 221 423 25 409 158 1 169 360 294 210 395 295 41 88 466 496 190 219 110 164 500 104 407 42 425 115 255 53 419 286 273 317 228 163 166 74 287 161 130 348 229 238 29 340 250 464 91 242 424 470 358 487 49 227 197 420 322 274 241 59 109 446 463 475 122 376 205 128 304 177 75 278 402 147 292 344 199 93 182 106 119 140 357 399 433 307 454 482 271 303 266 338 44 428 270 474 103 36 68 373 413 351 257 125 437 60 223 416 321 188 392 58 11 12 333 312 80 345 8 183 73 276 396 498 326 352 9 444 324 269 100 26 149 146 438 89 189 46 486 418 92 32 10 447 253 465 390 495 67 366 414 248 17 283 208 341 2 214 178 329 52 362 192 267 82 187 361 365 450 61 195 389 440 121 426 81 415 94 145 436 118 120 62 129 150 201 127 111 157 302 451 325 249 347 71 488 256 112 331 37 478 384 400 394 151 244 467 363 469 114 95 299 97 108 54 237 435 443 180 279 72 421 455 429 300 155 99 403 296 261 412 265 460 175 481 471 401 334 78 445 174 499 247 383 458 330 410 43 372 382 490 16 66 
Sun Apr 06 13:23:19 2014
times:1
solution is:30183.000000.       temperature is:999.990000
ans array:
484 79 191 229 96 5 124 298 314 231 17 148 202 280 76 239 315 343 169 24 7 119 132 272 316 196 408 34 466 431 28 277 391 147 200 398 198 299 14 444 300 126 185 113 142 77 493 48 494 23 439 170 164 301 90 224 188 165 407 31 420 130 209 353 430 347 131 247 211 375 395 215 87 337 288 380 354 181 311 286 251 442 434 370 85 176 234 70 57 357 6 492 417 349 97 213 18 39 476 127 104 456 310 342 107 226 204 307 153 46 284 13 123 475 328 19 415 15 159 40 355 443 114 385 374 268 187 285 212 309 222 207 163 86 135 473 445 255 138 189 483 156 497 461 274 184 216 238 30 266 240 160 338 37 480 250 83 289 68 218 167 56 460 421 232 440 427 350 98 472 479 462 438 273 419 103 336 389 441 236 388 109 51 404 22 454 49 489 346 206 117 110 192 203 304 141 401 405 418 416 258 287 276 386 453 463 146 259 303 422 144 93 500 2 373 377 319 437 221 356 155 112 197 193 172 477 33 482 362 235 182 219 225 265 295 359 4 423 275 53 428 246 318 105 32 471 35 58 72 254 73 372 174 392 271 451 186 180 136 312 38 412 21 306 371 364 121 36 322 467 449 242 8 122 406 326 60 29 278 245 50 368 379 399 137 201 81 324 59 220 452 1 470 99 321 329 151 43 348 190 302 383 161 281 257 296 152 325 351 78 63 394 425 41 327 45 95 297 261 393 223 210 446 74 158 486 448 233 294 290 69 366 150 84 474 458 487 194 253 133 330 435 358 308 369 143 262 252 283 171 267 495 183 89 205 102 214 361 433 3 376 378 411 260 341 228 178 145 106 118 108 387 264 424 269 111 432 65 305 71 11 20 91 100 365 390 177 409 447 491 499 291 293 80 67 173 92 429 488 237 468 360 263 52 55 134 208 333 498 414 140 227 116 27 352 485 397 345 54 459 363 313 12 413 26 101 25 217 82 410 426 42 64 400 478 396 115 402 44 125 248 344 241 455 168 469 9 244 249 243 279 75 320 465 47 157 317 179 339 457 323 195 464 292 256 384 10 16 199 335 128 62 490 139 367 162 436 61 450 149 129 331 332 403 94 154 66 270 175 88 120 481 381 382 166 334 340 230 282 496 
Sun Apr 06 13:24:23 2014
times:2
solution is:30234.000000.       temperature is:999.990000
ans array:
319 28 209 48 138 9 14 162 431 355 196 314 102 316 197 200 337 282 306 239 496 277 135 338 298 315 473 482 442 301 207 168 76 57 245 198 293 153 187 332 193 156 27 6 493 34 85 142 124 69 212 232 93 297 382 407 169 141 375 417 70 284 497 176 216 405 148 310 268 13 309 159 404 206 371 185 246 231 63 285 5 65 224 470 86 171 346 313 272 131 370 397 303 487 408 107 33 113 288 300 381 147 464 79 164 398 308 287 190 24 305 126 158 143 217 491 286 10 38 389 457 320 430 342 204 64 161 462 356 412 318 266 165 218 117 15 77 17 219 307 444 22 391 23 494 415 489 182 460 349 184 116 475 350 388 386 273 68 392 425 433 328 137 275 242 406 449 41 125 311 295 127 459 96 39 374 364 114 146 84 139 466 45 56 90 291 222 437 380 154 51 258 225 263 379 453 354 7 378 213 144 353 83 446 236 87 31 439 177 274 281 103 101 359 163 445 105 42 377 254 260 456 468 46 443 369 240 322 230 21 167 4 403 347 37 427 97 351 47 115 26 19 227 188 211 155 194 472 483 410 335 271 419 189 12 234 249 424 166 215 106 481 259 440 237 448 343 78 476 385 120 339 98 400 241 3 265 248 438 136 321 226 434 393 247 326 229 416 324 360 122 203 327 183 365 104 361 1 121 413 112 250 485 267 499 49 423 140 180 108 74 344 256 238 210 30 81 151 235 399 252 341 317 18 488 29 186 395 451 257 55 330 16 348 36 221 376 262 278 251 52 486 134 174 401 358 53 192 474 294 244 329 390 100 99 478 111 396 334 58 149 345 233 72 208 199 92 71 421 8 80 414 73 498 333 264 110 373 495 145 409 43 133 67 435 458 418 296 411 429 290 35 394 292 366 384 465 214 436 402 94 477 325 91 62 44 118 283 243 455 178 372 463 32 367 157 461 269 447 95 66 25 368 191 61 89 352 441 75 387 82 492 336 20 323 253 220 60 289 426 490 128 119 59 130 261 228 11 422 450 480 255 129 362 469 500 160 454 312 201 484 2 179 467 123 172 280 223 302 452 471 181 428 205 170 363 175 383 270 195 150 88 173 202 132 54 432 357 279 109 479 340 276 304 152 50 331 420 299 40 
Sun Apr 06 13:25:28 2014
times:3
solution is:30246.000000.       temperature is:999.990000
ans array:
175 229 227 343 307 401 218 375 85 156 230 148 13 286 196 316 353 48 162 19 367 297 406 126 5 342 185 298 70 160 277 405 280 65 79 417 493 186 15 442 39 202 362 336 480 282 288 462 142 487 314 264 130 190 38 425 251 27 159 24 289 164 232 380 310 209 472 82 445 95 370 430 431 124 106 358 315 197 153 254 246 303 31 139 107 51 144 309 381 213 396 176 441 497 117 64 382 68 174 268 147 318 90 168 259 466 18 204 413 216 459 198 257 398 195 453 266 173 284 422 239 217 3 35 338 399 420 389 104 404 114 132 194 456 42 272 332 135 165 179 494 355 334 419 207 489 7 34 226 443 30 248 138 463 63 483 340 33 434 26 87 457 32 412 1 154 83 14 205 102 86 293 184 17 458 76 359 383 290 182 485 166 449 242 439 341 72 347 234 261 473 36 215 200 206 397 224 319 378 428 308 415 16 432 223 356 170 374 410 49 123 276 447 460 301 113 212 348 4 125 98 440 274 101 313 484 306 411 295 312 131 249 88 393 188 84 77 433 11 351 53 118 461 240 471 311 29 163 416 436 255 193 258 395 211 233 388 45 384 141 116 28 228 46 446 470 167 278 93 265 451 75 9 47 177 127 62 271 99 178 89 361 238 331 94 43 435 121 20 40 427 73 491 363 67 324 344 391 161 203 221 108 279 146 122 429 414 140 492 350 8 57 78 327 346 81 180 448 10 317 54 183 438 256 244 61 474 192 273 241 326 300 345 464 294 320 133 155 322 270 403 50 145 421 392 74 323 437 260 157 292 333 302 128 231 41 243 400 496 409 44 450 499 452 105 103 368 366 325 390 134 426 136 360 490 149 467 386 369 21 66 352 285 214 151 52 96 357 373 80 150 423 283 109 69 379 91 299 137 55 304 222 488 6 129 468 220 321 476 402 59 262 158 210 495 454 328 364 372 407 58 424 56 112 110 500 12 263 225 71 119 337 387 219 169 479 25 22 486 478 208 377 120 236 339 469 287 92 376 291 482 253 475 100 444 371 498 199 305 481 477 247 97 172 23 2 235 394 269 385 281 115 60 296 111 455 408 37 330 329 349 189 465 201 152 267 252 245 365 191 275 171 237 143 187 250 418 181 354 335 
Sun Apr 06 13:26:33 2014
times:4
solution is:30115.000000.       temperature is:999.990000
ans array:
22 229 232 218 107 332 156 34 31 167 153 280 28 315 79 159 484 88 407 24 337 240 496 342 329 380 90 284 96 160 316 419 13 19 313 444 48 148 198 282 412 401 132 173 375 239 207 182 147 449 142 224 230 312 298 293 319 16 162 442 417 297 471 286 130 328 70 472 404 336 397 427 262 141 187 57 479 41 14 212 410 27 39 222 272 493 441 353 213 487 176 135 83 18 5 203 432 385 235 492 254 196 216 35 21 7 85 398 437 87 56 65 200 131 309 306 405 275 144 119 461 154 453 480 358 462 178 51 281 378 310 425 242 473 126 217 393 209 211 188 165 3 294 445 357 103 138 238 327 185 15 416 392 411 338 152 497 76 237 63 308 311 374 246 6 356 466 163 494 483 350 301 422 68 382 204 314 355 164 303 78 255 247 371 318 391 64 8 186 251 430 181 137 268 458 84 477 33 161 264 395 485 456 197 191 259 95 202 1 233 114 172 304 104 323 431 110 195 143 447 274 476 257 459 277 45 245 295 451 20 77 388 285 386 346 166 46 468 349 489 225 98 106 221 226 123 127 75 354 219 50 170 321 129 362 290 347 433 100 183 231 174 171 387 26 367 287 452 428 269 136 370 288 326 215 194 418 72 440 47 220 482 101 234 69 457 206 133 335 292 208 439 86 30 11 139 403 54 169 372 383 499 300 429 351 150 486 134 263 55 193 40 364 339 97 82 36 157 93 381 52 394 266 180 105 446 491 438 125 17 377 236 305 402 307 4 475 420 223 241 122 334 291 2 112 42 199 322 250 184 118 454 443 361 214 37 94 117 92 265 376 399 201 344 113 71 434 177 352 12 53 260 343 478 210 270 258 256 205 470 426 49 59 390 366 455 179 192 490 359 435 368 409 495 74 406 279 276 289 111 345 333 273 189 296 67 373 253 149 369 44 91 414 121 379 400 32 271 469 10 227 341 168 43 252 330 317 299 120 436 474 80 73 360 9 363 467 66 58 151 128 190 424 62 81 244 108 145 102 99 498 324 29 267 423 389 325 488 465 175 421 302 228 243 261 396 320 463 278 249 500 248 384 450 38 61 158 415 116 140 448 464 23 60 283 155 365 146 331 348 460 115 89 481 109 413 25 408 124 340 
Sun Apr 06 13:27:37 2014
times:5
solution is:30062.000000.       temperature is:999.990000
ans array:
330 418 408 197 22 316 156 349 181 202 28 88 310 473 79 5 76 350 431 85 198 417 251 159 314 126 371 1 427 34 499 466 356 231 191 332 353 48 31 194 382 380 401 39 70 185 298 162 493 131 462 175 275 398 430 282 78 160 313 370 132 176 425 14 196 232 124 484 284 327 311 6 439 47 268 168 355 288 245 444 242 218 293 207 237 211 315 102 217 236 420 216 139 106 335 374 412 184 419 193 51 119 138 84 410 20 476 18 153 107 23 381 17 113 57 483 407 405 213 35 24 204 90 130 342 338 305 233 432 105 247 246 280 479 309 289 306 494 147 375 492 7 440 348 21 15 397 62 165 74 391 97 487 13 46 354 372 186 276 416 144 77 200 485 41 404 299 93 263 442 56 75 148 337 19 161 4 461 441 45 480 259 258 100 55 272 422 328 239 64 33 491 123 83 457 273 58 68 30 163 321 447 463 95 209 334 290 188 411 154 166 378 140 451 187 60 286 406 386 336 127 96 16 318 137 212 433 297 497 134 392 475 226 115 317 101 164 301 69 367 257 489 173 179 307 248 449 369 63 453 172 142 250 53 210 254 261 225 224 359 496 468 470 291 220 86 482 443 208 117 203 49 219 437 2 230 73 29 228 448 238 199 222 91 3 114 373 477 319 474 177 174 42 136 255 323 478 152 287 446 12 364 424 387 260 38 300 486 312 415 343 308 149 295 94 352 235 292 379 409 360 266 438 37 296 72 158 111 357 167 376 393 269 125 155 322 116 71 270 243 498 52 281 82 403 50 326 121 182 362 325 36 414 11 223 143 413 488 389 40 206 27 221 92 67 456 214 304 32 388 61 271 229 234 361 183 347 345 66 44 26 490 108 262 25 279 227 428 241 465 426 399 81 215 99 331 455 59 120 252 118 189 395 151 122 104 469 464 436 265 472 303 471 8 150 205 89 346 368 10 384 333 450 339 283 190 454 112 429 192 452 278 178 129 377 495 341 240 363 402 340 459 43 421 351 434 481 253 54 256 385 435 80 320 98 110 170 445 145 365 329 133 267 277 244 9 394 324 467 423 390 285 169 171 180 302 358 366 396 294 383 458 87 65 201 128 135 103 195 400 344 274 249 500 264 109 157 141 460 146 
Sun Apr 06 13:28:42 2014
times:6
solution is:30055.000000.       temperature is:999.990000
ans array:
316 330 349 41 237 48 185 401 342 247 84 191 148 286 156 353 76 198 159 357 22 493 282 439 272 162 314 476 216 427 14 327 13 39 485 79 487 226 142 147 132 187 392 196 207 280 5 24 21 298 338 380 77 105 382 51 165 480 355 451 197 410 462 408 65 343 274 431 238 259 87 492 375 458 6 232 218 315 90 117 405 239 19 33 437 407 168 106 70 277 229 398 293 189 209 496 4 211 241 475 305 86 499 107 412 102 34 217 113 15 17 328 233 269 64 263 350 131 190 417 297 473 268 442 374 288 370 456 116 301 8 453 397 284 127 335 497 85 307 224 399 154 416 7 212 126 362 139 213 356 321 204 428 176 181 88 124 31 35 250 468 378 395 93 60 432 101 114 18 255 122 318 169 74 46 111 194 28 365 371 482 461 289 313 50 440 466 200 141 494 55 310 251 332 3 188 10 420 166 430 500 144 182 443 56 299 345 336 220 140 206 444 481 303 467 202 434 78 369 138 283 273 491 404 265 347 164 160 69 40 135 123 167 193 161 234 326 20 311 418 222 45 98 163 445 411 381 254 351 379 433 425 406 26 246 295 472 460 203 285 245 227 281 340 436 341 215 63 153 415 230 68 260 309 258 81 184 120 100 391 12 110 179 257 11 446 287 235 121 348 29 248 403 331 195 346 103 389 333 173 448 312 329 300 368 489 352 373 42 136 71 296 367 483 249 118 30 183 37 149 170 177 221 174 459 210 266 488 363 387 463 359 256 262 306 137 192 271 236 358 278 422 464 498 252 133 27 152 377 151 419 66 208 119 43 471 372 205 240 383 490 393 279 384 99 394 243 73 150 267 115 2 376 385 454 465 83 130 157 92 402 409 320 96 128 339 253 214 441 413 1 337 228 143 294 317 344 435 450 469 129 421 16 334 61 364 242 291 112 426 38 452 145 477 91 199 276 53 396 400 49 94 360 308 219 231 484 449 54 325 438 486 423 390 155 361 134 447 201 89 225 82 109 146 474 414 322 178 9 186 67 44 223 290 175 125 95 52 25 32 302 59 75 261 264 304 478 244 470 97 366 80 455 58 457 57 270 36 495 172 158 388 386 47 429 323 23 424 62 354 72 180 275 324 108 104 171 319 479 292 
Sun Apr 06 13:29:47 2014
times:7
solution is:30358.000000.       temperature is:999.990000
ans array:
346 405 277 220 327 338 102 76 492 17 391 349 19 307 13 39 417 139 274 181 499 31 198 350 407 487 65 280 342 231 15 379 306 156 319 353 316 318 160 83 344 217 70 416 47 24 401 281 494 375 246 282 310 440 259 207 199 447 258 176 196 422 49 484 107 200 218 332 222 320 131 162 370 430 98 14 431 497 268 132 419 286 288 51 355 153 5 357 185 3 462 114 275 202 297 251 284 254 213 255 126 432 309 7 27 233 230 85 298 382 216 311 482 148 411 315 476 69 313 152 234 6 144 87 404 358 446 173 449 308 194 305 135 8 219 477 23 493 301 242 96 93 62 38 364 374 77 154 30 386 272 295 63 393 483 485 212 203 147 459 168 124 186 237 103 263 479 423 33 133 442 328 40 201 314 356 425 266 371 75 86 134 337 232 489 389 240 34 451 113 443 211 141 84 434 415 473 365 204 165 106 29 21 470 291 362 377 56 115 125 197 348 276 45 439 4 36 475 333 239 138 322 188 119 388 190 257 247 271 472 187 334 383 136 433 104 46 312 453 117 347 50 146 441 265 90 60 178 228 420 123 392 466 225 16 236 130 243 206 249 424 73 326 378 95 380 174 158 395 335 101 32 428 412 399 167 68 245 59 381 464 191 252 445 205 170 496 352 92 463 235 457 224 41 269 458 229 164 161 53 456 289 260 127 303 341 491 321 461 304 360 403 427 248 97 373 396 179 250 58 55 336 116 238 142 20 285 72 128 368 467 340 387 444 81 214 406 398 290 359 490 111 208 339 163 287 137 120 183 94 376 54 52 270 256 1 366 129 262 436 195 189 227 91 278 149 435 175 151 100 480 426 18 454 26 105 390 221 12 264 37 64 210 384 296 66 192 42 150 413 253 468 166 140 67 498 438 331 330 351 118 474 500 409 448 394 71 11 329 241 455 495 486 452 43 400 429 469 261 82 414 361 177 273 302 223 279 172 324 460 155 108 478 283 471 402 89 145 292 465 157 112 180 99 48 61 44 372 9 2 437 184 397 74 408 410 267 294 10 481 215 317 143 22 169 121 182 110 226 323 385 35 159 80 450 209 367 88 193 418 293 244 78 79 421 343 25 28 122 57 109 325 300 171 363 354 488 345 299 369 
Sun Apr 06 13:30:52 2014
times:8
solution is:30350.000000.       temperature is:999.990000
ans array:
146 175 349 229 191 24 139 297 298 148 411 141 374 162 316 353 314 417 382 272 342 165 144 185 56 22 87 254 176 284 156 47 346 350 57 239 7 441 79 483 310 275 222 130 430 389 216 209 476 5 97 375 398 200 184 236 147 327 355 107 131 207 21 217 453 50 126 117 407 173 204 77 153 442 168 76 167 318 381 406 380 198 462 34 213 457 280 124 169 48 290 181 85 263 202 257 445 159 187 471 391 264 31 401 293 370 68 431 237 27 90 319 19 313 23 240 242 493 75 212 338 171 158 60 132 487 315 347 233 295 427 492 299 65 25 371 206 69 225 6 305 15 434 497 419 287 33 340 328 395 451 246 291 405 491 196 194 433 230 42 258 303 231 161 386 420 397 46 354 468 83 444 480 163 138 286 193 247 372 16 335 238 70 64 301 2 74 446 211 28 404 432 321 413 300 98 14 458 13 489 1 39 268 133 179 277 84 325 35 186 357 448 273 86 123 232 388 190 499 461 367 103 425 3 274 308 428 439 281 317 322 189 38 17 53 477 365 235 352 154 449 288 51 241 30 88 255 348 219 311 403 11 383 410 248 356 443 470 344 134 81 473 63 485 125 26 160 41 358 203 9 197 368 143 309 332 447 324 118 224 376 312 106 339 166 114 334 96 172 269 199 245 228 234 37 174 4 137 418 112 276 289 304 496 218 104 113 36 408 8 387 484 452 177 92 40 363 142 93 399 102 267 178 378 214 362 10 119 20 393 250 494 100 426 195 215 260 394 110 188 155 464 285 116 170 183 364 182 109 336 101 94 412 474 262 89 472 136 329 180 421 333 54 343 373 422 71 377 223 99 307 271 140 61 205 115 111 330 369 80 440 360 150 244 252 279 488 478 294 454 243 341 495 384 490 78 108 145 414 152 62 455 385 221 323 416 326 52 402 121 320 498 361 149 450 208 18 283 345 95 278 58 438 66 435 392 256 270 331 67 128 292 59 302 469 127 192 500 120 400 227 249 396 436 253 359 55 465 44 460 366 429 129 91 122 82 296 29 210 282 481 486 459 379 424 73 390 12 32 409 49 423 151 479 220 467 201 45 475 261 251 43 226 456 266 437 72 351 415 482 466 105 306 463 259 265 164 157 337 135 
Sun Apr 06 13:31:58 2014
times:9
solution is:30131.000000.       temperature is:999.990000
ans array:
279 337 156 22 48 76 417 17 484 24 154 314 266 280 493 219 284 77 290 165 185 473 370 104 186 401 301 79 106 6 124 480 240 342 327 102 5 74 354 353 132 153 87 462 307 237 297 350 239 356 380 188 316 355 431 58 207 375 441 298 230 131 95 34 123 204 23 439 13 397 433 7 282 159 458 289 300 107 407 51 246 33 309 39 398 232 130 181 254 388 96 286 171 487 148 15 14 494 218 446 319 139 202 60 56 184 310 453 449 147 68 410 404 489 57 457 275 257 335 138 222 456 252 440 217 127 313 328 315 200 59 357 119 324 4 212 144 259 28 19 176 31 3 224 479 422 272 72 90 169 359 320 443 464 135 332 251 420 193 35 70 264 346 30 163 349 173 69 114 194 88 338 85 395 288 364 408 197 379 482 312 492 150 97 405 466 274 425 101 411 46 155 265 160 81 167 143 172 21 196 343 434 413 18 396 86 295 470 83 242 268 73 213 329 471 189 285 263 166 42 318 113 392 182 486 41 299 116 262 198 409 281 365 29 115 84 233 427 351 192 187 293 11 278 451 191 245 386 283 348 45 403 345 47 120 226 387 260 415 241 38 361 399 40 1 247 287 228 26 322 170 273 183 472 236 491 331 276 203 373 423 223 142 235 105 133 164 255 421 352 444 122 37 67 248 234 32 152 500 376 215 36 253 210 125 369 363 344 326 25 9 109 52 467 389 258 414 111 177 321 384 306 296 334 20 110 55 495 78 175 294 450 178 333 53 330 270 455 367 221 151 157 426 129 54 214 341 62 91 227 271 292 140 205 238 49 377 121 220 390 44 12 61 195 243 498 478 103 211 16 436 89 437 216 391 137 394 393 454 483 8 269 366 108 481 469 94 325 372 27 100 438 317 447 128 459 432 477 488 402 249 118 63 474 261 461 206 302 435 496 43 430 475 304 347 311 303 490 400 82 149 208 419 368 406 117 485 179 98 126 277 385 71 339 465 428 448 161 2 180 162 199 305 244 112 99 308 362 381 225 476 250 291 10 497 256 66 358 336 92 452 468 378 80 229 374 340 499 190 93 75 360 168 416 136 323 442 146 201 371 209 412 424 382 463 174 134 145 418 141 460 267 50 383 64 231 65 158 429 445 
Sun Apr 06 13:33:02 2014
The average run time for the algorithm is : 64.879200
The average solution for the algorithm is : 30212.100000
The maxx solution for the algorithm is : 30387.000000
The minn solution for the algorithm is : 30055.000000
