period=100.000000
Sun Apr 06 16:26:15 2014

N=500 M=20
times:0
solution is:30086.000000.       temperature is:999.990000
ans array:
336 79 382 48 22 65 306 38 162 198 284 51 76 216 196 124 492 380 142 14 493 353 185 297 24 147 239 232 374 254 35 212 320 19 153 148 472 349 442 107 313 7 277 401 156 282 96 312 218 217 430 222 167 135 316 298 397 176 5 476 31 117 494 266 190 458 449 288 473 398 305 209 229 407 126 332 342 159 441 181 431 213 424 354 86 235 169 49 258 251 141 405 255 375 377 485 280 204 123 293 33 268 101 314 193 15 480 356 202 144 102 412 207 482 260 139 184 28 163 294 11 45 27 132 6 440 419 448 200 259 310 20 191 355 364 471 275 46 195 497 138 338 264 23 350 408 417 351 165 315 371 456 237 70 77 161 188 60 242 391 53 385 236 64 328 247 233 224 323 499 34 286 113 226 3 388 13 341 160 84 308 309 131 324 238 88 274 491 166 203 411 272 381 119 42 179 227 16 187 340 219 370 273 489 287 299 173 427 339 95 265 378 453 295 500 406 487 90 140 479 50 257 57 289 466 301 285 36 168 303 75 461 230 434 164 291 457 93 444 319 483 311 47 468 234 359 106 87 262 41 365 171 414 104 194 392 346 439 177 478 327 85 89 281 464 68 152 416 475 267 197 256 133 40 344 252 410 122 183 437 343 69 39 300 326 477 78 109 63 4 74 420 182 446 246 18 130 186 170 83 415 362 125 470 451 318 335 225 271 360 329 205 357 321 403 150 8 363 459 372 25 12 73 443 56 58 307 263 304 94 26 283 178 192 214 81 115 248 223 100 484 438 215 358 393 120 367 366 211 428 127 399 261 278 249 240 21 425 17 250 243 105 387 72 496 137 474 426 463 270 495 279 333 97 290 2 82 348 413 376 158 143 390 432 44 228 231 221 91 201 112 55 352 118 269 180 208 368 383 66 386 452 490 347 103 199 292 334 460 465 151 455 29 276 394 389 37 396 54 172 52 149 423 43 71 145 469 395 317 462 9 62 450 325 322 92 121 244 435 488 409 253 436 486 402 369 98 361 418 134 296 498 241 330 80 373 128 99 302 429 331 421 67 155 129 379 61 59 30 454 108 400 157 433 32 210 146 345 481 467 110 206 384 114 10 111 189 154 245 447 174 404 337 422 1 116 220 445 136 175 
Sun Apr 06 16:28:25 2014
times:1
solution is:30165.000000.       temperature is:999.990000
ans array:
298 22 316 162 239 279 497 493 348 277 79 237 98 124 213 309 314 198 310 185 375 132 153 204 159 34 353 303 430 196 301 38 442 141 156 209 117 70 76 451 63 191 263 419 437 24 5 107 119 458 355 202 14 401 31 252 160 46 218 135 297 282 39 126 7 340 284 6 28 85 413 260 382 339 42 168 152 431 147 427 246 441 148 212 480 358 154 319 318 251 131 215 343 179 356 19 286 203 489 336 338 290 232 374 386 123 315 181 268 379 466 288 487 97 405 494 194 266 144 116 247 350 17 264 359 226 428 245 492 233 16 371 337 13 163 289 86 473 90 207 305 432 370 476 84 165 255 365 398 258 397 211 274 50 234 222 446 381 407 138 320 440 327 462 35 299 326 376 313 41 259 240 250 330 67 139 10 499 275 273 87 392 445 190 105 485 200 463 186 433 1 425 281 68 77 96 51 332 25 188 369 30 380 248 417 393 236 477 54 173 164 18 415 171 64 456 78 113 161 176 434 324 238 170 94 55 115 219 47 241 306 378 287 32 321 439 257 391 69 227 410 206 9 73 3 448 58 142 220 311 33 216 88 342 197 125 242 308 261 346 223 416 178 53 150 484 354 235 444 189 91 253 483 100 262 83 12 474 172 187 461 174 166 269 472 278 307 360 293 127 491 104 406 404 351 423 177 231 471 193 411 37 92 329 389 75 482 475 167 121 357 36 362 106 23 457 496 349 229 27 294 447 49 136 295 169 388 285 72 438 4 341 137 21 368 426 224 101 270 312 421 412 424 328 459 20 102 157 418 454 377 420 304 182 387 244 249 183 470 333 143 62 322 145 8 180 498 361 243 373 80 478 151 414 486 110 400 394 443 280 199 384 344 323 256 292 460 175 81 267 331 481 2 122 192 112 158 109 345 195 272 61 300 449 184 129 74 15 317 118 140 296 128 429 214 291 95 390 452 59 130 436 66 396 210 228 453 155 409 254 467 495 71 82 367 302 108 490 221 120 208 43 99 402 334 385 276 366 265 403 464 11 372 395 363 450 325 114 468 283 500 60 26 455 347 45 422 29 469 383 56 399 217 40 52 149 133 435 89 93 479 134 364 352 225 146 205 44 465 103 65 48 335 271 408 230 488 111 57 201 
Sun Apr 06 16:30:35 2014
times:2
solution is:30110.000000.       temperature is:999.990000
ans array:
181 148 48 135 79 476 375 28 16 11 38 382 207 430 297 342 22 259 24 370 350 239 266 461 76 348 204 6 165 198 156 142 355 196 34 401 231 439 459 314 185 216 90 117 338 286 456 268 193 398 332 308 346 19 397 313 364 274 407 372 277 209 184 493 126 164 21 153 147 442 299 107 311 173 200 298 160 98 380 139 480 280 251 282 162 301 218 284 5 36 479 315 416 319 8 85 417 33 3 496 132 23 232 431 405 420 130 425 124 138 462 83 159 222 141 51 77 494 41 263 316 275 114 491 492 190 307 343 212 374 194 70 378 144 254 31 305 15 84 444 176 10 205 449 371 224 13 155 489 217 242 276 337 81 391 255 14 96 424 168 191 472 201 202 131 161 102 471 35 475 17 373 441 272 497 340 63 388 353 93 174 152 57 448 303 287 226 186 309 245 69 39 406 143 473 119 320 46 236 468 293 220 392 466 45 246 248 387 258 458 233 434 419 377 203 433 237 487 188 464 20 440 310 356 323 265 7 359 241 1 288 235 154 171 422 4 29 219 457 367 187 247 234 123 347 368 483 213 240 345 86 485 285 410 295 291 127 230 412 379 50 322 87 78 427 294 395 453 30 104 357 111 56 195 386 170 178 42 68 180 281 229 64 486 428 252 477 113 2 92 327 381 27 109 192 482 133 71 59 470 404 354 197 358 352 175 82 306 253 369 250 47 432 361 183 312 73 318 328 228 72 97 58 429 182 94 215 137 100 91 214 499 95 65 344 436 273 260 101 376 393 498 179 396 118 25 60 264 53 40 75 324 418 339 243 99 446 330 414 122 423 341 411 80 447 49 151 257 334 321 166 163 403 402 125 478 437 105 389 278 335 262 66 443 451 106 296 426 445 55 115 206 385 365 394 134 399 116 26 9 300 61 177 326 351 89 467 366 249 271 238 279 383 18 329 363 227 333 474 103 454 128 360 463 225 43 221 146 140 208 12 244 74 112 292 460 400 495 415 413 37 283 52 210 325 435 336 261 157 384 129 390 450 44 121 304 469 302 158 199 438 269 465 88 149 256 490 145 189 172 408 32 455 331 120 54 488 421 110 150 409 481 136 362 317 223 289 290 349 500 62 169 270 267 211 167 108 452 67 484 
Sun Apr 06 16:32:45 2014
times:3
solution is:30069.000000.       temperature is:999.990000
ans array:
330 188 416 156 79 316 48 401 284 332 354 5 298 466 282 124 132 22 38 83 101 375 159 442 56 349 197 277 407 311 19 147 381 353 456 185 315 371 357 24 138 431 26 380 476 291 51 7 207 314 494 126 485 493 68 433 232 342 76 239 355 266 148 131 139 337 141 88 417 280 209 238 255 230 65 28 153 440 275 226 23 496 497 42 107 198 338 385 78 245 310 70 212 430 234 273 252 35 160 14 274 458 6 491 420 176 308 286 181 194 405 85 389 31 216 217 419 327 441 268 259 499 489 379 172 289 480 399 13 218 86 84 404 356 235 301 335 362 479 372 264 370 340 184 305 16 30 203 393 63 285 93 90 202 254 288 183 487 144 444 174 40 364 167 303 186 471 57 297 196 374 261 195 287 46 33 47 15 446 49 164 267 449 482 439 205 437 21 143 67 299 204 378 66 199 390 191 161 251 123 170 472 445 397 165 422 41 260 309 414 341 412 447 290 321 271 328 55 224 459 427 415 473 474 20 2 137 96 386 377 461 383 492 1 77 343 295 241 213 257 269 133 27 410 92 424 106 319 463 117 323 276 112 43 192 125 250 200 392 359 453 365 306 228 246 486 272 263 152 225 114 18 408 347 258 334 498 457 163 329 9 108 231 403 50 215 155 361 4 300 135 94 145 451 109 344 281 227 307 121 283 248 100 158 97 37 367 409 253 52 292 373 81 211 178 73 352 360 171 382 296 448 249 384 432 53 61 118 122 11 475 17 278 467 488 113 201 346 481 120 302 425 74 450 351 395 115 464 411 470 54 166 244 193 270 242 465 454 413 443 421 44 368 345 294 208 398 222 206 189 331 25 376 317 293 233 157 363 402 89 387 400 129 243 99 150 134 75 500 151 324 91 169 182 87 190 62 462 326 460 429 388 103 210 348 391 262 140 69 455 396 350 34 173 358 236 435 72 223 434 142 98 478 128 71 8 468 320 477 45 428 127 336 82 3 452 490 220 136 322 256 221 339 369 469 438 495 325 426 423 214 29 58 168 394 111 146 119 240 279 80 313 229 366 149 10 180 110 105 237 32 104 219 312 59 154 116 177 36 187 60 64 102 130 12 484 39 483 247 436 406 333 265 318 175 162 304 179 95 418 
Sun Apr 06 16:34:54 2014
times:4
solution is:30159.000000.       temperature is:999.990000
ans array:
343 316 298 349 297 492 156 162 38 126 107 168 391 124 230 24 79 181 96 456 479 209 14 354 338 371 473 282 141 309 176 198 171 48 310 147 258 401 239 119 374 332 200 494 51 412 233 207 327 388 466 148 31 172 41 342 13 350 228 445 431 289 290 381 213 397 190 315 7 280 318 286 407 319 442 461 264 446 237 274 77 34 398 139 301 245 70 443 284 163 117 399 159 185 313 263 427 262 204 90 285 49 232 487 364 76 434 87 305 22 231 138 161 19 306 217 314 293 164 370 216 105 303 10 458 153 493 211 104 154 440 212 238 268 307 444 21 295 312 64 132 91 218 27 165 23 406 380 113 275 389 179 441 291 378 63 457 484 56 174 160 95 405 131 372 50 417 80 222 196 17 85 356 499 224 29 178 3 227 420 15 6 42 39 182 254 483 135 53 5 382 311 69 428 387 193 450 86 40 173 281 16 68 20 340 226 98 8 106 411 439 277 500 348 57 376 194 166 251 260 203 35 45 189 395 489 188 272 58 463 32 460 470 54 276 170 197 93 491 195 144 410 210 320 78 220 236 114 408 347 419 288 415 433 12 240 459 475 478 246 184 335 33 321 477 248 127 392 362 215 336 142 37 451 437 28 47 123 476 377 187 75 430 84 346 271 167 266 337 140 353 186 202 4 146 413 214 25 116 294 448 81 452 471 375 73 234 357 111 425 101 9 219 235 359 449 30 125 385 328 278 72 386 496 83 208 109 26 11 99 255 36 18 360 201 102 490 192 365 325 396 55 134 133 253 467 206 472 351 115 155 225 183 177 393 323 326 1 247 422 482 329 71 373 150 67 46 265 175 120 66 304 100 324 480 256 65 464 495 149 94 403 390 416 60 361 333 344 488 486 279 261 199 367 74 205 221 358 259 424 242 384 269 432 145 465 368 435 110 137 267 287 52 379 322 61 43 426 92 118 129 474 59 2 394 97 151 418 414 383 103 498 421 243 283 454 136 270 300 62 438 229 400 331 292 44 485 169 363 429 302 317 157 180 352 455 241 223 334 257 88 447 122 89 252 436 244 112 369 469 273 402 481 108 462 330 82 250 158 409 468 143 339 355 423 453 497 128 299 308 152 341 296 249 130 404 121 366 191 345 
Sun Apr 06 16:37:04 2014
times:5
solution is:30086.000000.       temperature is:999.990000
ans array:
405 229 316 167 79 314 356 17 349 57 142 15 28 466 375 173 298 417 311 328 159 240 21 148 200 147 342 239 38 258 124 337 280 135 226 207 165 470 70 51 76 88 181 24 391 117 398 22 7 23 196 338 224 295 216 191 480 263 85 186 222 156 494 50 297 184 218 212 282 303 493 27 13 237 460 259 487 350 318 288 123 217 232 410 172 175 187 434 355 190 255 386 407 168 219 56 272 19 131 251 14 286 138 164 411 293 277 388 141 109 393 114 456 385 133 462 319 107 353 63 162 327 275 193 476 266 451 202 268 433 309 354 132 86 90 33 234 39 250 144 365 442 125 264 153 126 430 179 247 198 310 225 458 169 284 370 231 215 236 444 185 254 483 77 485 246 41 204 35 65 448 482 392 176 381 194 139 484 5 209 189 445 100 371 197 427 40 364 188 443 382 419 163 80 497 260 49 69 479 332 68 174 473 457 452 380 160 397 440 3 274 289 11 335 492 45 315 400 201 30 154 25 401 437 431 130 265 389 340 489 31 78 74 341 415 83 257 6 439 306 211 170 29 291 347 420 155 305 98 230 199 441 359 58 101 346 428 471 413 321 422 432 102 166 143 119 18 53 477 399 273 343 313 307 287 472 59 220 203 387 283 16 453 152 73 372 82 374 20 127 468 491 308 425 87 245 500 4 395 352 300 10 8 161 26 84 490 228 241 362 66 140 151 2 404 118 55 290 106 278 496 369 104 447 348 52 351 122 9 459 358 93 223 344 409 322 416 177 253 94 75 97 326 412 373 396 446 408 403 449 361 357 435 463 195 72 252 424 1 208 377 36 121 238 454 406 115 461 294 47 324 242 418 304 467 111 235 92 32 46 180 108 261 464 423 363 486 296 390 488 171 192 378 299 183 376 498 221 256 96 248 330 67 99 455 43 81 312 105 44 360 205 113 495 206 95 421 402 244 292 426 481 243 436 320 270 71 336 62 469 91 233 478 12 384 394 89 262 465 227 64 383 323 128 279 329 61 331 149 42 414 137 103 339 450 60 429 54 157 37 129 214 116 474 285 271 276 345 136 333 120 302 325 269 499 182 368 366 475 178 145 158 134 367 249 110 146 150 317 267 48 334 112 210 301 281 34 438 213 379 
Sun Apr 06 16:39:14 2014
times:6
solution is:30108.000000.       temperature is:999.990000
ans array:
349 22 209 391 28 327 159 141 380 198 417 19 79 479 48 156 13 430 314 47 15 196 439 316 342 126 485 231 160 142 188 497 132 204 124 355 221 4 102 354 65 247 239 217 51 272 176 5 431 405 80 153 39 237 494 116 310 76 441 250 70 286 175 268 34 458 107 282 57 476 386 184 346 56 290 466 309 284 165 226 265 147 353 21 401 293 258 303 23 407 301 148 251 308 7 138 281 169 462 139 31 191 33 131 493 307 24 40 427 200 242 10 350 144 313 413 185 14 212 411 374 375 232 398 489 442 456 318 276 240 87 416 171 117 59 412 38 461 207 216 406 203 168 315 173 473 337 382 371 90 319 197 135 83 193 392 338 472 419 68 98 277 484 3 60 245 194 96 311 393 6 179 16 227 280 425 162 85 370 211 255 364 335 274 26 365 305 177 477 328 298 478 266 447 347 218 275 238 389 123 105 181 101 399 215 154 482 67 288 93 379 471 372 119 264 356 410 97 254 164 320 432 95 295 113 248 359 77 378 137 109 361 84 122 321 46 20 348 463 480 404 219 152 340 246 312 73 435 11 241 434 229 143 186 451 487 213 287 35 172 170 278 344 37 339 387 58 202 233 190 291 17 270 433 205 29 285 468 440 448 86 420 457 66 220 151 88 183 111 187 195 133 499 104 91 166 424 437 261 444 110 259 376 63 453 78 292 41 388 134 30 403 128 94 341 252 486 222 167 496 299 289 470 352 27 225 395 384 121 345 408 271 452 357 127 8 140 45 130 182 69 351 146 180 423 62 492 36 224 53 50 18 163 103 253 243 390 334 360 125 55 449 454 150 373 428 263 214 9 297 192 330 426 294 475 158 464 118 358 326 155 367 12 402 369 201 99 92 323 120 234 455 336 178 394 42 236 249 363 324 495 71 61 396 72 54 414 49 422 366 235 256 474 81 325 89 228 112 469 114 415 136 460 333 498 421 208 377 223 343 317 483 210 44 115 189 385 75 409 450 244 400 2 465 300 418 199 260 443 331 381 302 32 129 279 157 429 25 436 149 100 257 1 206 500 322 262 296 267 108 481 306 362 490 383 283 269 329 438 43 332 106 445 74 161 459 488 145 368 491 467 230 174 82 304 397 273 64 446 52 
Sun Apr 06 16:41:23 2014
times:7
solution is:30098.000000.       temperature is:999.990000
ans array:
167 316 79 175 349 65 91 181 286 22 38 176 382 82 239 408 148 191 442 147 200 141 332 87 185 126 132 401 374 288 407 354 398 45 213 370 14 274 264 440 427 35 275 336 217 107 337 202 27 405 57 371 212 308 497 350 196 247 13 464 124 462 242 449 159 86 305 187 88 482 314 277 466 15 268 340 24 51 144 293 222 39 156 162 453 98 431 312 473 309 56 388 232 83 19 397 342 489 90 315 21 441 164 169 303 233 119 266 199 231 188 417 280 461 160 193 310 313 298 34 299 161 479 272 209 76 282 351 218 198 338 48 335 289 318 295 494 204 492 377 416 28 380 85 422 500 97 327 258 171 375 355 109 493 265 78 163 142 434 487 281 211 113 33 237 290 117 5 75 444 362 301 31 468 173 123 430 166 391 311 234 445 84 8 238 216 138 226 483 4 248 353 480 77 195 16 403 241 70 72 224 491 130 135 58 177 190 458 1 131 291 379 328 96 419 106 116 206 220 7 271 448 203 6 245 249 139 425 346 168 321 273 356 254 307 456 255 357 93 472 183 259 323 447 127 150 3 378 68 284 146 413 165 49 471 40 64 246 179 385 392 411 197 285 287 476 30 92 36 306 477 26 278 153 333 23 359 215 360 25 194 229 499 230 63 484 251 381 228 20 182 174 133 104 103 373 451 437 54 170 485 322 227 269 367 399 184 256 250 446 152 297 433 262 410 475 252 263 50 347 210 454 143 46 420 428 240 80 358 11 192 10 12 389 276 178 236 100 376 467 495 343 387 154 55 260 296 393 498 172 52 155 125 386 73 223 186 114 53 94 390 412 339 283 101 62 439 395 67 496 111 140 112 118 69 344 225 81 304 326 486 205 415 443 478 219 115 235 18 208 41 29 438 121 463 214 368 331 189 488 364 329 44 9 372 244 74 426 418 136 180 404 414 352 400 122 348 435 429 432 361 465 61 365 17 151 157 406 257 396 470 99 459 95 402 59 261 341 279 452 317 421 201 490 460 334 2 66 267 294 320 134 221 363 481 270 37 253 89 129 469 474 455 366 369 383 450 110 302 325 292 108 384 394 47 60 158 324 43 345 42 120 149 71 409 436 330 145 128 300 105 424 423 457 102 137 319 243 32 207 
Sun Apr 06 16:43:33 2014
times:8
solution is:30250.000000.       temperature is:999.990000
ans array:
454 480 79 314 391 22 19 162 132 16 148 217 28 382 17 346 473 76 188 431 107 39 286 48 60 239 299 141 462 282 70 185 272 254 332 159 126 298 309 342 316 375 85 171 31 184 218 64 237 301 285 476 284 45 27 274 491 24 41 247 405 216 168 197 176 275 494 449 104 380 355 153 212 354 251 5 222 198 381 233 119 196 191 338 189 268 35 313 306 370 411 417 147 90 425 493 466 479 165 203 374 101 447 172 209 51 207 113 15 56 398 451 258 33 245 281 100 169 65 259 204 310 371 353 430 280 160 292 151 154 92 246 328 392 182 53 289 230 388 347 83 98 407 303 293 232 315 492 441 471 181 156 500 142 290 377 139 194 305 226 356 69 434 26 116 457 288 75 263 320 106 401 124 487 308 357 420 78 459 352 137 177 445 386 365 46 20 291 350 440 485 47 211 442 40 18 200 358 238 77 446 187 415 422 277 461 135 84 179 21 224 32 174 304 439 42 190 102 448 7 337 118 497 406 186 234 295 276 260 482 327 8 243 213 6 13 456 378 414 167 385 173 38 470 412 472 164 86 499 95 82 117 349 496 336 312 257 413 264 335 484 14 489 311 115 220 273 475 307 468 397 419 125 202 161 410 37 271 80 483 253 170 261 437 193 340 248 58 241 68 138 236 44 114 4 11 389 498 29 2 326 373 341 424 215 458 55 155 433 426 463 62 130 427 150 229 287 404 59 149 269 136 54 63 131 387 325 297 444 1 127 175 109 163 242 67 223 266 436 72 376 108 240 416 262 393 435 423 250 88 296 143 30 324 52 219 166 432 195 366 205 145 348 255 443 438 418 402 477 265 93 399 294 372 369 464 384 331 228 465 225 94 178 322 321 140 192 12 25 235 339 279 214 256 99 105 121 267 81 383 351 428 429 227 158 421 344 317 409 120 210 71 300 367 400 396 362 363 488 96 36 122 486 73 249 128 390 481 50 330 302 133 66 403 206 455 368 244 49 450 129 452 469 87 89 111 334 91 208 395 359 201 134 23 329 157 61 360 467 495 57 3 112 394 9 408 379 490 278 318 144 323 453 364 103 180 283 345 110 478 221 34 152 10 97 183 146 123 460 319 361 252 199 474 74 43 333 270 231 343 
Sun Apr 06 16:45:43 2014
times:9
solution is:30237.000000.       temperature is:999.990000
ans array:
110 22 79 343 76 24 222 102 484 191 175 156 19 314 48 371 337 468 401 492 299 162 479 77 17 198 294 51 141 466 126 97 231 379 282 298 144 380 350 194 34 446 217 95 247 176 315 251 355 213 70 245 239 147 33 274 476 15 354 397 449 297 159 154 83 135 165 209 342 410 224 473 68 439 107 216 263 494 132 14 28 316 419 374 275 347 148 293 35 111 493 39 172 64 204 310 458 266 196 480 335 420 190 256 497 30 491 349 207 377 197 40 215 85 237 13 286 189 193 5 160 305 262 188 381 309 295 272 280 12 211 489 332 327 192 273 285 475 307 326 38 451 109 226 386 170 398 124 246 461 289 278 49 338 440 462 125 6 411 428 431 319 232 373 395 427 138 284 375 93 235 250 378 258 153 441 57 407 430 63 218 423 318 219 163 499 113 168 268 487 287 370 303 119 101 152 388 264 87 7 18 166 254 186 359 4 31 90 200 174 357 117 72 434 417 368 104 29 330 46 220 306 27 177 471 131 212 405 404 408 257 456 300 290 56 242 412 360 301 25 277 233 334 130 336 243 112 443 240 424 313 155 433 322 187 75 248 65 91 55 84 230 3 255 457 184 364 53 444 432 399 23 403 291 459 346 164 58 311 288 20 134 265 60 98 238 472 2 416 10 328 201 438 8 320 389 59 482 120 16 149 414 393 422 259 202 383 356 296 376 467 344 100 225 339 279 161 453 228 9 205 86 385 137 341 179 73 321 210 271 214 221 62 426 26 146 448 103 74 358 182 81 387 223 136 199 158 45 415 469 418 474 195 488 483 151 392 108 11 361 32 486 123 61 464 69 157 369 454 129 362 317 323 92 1 127 122 66 128 463 43 50 481 244 477 180 390 391 82 88 270 96 384 41 140 421 267 54 105 52 367 252 325 437 455 249 345 283 183 178 436 118 425 429 409 206 169 312 42 396 478 292 400 173 302 227 495 442 460 241 402 485 67 269 116 304 352 37 435 114 115 203 498 21 121 47 348 133 450 106 353 260 234 143 394 406 71 150 78 372 229 363 324 500 167 333 236 340 145 44 253 261 308 490 382 331 447 496 99 465 351 366 208 281 181 142 94 452 329 139 276 470 413 365 80 36 445 89 185 171 
Sun Apr 06 16:47:51 2014
The average run time for the algorithm is : 129.650500
The average solution for the algorithm is : 30136.800000
The maxx solution for the algorithm is : 30250.000000
The minn solution for the algorithm is : 30069.000000
