period=50.000000
Sun Apr 06 13:33:02 2014

N=500 M=20
times:0
solution is:32100.000000.       temperature is:999.990000
ans array:
208 489 396 189 118 363 47 316 410 324 434 134 385 394 92 472 409 194 415 488 193 110 51 457 160 397 234 4 304 471 339 168 65 143 311 196 412 44 286 352 16 279 25 264 300 117 359 97 392 320 245 40 176 496 473 236 495 285 98 318 411 460 497 280 432 492 135 26 253 69 272 138 298 249 380 335 367 400 85 299 466 41 104 436 63 313 293 325 27 289 128 228 124 86 148 250 295 356 232 281 177 446 354 206 207 229 220 306 198 428 221 343 375 39 235 494 346 30 265 224 151 99 147 83 419 185 274 210 169 164 1 314 429 183 161 482 17 371 195 19 129 474 437 341 186 131 72 484 486 490 172 449 28 461 20 263 323 395 464 485 42 480 477 338 96 60 80 251 399 424 112 146 21 462 303 119 243 79 413 37 130 266 173 391 440 404 284 202 238 31 226 350 48 379 275 347 23 422 369 443 308 61 401 153 67 430 73 181 94 475 258 319 252 219 317 89 390 34 465 95 2 416 406 329 247 222 374 273 182 178 468 332 109 445 301 100 77 291 56 116 327 262 366 261 230 53 43 372 50 376 142 74 187 158 163 199 64 270 297 149 305 463 180 133 333 139 292 340 438 52 382 174 216 38 5 491 321 237 294 144 328 287 159 66 184 105 257 11 312 166 365 386 370 269 467 256 191 271 126 459 483 276 310 282 452 121 260 469 296 8 188 255 441 87 15 447 7 393 152 213 102 309 408 458 82 76 322 165 357 278 57 107 246 223 248 157 75 500 387 101 123 127 32 225 3 200 431 259 277 140 150 137 420 49 125 22 348 455 427 179 90 162 197 59 288 242 444 454 113 58 499 479 362 456 402 450 414 453 290 331 283 54 442 88 421 373 10 18 171 381 307 136 493 418 377 36 398 106 361 13 349 407 451 439 62 70 302 233 241 35 201 212 315 12 215 360 45 433 132 353 218 154 498 448 388 46 336 389 6 244 209 93 405 384 435 267 167 204 240 268 470 29 476 487 175 351 170 108 217 111 91 342 141 378 426 120 33 227 211 425 383 355 239 122 205 103 345 478 481 84 344 231 81 156 71 334 115 114 190 214 326 55 337 9 364 145 68 368 203 403 24 78 254 155 192 417 330 358 423 14 
Sun Apr 06 13:34:11 2014
times:1
solution is:32187.000000.       temperature is:999.990000
ans array:
292 196 272 396 316 322 1 14 261 136 107 330 185 343 412 87 245 340 307 274 143 432 281 219 186 298 67 300 189 341 486 182 461 313 460 352 437 496 372 193 77 338 487 149 286 225 400 362 243 262 20 61 228 477 407 308 374 423 489 113 293 411 390 492 133 19 302 175 98 112 118 337 80 134 153 430 126 494 99 72 256 318 127 138 363 163 433 29 92 232 150 468 464 152 364 22 21 447 264 472 10 128 295 325 327 26 301 47 266 11 311 493 110 413 375 52 283 397 229 146 436 131 305 43 70 34 158 179 354 319 409 253 491 410 470 76 424 434 188 89 237 198 449 192 370 416 442 488 417 251 252 39 202 173 183 130 148 280 428 359 162 51 260 213 114 234 255 415 123 238 309 57 54 119 287 462 466 73 44 480 458 176 445 431 273 53 329 139 371 226 358 250 50 195 207 304 324 240 74 289 210 244 180 334 279 369 323 161 187 443 125 290 31 395 392 356 94 25 63 456 56 271 277 490 498 383 367 24 90 65 485 386 106 200 3 159 429 142 100 296 124 184 37 346 402 172 13 247 42 291 457 336 465 497 365 321 459 164 312 405 140 284 399 419 394 101 48 15 224 254 165 220 303 216 439 381 206 422 435 333 294 147 278 401 440 373 242 6 174 467 495 248 235 5 265 32 177 30 306 62 350 276 258 66 299 223 285 314 441 438 28 450 169 257 205 357 335 236 269 199 222 2 479 156 33 86 155 181 105 332 55 393 82 117 500 446 111 473 380 427 197 104 60 217 454 135 463 282 444 331 476 170 389 151 227 45 385 349 212 249 95 376 452 121 379 382 263 88 345 122 132 27 194 230 85 425 366 154 453 16 483 141 218 420 355 339 387 201 246 157 471 137 233 455 49 59 69 475 360 79 167 348 391 97 326 211 320 46 404 38 108 259 12 84 361 398 231 215 23 241 190 406 17 214 116 168 109 221 191 40 328 41 478 378 102 64 9 414 68 351 75 81 474 166 499 377 418 484 310 297 204 403 209 18 7 317 239 96 270 120 384 275 408 421 78 448 344 482 115 267 342 353 83 388 103 91 481 268 469 35 4 71 8 288 144 171 145 36 315 451 368 203 129 93 160 426 178 347 208 58 
Sun Apr 06 13:35:20 2014
times:2
solution is:32223.000000.       temperature is:999.990000
ans array:
50 134 456 268 494 397 176 63 98 365 392 186 496 287 184 183 189 315 492 405 330 488 162 396 139 118 304 200 359 206 428 193 44 314 273 232 292 493 361 300 89 499 262 394 471 213 108 291 490 341 19 299 25 20 285 140 216 461 185 479 264 182 178 358 465 173 320 483 131 107 26 432 208 281 142 17 31 92 372 462 158 286 161 416 430 56 473 433 169 234 1 249 113 399 451 429 23 486 67 495 152 163 407 252 309 160 71 126 130 308 375 70 177 127 313 434 124 441 3 133 254 21 369 187 289 458 272 419 275 346 335 146 325 485 404 54 82 400 340 150 437 355 395 61 225 374 411 323 470 460 180 237 280 41 390 148 283 43 293 442 306 324 482 53 318 155 39 449 5 36 87 310 47 94 11 106 85 352 376 196 415 367 102 448 245 101 24 387 265 165 393 86 466 75 247 489 136 447 420 354 497 42 32 332 472 328 305 223 500 199 256 311 334 402 110 296 302 282 362 112 250 261 129 278 329 226 198 312 464 28 179 230 440 238 243 386 294 35 49 317 288 72 224 6 164 251 57 353 73 90 337 74 222 119 27 218 97 266 16 452 263 401 117 116 422 391 80 69 171 166 202 76 258 408 276 435 322 153 65 348 480 343 229 195 105 385 345 220 77 205 327 95 242 12 371 333 336 91 410 38 298 79 111 125 62 450 413 37 14 168 48 227 248 135 93 349 425 270 436 207 366 253 128 284 141 421 60 412 409 154 29 172 96 484 424 59 149 445 143 100 364 122 30 474 269 221 357 363 295 147 109 380 132 190 477 274 290 235 210 418 137 491 443 279 52 197 58 99 115 151 476 239 389 22 417 219 144 347 301 257 255 8 104 138 68 157 175 414 259 439 303 307 454 51 188 260 406 78 192 34 370 215 297 469 468 18 398 45 338 382 350 344 444 244 377 194 64 459 13 331 40 66 203 446 209 381 159 114 426 368 46 457 167 121 228 123 475 201 423 55 214 88 427 383 267 431 319 2 246 191 403 378 217 339 463 181 4 326 316 498 453 241 7 438 379 277 10 212 231 33 384 360 467 236 321 233 388 81 156 373 15 145 240 356 211 120 455 481 84 9 204 351 478 83 103 170 342 271 174 487 
Sun Apr 06 13:36:29 2014
times:3
solution is:32318.000000.       temperature is:999.990000
ans array:
247 268 397 160 185 299 345 428 486 396 176 154 193 155 130 313 98 375 495 300 54 343 320 11 250 286 280 94 291 44 166 276 266 434 412 272 468 151 189 318 142 63 330 199 302 457 92 340 438 372 325 89 7 86 168 367 394 260 400 26 287 316 139 38 491 213 341 474 252 376 326 83 174 327 25 264 265 312 143 390 101 76 348 346 32 208 42 178 411 335 248 17 163 6 262 304 350 140 53 24 207 454 391 66 347 220 452 359 43 306 97 496 34 449 289 21 477 288 187 198 441 263 234 492 494 439 195 309 113 47 167 479 39 134 297 324 311 382 223 251 293 79 131 405 72 19 243 413 269 104 148 459 229 216 329 339 100 61 162 422 56 472 409 172 352 48 59 322 182 385 128 183 153 107 16 118 186 410 127 395 8 159 415 67 180 238 31 480 52 420 294 387 279 298 65 27 489 200 275 440 226 258 135 475 126 476 379 433 51 465 95 228 253 319 255 237 245 460 117 161 15 432 225 493 257 125 278 429 462 110 301 406 112 210 424 483 256 87 426 1 423 102 285 133 232 464 437 336 443 371 338 58 90 106 170 283 357 2 62 171 14 80 244 363 33 323 74 184 392 273 466 374 242 146 500 402 35 303 85 365 157 219 399 119 430 456 490 75 68 177 499 274 373 254 445 202 270 284 224 435 404 46 45 30 69 70 141 381 334 28 150 41 169 164 281 328 147 458 485 314 450 156 317 451 349 442 23 337 383 478 354 444 366 57 111 12 192 218 407 158 88 99 419 36 461 471 488 484 50 389 109 378 470 20 206 386 361 447 149 259 473 246 179 13 241 73 81 267 235 129 136 91 446 497 416 190 152 9 204 436 37 197 295 77 333 191 96 277 60 29 230 132 408 4 165 414 431 296 205 463 188 282 310 290 116 212 181 356 448 425 55 122 482 196 124 362 308 231 380 93 71 123 114 305 137 427 5 332 369 292 144 221 358 175 239 3 393 261 217 120 321 351 418 398 417 467 384 370 173 421 240 344 353 49 227 481 22 103 105 331 355 10 469 209 64 403 214 236 18 453 377 315 364 121 40 211 368 249 498 271 215 360 138 233 115 342 84 455 388 203 487 78 145 108 401 82 307 222 194 201 
Sun Apr 06 13:37:39 2014
times:4
solution is:32460.000000.       temperature is:999.990000
ans array:
246 107 268 319 118 25 274 293 457 42 432 316 135 262 320 20 435 312 38 396 359 196 405 163 420 176 117 142 59 357 313 322 458 272 134 286 280 279 94 489 223 347 133 325 70 397 195 338 256 266 241 399 164 329 247 419 98 97 105 72 21 180 473 26 300 469 270 416 460 491 341 375 226 189 161 27 168 434 22 205 330 1 292 410 497 8 67 358 318 44 369 372 404 291 213 87 439 167 194 125 154 306 225 496 335 204 441 92 60 89 39 464 6 394 390 494 488 69 437 23 110 234 261 65 139 395 380 173 352 119 449 442 389 433 150 208 276 462 86 238 141 400 155 461 114 285 210 283 166 31 243 251 100 146 486 232 229 147 48 101 290 123 5 187 305 37 193 198 56 54 308 131 500 206 474 422 343 354 75 186 360 14 371 431 475 183 43 143 259 63 311 339 237 302 303 269 317 140 224 95 165 11 179 258 413 398 346 362 132 365 235 409 77 423 207 337 3 424 57 373 64 230 307 468 477 112 348 294 295 126 136 264 218 231 80 429 40 391 216 24 73 34 82 387 282 427 479 19 53 128 33 16 265 158 157 68 393 219 76 299 175 257 314 253 181 145 411 287 417 169 376 227 414 392 499 51 228 236 62 260 222 367 385 108 17 47 281 370 374 200 55 130 440 156 273 122 493 7 403 384 12 15 30 184 323 443 249 484 88 190 310 192 148 412 252 91 324 214 361 221 170 454 356 406 426 185 455 301 182 172 149 263 32 153 255 476 242 99 383 50 364 388 351 381 111 366 289 345 402 28 52 29 340 492 159 215 103 418 363 174 490 120 482 448 46 250 350 450 199 49 333 353 201 191 452 485 472 188 480 336 81 197 4 217 296 407 466 74 171 138 220 378 428 2 446 481 162 444 328 127 113 326 401 344 386 104 456 96 471 408 58 90 436 18 239 425 465 151 453 278 470 445 334 45 368 106 459 467 483 124 85 202 121 498 271 478 349 212 415 35 297 355 78 66 71 152 379 10 275 254 115 342 84 267 421 240 203 377 209 248 211 36 321 102 438 463 382 288 144 304 244 137 116 177 309 79 447 298 327 245 277 430 83 41 451 178 315 109 495 160 13 9 129 331 487 332 93 233 284 61 
Sun Apr 06 13:38:48 2014
times:5
solution is:32244.000000.       temperature is:999.990000
ans array:
217 456 396 397 160 494 412 118 108 481 452 6 59 274 428 319 323 298 67 219 134 482 311 26 359 63 424 159 153 80 394 25 392 436 51 236 340 296 300 347 129 192 490 148 213 366 20 432 486 318 110 388 111 186 367 62 293 225 207 375 86 42 1 330 304 433 373 434 116 19 3 350 21 234 491 430 431 31 429 442 488 423 348 299 38 480 280 251 133 263 472 351 185 24 335 117 44 365 33 465 125 410 288 18 253 272 451 182 37 352 499 399 85 406 444 224 289 154 419 371 210 279 11 53 477 157 131 327 404 247 260 193 191 173 232 107 390 54 79 114 77 222 261 139 98 89 150 229 124 411 4 453 276 200 357 302 205 449 457 2 48 227 72 127 284 237 156 74 496 90 41 17 255 292 264 269 314 473 243 245 28 416 100 69 97 309 15 306 346 82 395 184 39 461 468 291 126 47 268 464 73 301 235 158 135 466 376 195 312 198 187 495 147 329 325 467 287 281 441 316 128 208 382 226 372 363 176 445 34 303 220 16 209 238 136 333 163 143 99 295 202 407 358 459 49 378 370 106 228 92 13 355 61 458 5 7 317 23 492 95 308 252 216 400 152 168 362 161 277 197 484 256 65 447 262 27 250 96 164 460 22 52 35 94 409 334 354 102 29 341 138 487 36 155 109 475 476 446 337 119 462 285 178 474 470 305 83 120 30 175 322 307 361 386 266 427 326 389 313 422 393 181 381 40 162 50 443 497 374 46 418 248 122 130 265 145 151 364 259 172 146 439 137 218 282 58 113 278 353 141 87 345 489 242 273 450 437 169 413 270 183 196 32 339 112 369 479 500 142 425 426 414 283 349 8 12 440 199 438 121 166 221 179 387 384 448 101 271 493 385 180 75 171 356 286 310 76 132 275 485 258 398 57 123 417 14 297 241 343 105 483 332 88 405 144 239 174 328 315 71 294 498 471 244 403 104 321 380 149 60 212 257 167 78 91 215 290 230 331 420 267 240 56 188 190 379 336 170 324 435 344 463 45 415 70 454 81 338 203 165 408 204 140 55 9 206 233 211 201 214 93 231 10 342 469 66 383 194 377 455 401 246 421 320 115 68 368 249 478 84 64 177 391 254 223 360 43 189 402 103 
Sun Apr 06 13:39:57 2014
times:6
solution is:32219.000000.       temperature is:999.990000
ans array:
481 134 316 397 131 138 1 256 52 98 488 163 338 412 228 21 234 330 339 494 383 44 35 399 25 371 75 4 72 20 363 365 141 247 300 302 492 114 164 172 457 112 265 80 382 274 110 376 434 92 279 319 67 452 152 433 220 304 252 39 261 395 62 59 461 42 341 354 199 350 5 126 432 108 229 89 187 324 496 293 185 446 77 402 485 246 367 497 125 118 183 329 264 351 245 161 419 226 287 76 169 359 475 133 352 200 222 369 38 288 101 444 173 119 23 51 102 415 460 24 257 380 400 251 60 193 409 100 394 168 7 22 192 26 263 286 150 272 194 137 483 63 48 140 250 238 396 362 486 262 243 154 355 221 171 348 36 273 456 10 69 224 491 357 178 177 160 469 313 318 466 411 464 343 449 99 296 186 327 385 71 17 325 260 37 54 218 467 347 451 97 87 303 176 499 155 275 86 477 437 225 361 30 79 308 465 424 15 136 294 235 82 291 441 216 202 197 392 130 170 43 298 3 116 309 321 14 278 182 267 96 479 128 90 153 323 147 480 47 188 426 58 443 16 458 205 471 442 372 476 146 162 19 470 445 375 290 410 417 248 124 500 57 473 429 335 122 195 139 49 201 289 364 366 413 268 212 414 179 113 340 148 31 74 181 284 253 65 117 269 295 230 438 474 105 322 157 315 41 416 81 106 276 50 254 374 281 285 12 270 407 423 53 123 207 431 61 358 129 94 373 266 440 306 151 428 337 232 27 73 360 241 68 283 91 191 206 213 34 277 333 405 299 305 297 13 332 422 378 495 391 320 239 406 158 493 420 2 462 328 384 56 386 45 387 311 217 390 214 29 255 454 389 198 8 196 121 11 210 280 83 353 331 142 33 258 301 450 310 223 292 463 403 66 109 404 326 334 156 478 143 381 236 401 166 259 18 120 379 482 55 447 271 498 111 490 393 336 312 418 204 175 103 180 127 46 484 107 28 346 388 93 135 249 227 317 448 439 149 40 237 408 435 95 219 425 242 489 159 421 174 349 115 342 132 487 314 427 344 215 190 244 282 356 436 203 6 231 209 167 144 88 184 64 307 84 165 455 145 240 430 472 78 377 32 189 370 70 368 398 9 211 85 459 345 453 233 104 208 468 
Sun Apr 06 13:41:07 2014
times:7
solution is:32132.000000.       temperature is:999.990000
ans array:
316 44 118 380 159 432 89 375 134 286 496 396 135 295 357 495 434 67 47 416 494 130 280 409 16 208 80 212 31 27 314 98 222 399 158 252 418 142 315 24 459 196 497 313 86 454 189 395 351 124 489 173 72 366 397 412 199 453 462 274 291 428 367 30 327 184 491 475 74 148 333 325 81 423 335 393 390 340 492 166 25 483 382 488 435 261 224 359 341 152 99 306 457 499 193 250 304 133 413 107 153 143 144 266 276 347 321 108 11 482 95 168 43 480 192 75 348 181 260 332 464 460 293 229 394 486 220 372 301 468 174 210 177 358 131 477 63 309 262 264 151 172 299 323 245 265 243 26 329 52 312 328 48 391 371 164 23 19 443 237 101 253 415 57 414 14 59 110 161 87 128 343 400 139 97 441 354 53 439 289 402 185 187 147 200 303 176 473 100 1 73 287 180 228 277 254 37 500 155 238 363 284 8 94 389 2 198 234 92 451 410 79 370 230 300 318 217 346 129 419 424 77 493 15 225 365 447 458 162 202 207 186 385 39 319 233 472 106 465 376 384 12 154 455 236 449 17 444 378 311 232 479 112 183 203 116 84 65 374 54 257 362 113 310 13 429 405 386 50 339 466 308 141 344 440 32 213 456 62 219 302 407 3 437 411 369 283 255 83 205 61 430 263 136 21 273 433 109 404 60 146 246 88 178 463 279 352 450 20 256 137 355 182 474 114 387 248 206 476 487 160 226 156 417 33 221 36 353 322 364 51 216 269 278 111 115 251 490 349 272 268 150 342 119 34 127 170 138 231 484 305 188 122 361 392 281 368 282 105 247 82 171 4 446 179 69 470 244 56 383 218 422 215 452 46 337 194 379 442 298 485 427 90 469 285 191 373 296 403 381 71 29 408 96 76 461 288 350 64 9 197 85 117 42 28 294 165 377 163 5 270 297 445 6 169 204 420 125 195 421 334 126 68 78 120 292 121 227 356 10 431 498 201 104 132 214 157 336 324 7 242 398 149 438 338 55 241 249 190 38 425 326 307 22 240 436 140 41 467 45 258 275 259 35 209 102 448 66 360 388 123 18 211 167 40 91 235 58 471 70 175 345 239 426 406 290 401 320 93 145 103 49 478 271 331 223 267 330 481 317 
Sun Apr 06 13:42:16 2014
times:8
solution is:32139.000000.       temperature is:999.990000
ans array:
241 424 247 394 347 434 293 420 44 139 186 107 80 98 392 20 428 138 164 134 494 393 101 412 330 276 489 473 482 299 28 116 97 193 163 306 303 67 343 283 488 224 314 174 372 274 50 94 466 21 184 54 323 86 33 359 313 413 375 286 131 429 6 302 229 461 55 126 437 14 457 31 371 63 485 497 112 42 386 238 181 214 118 192 316 472 124 170 477 440 262 453 178 361 135 36 128 272 3 500 399 25 38 300 287 423 385 365 232 207 475 279 445 295 341 196 243 298 22 133 396 223 175 148 362 492 395 146 250 495 465 213 199 493 476 7 309 439 123 152 269 111 218 130 234 458 165 73 459 162 52 26 222 438 48 491 89 435 410 195 17 176 474 19 280 34 411 92 312 168 264 442 93 119 447 318 351 43 49 47 69 173 369 328 278 153 408 405 2 65 127 431 407 203 460 39 266 4 260 275 304 425 77 357 11 216 37 140 32 449 409 308 157 327 102 104 53 446 354 383 367 285 443 417 432 329 187 74 96 29 317 382 294 390 59 245 70 120 5 284 363 237 251 397 324 114 444 180 141 499 122 219 189 185 117 305 281 263 436 158 335 402 374 378 345 105 108 376 289 87 182 171 252 228 16 406 451 360 205 270 125 401 60 1 452 415 169 246 486 76 468 41 62 290 198 143 15 253 150 217 225 346 208 137 51 106 258 419 464 319 210 72 35 113 325 57 27 136 13 235 200 391 100 480 155 490 288 99 227 265 292 91 352 311 433 90 161 414 340 255 166 188 12 384 121 172 381 160 467 282 454 370 261 110 400 129 142 416 66 183 83 256 220 197 333 68 398 336 379 46 177 430 389 45 230 358 151 366 356 149 471 159 248 154 426 179 58 95 348 30 427 244 147 242 291 344 377 364 326 470 277 342 132 156 498 338 257 271 82 483 320 24 212 455 259 103 78 226 194 254 273 221 456 61 84 206 479 202 441 331 231 448 350 337 9 191 310 239 190 469 209 64 353 339 18 321 236 296 204 211 450 481 349 215 267 8 332 387 380 418 388 422 315 71 79 301 403 56 233 75 404 462 109 249 487 115 81 484 334 421 355 240 10 496 167 201 144 145 40 368 85 307 478 322 373 297 88 463 23 268 
Sun Apr 06 13:43:26 2014
times:9
solution is:32152.000000.       temperature is:999.990000
ans array:
217 406 347 494 290 313 288 163 375 22 37 442 186 286 31 320 323 14 234 287 495 325 489 189 118 262 72 412 496 105 16 423 195 266 440 220 468 20 150 291 32 432 164 351 83 134 339 251 227 60 471 429 252 457 272 447 374 465 326 477 386 76 318 461 152 44 25 250 264 237 131 248 138 396 199 446 273 154 359 410 21 126 415 428 98 395 390 222 69 367 385 393 224 101 491 405 308 216 492 341 61 279 1 278 394 54 276 348 19 452 17 137 111 293 214 292 382 108 460 48 243 274 235 437 63 50 47 295 362 229 64 124 365 298 247 391 218 319 282 439 271 43 299 316 133 176 497 304 38 302 346 143 78 486 135 13 23 383 480 148 51 168 380 370 29 466 378 236 158 198 372 160 476 5 474 77 99 194 161 363 205 123 357 411 327 488 312 188 336 443 183 343 449 458 58 187 53 184 65 210 352 191 333 182 10 433 80 52 177 3 92 500 102 490 87 306 445 136 127 39 283 482 24 263 335 309 174 441 493 281 151 159 473 408 284 142 11 129 261 462 242 418 300 402 438 56 361 324 416 117 350 280 404 472 107 371 321 311 384 409 475 125 155 434 141 200 303 257 70 464 166 89 67 100 196 204 9 157 193 207 112 289 6 30 245 180 329 26 456 277 226 34 255 265 322 425 171 315 422 192 444 139 328 179 253 419 232 413 110 369 338 209 430 97 435 90 403 75 130 88 15 206 259 59 213 400 285 104 379 364 7 94 487 162 106 42 424 417 169 27 85 453 479 178 353 269 4 28 470 49 399 201 82 260 485 153 389 33 172 414 86 314 128 81 73 113 175 239 12 356 57 310 119 455 45 225 95 427 366 185 18 41 74 467 376 173 268 146 420 448 373 392 68 297 358 46 484 96 454 349 499 317 355 109 62 181 340 149 426 478 388 249 221 79 244 231 8 258 387 132 301 401 331 421 93 36 238 211 91 120 165 296 377 436 219 156 40 208 451 398 170 407 270 498 450 431 215 381 344 230 233 307 212 66 140 459 167 122 147 483 463 481 332 294 197 305 337 246 267 345 360 2 115 121 103 114 190 256 342 334 254 469 145 368 144 241 240 223 275 84 71 55 203 116 202 354 228 35 330 397 
Sun Apr 06 13:44:36 2014
The average run time for the algorithm is : 69.328000
The average solution for the algorithm is : 32217.400000
The maxx solution for the algorithm is : 32460.000000
The minn solution for the algorithm is : 32100.000000
