period=100.000000
Sun Apr 06 16:47:51 2014

N=500 M=20
times:0
solution is:32141.000000.       temperature is:999.990000
ans array:
50 134 274 189 300 488 186 343 118 341 110 434 148 302 1 363 424 152 494 367 337 276 299 461 158 430 164 318 44 7 260 218 206 250 143 98 111 21 396 394 316 412 185 435 313 472 251 89 314 245 416 415 391 397 259 25 324 286 86 432 309 496 484 24 295 291 359 63 371 433 151 178 204 348 95 429 15 482 37 234 131 225 133 495 390 306 199 146 475 149 47 80 12 176 409 182 208 352 42 123 402 440 419 69 67 275 480 319 365 140 19 177 474 437 465 46 59 357 452 443 272 200 431 252 297 386 403 20 101 292 340 278 243 193 282 11 198 411 171 490 62 438 325 6 277 298 327 150 361 60 226 458 289 473 410 423 399 311 112 124 65 483 404 374 139 83 413 420 157 500 4 338 471 227 161 100 57 166 127 184 296 3 236 308 328 48 136 288 229 187 323 219 479 68 248 307 261 215 335 266 117 213 107 79 271 119 94 349 23 345 375 317 180 247 287 26 256 392 223 262 372 273 370 52 96 135 393 216 445 462 294 105 58 175 34 387 92 491 489 51 464 382 456 264 141 207 385 153 168 113 221 35 358 389 485 49 497 457 222 353 253 183 73 280 284 486 493 422 190 406 460 201 130 169 362 346 77 99 449 195 103 163 354 22 104 224 238 283 192 378 154 230 172 376 16 329 293 196 39 147 285 303 290 43 54 304 330 38 463 425 448 102 249 194 61 255 97 162 305 9 142 82 191 125 220 441 442 232 477 364 64 30 28 355 336 470 116 395 167 407 400 339 263 29 347 78 85 237 418 72 120 10 41 233 439 242 203 126 53 138 160 499 476 417 75 170 214 128 18 13 202 179 498 210 267 332 446 351 71 197 427 384 428 174 265 231 239 66 181 55 310 373 217 331 258 454 380 90 269 366 312 56 36 74 81 33 405 14 27 106 88 379 244 334 426 241 235 360 436 156 109 114 76 469 5 279 270 84 2 466 281 383 350 155 108 398 447 159 421 492 188 93 450 268 228 31 129 240 209 356 467 8 132 408 487 444 342 32 17 137 388 344 326 212 173 301 246 205 257 45 333 165 368 455 459 401 145 468 40 144 121 115 91 478 377 381 321 211 70 320 315 481 122 453 451 87 414 254 369 322 
Sun Apr 06 16:49:35 2014
times:1
solution is:32114.000000.       temperature is:999.990000
ans array:
217 397 274 118 396 343 292 189 496 286 193 400 163 441 131 186 494 226 172 298 27 356 262 357 313 50 381 257 120 375 227 107 405 272 306 110 134 330 207 229 79 168 182 65 94 125 335 471 317 95 24 39 11 383 371 282 412 432 467 185 16 67 287 97 150 473 234 431 236 129 252 155 428 325 53 138 111 382 430 246 20 253 51 464 142 140 116 58 96 7 264 337 86 492 146 291 389 143 215 461 243 314 489 106 460 482 302 332 124 1 109 309 92 210 26 85 212 429 256 280 354 44 491 346 351 21 75 206 98 242 299 329 133 76 488 247 462 54 28 23 30 114 177 415 479 385 89 13 43 261 173 171 374 372 42 452 360 359 260 477 228 250 83 208 437 436 6 198 281 472 266 300 401 69 60 19 48 433 440 169 293 328 485 369 71 80 148 370 59 363 158 162 341 251 378 81 334 419 497 100 480 130 474 72 167 439 284 279 289 411 445 128 165 200 224 73 423 183 413 347 213 222 99 4 161 37 500 311 442 303 144 29 180 104 25 361 103 394 490 277 308 77 399 153 438 176 318 270 223 192 152 323 435 449 108 487 304 56 443 425 424 17 493 219 74 269 459 376 178 465 391 365 362 409 121 410 245 402 119 238 34 78 447 373 170 57 31 338 181 149 259 484 38 126 392 199 141 52 184 205 231 12 218 348 294 448 339 498 160 456 136 422 101 406 244 407 366 237 486 322 151 316 395 417 352 117 82 187 248 15 8 216 49 404 164 418 390 154 113 112 40 41 61 296 340 2 333 273 350 324 220 393 268 265 387 388 321 5 416 326 174 105 483 3 305 235 276 197 135 290 319 297 408 288 127 336 398 102 295 35 307 469 446 450 84 47 466 191 221 22 271 451 202 476 123 166 454 475 159 263 414 312 458 386 301 349 179 367 379 137 70 225 384 87 427 45 453 420 426 62 147 444 455 68 214 353 499 310 463 285 66 241 157 255 275 201 364 470 14 457 36 88 421 342 46 194 377 240 63 32 156 18 93 209 355 230 204 403 315 345 358 145 258 10 320 232 55 115 211 9 239 344 249 267 64 195 188 233 278 283 90 254 203 122 175 380 196 478 91 495 33 368 190 481 331 434 132 139 327 468 
Sun Apr 06 16:51:18 2014
times:2
solution is:32357.000000.       temperature is:999.990000
ans array:
181 315 118 316 176 185 110 186 229 308 372 193 432 413 219 496 459 397 375 30 234 319 155 313 335 390 44 357 264 404 396 305 163 437 196 328 53 494 405 323 477 251 131 373 466 25 205 19 304 65 473 265 460 222 72 165 434 98 283 228 274 158 150 410 272 419 293 279 49 260 69 491 290 82 59 378 77 320 148 143 107 21 101 104 134 142 457 440 280 276 325 309 443 414 262 67 489 207 42 424 318 416 492 381 153 54 64 100 389 254 213 31 177 86 365 212 299 287 189 137 123 486 408 444 47 159 343 263 162 428 431 116 253 286 324 22 385 333 393 89 479 120 391 348 285 52 92 76 281 422 445 56 306 126 183 468 415 243 28 296 275 210 232 352 202 376 358 354 236 429 124 439 117 37 164 442 322 359 130 87 230 449 341 255 493 97 400 168 288 245 152 249 371 337 297 7 394 73 60 303 411 430 340 311 252 167 465 250 464 298 499 111 127 85 438 223 195 1 461 63 488 350 8 412 271 17 206 395 480 129 472 187 374 133 500 330 363 406 146 27 26 452 62 4 362 184 329 336 138 182 102 90 11 447 208 13 84 326 277 161 169 332 3 94 225 441 403 91 88 194 407 197 20 5 6 369 233 160 198 224 387 261 436 310 113 34 43 218 347 490 474 106 166 33 51 244 23 128 192 112 99 300 367 78 294 45 295 200 48 399 392 105 32 497 482 180 38 334 386 248 247 81 458 226 16 50 216 278 174 70 450 270 156 388 29 199 238 12 302 379 188 214 266 24 398 269 172 125 349 402 291 361 353 478 471 55 121 451 446 211 257 421 470 135 235 339 151 173 178 417 346 71 75 487 179 356 364 157 242 423 171 314 476 469 327 433 61 36 93 57 41 136 141 462 140 427 268 220 132 258 483 18 426 79 80 83 498 456 39 282 68 380 190 114 448 147 154 9 119 475 256 201 366 215 370 485 307 35 149 15 191 122 351 301 409 217 453 239 74 454 170 237 240 425 418 103 46 145 321 221 345 317 109 384 241 273 40 231 108 435 455 401 203 463 284 383 144 96 259 481 382 289 14 420 377 484 360 115 66 209 355 10 267 204 368 342 139 246 2 58 331 467 227 312 95 344 292 175 338 495 
Sun Apr 06 16:53:00 2014
times:3
solution is:32119.000000.       temperature is:999.990000
ans array:
316 44 118 208 114 189 357 432 488 460 186 26 500 330 234 424 138 360 149 287 302 472 176 97 52 174 262 83 269 437 452 489 459 496 372 293 473 237 106 173 37 278 251 79 7 343 51 172 484 435 341 371 152 47 313 290 347 276 77 196 393 25 232 286 58 67 351 396 461 219 166 494 337 136 1 243 327 107 474 20 86 486 449 450 59 108 22 130 200 299 87 11 42 199 385 71 375 163 395 366 131 110 338 100 434 143 465 250 210 222 285 193 297 184 415 177 340 119 14 168 394 101 249 229 314 264 226 333 304 141 72 289 306 464 470 260 102 201 318 135 221 65 85 281 387 350 217 303 112 15 17 162 228 182 411 98 137 412 492 300 329 148 399 105 56 458 419 34 21 19 80 126 325 321 134 322 409 188 13 272 117 363 410 123 92 433 88 89 358 406 284 195 69 187 41 127 253 352 291 38 380 121 404 104 376 151 153 181 245 400 140 490 326 280 390 270 247 60 227 444 94 39 359 369 497 442 263 216 90 261 178 475 334 495 180 256 335 144 224 128 230 63 185 457 282 74 454 445 30 160 28 169 43 125 441 120 76 499 438 3 255 307 491 220 292 348 274 273 124 397 146 164 252 53 429 477 354 423 448 48 207 336 32 324 81 161 298 430 258 155 158 391 283 480 309 308 240 405 238 49 205 142 183 139 111 218 212 133 431 267 266 367 78 447 147 265 353 231 370 344 414 466 8 206 417 476 132 194 416 175 443 36 377 332 170 202 402 46 426 73 55 331 413 462 317 362 440 75 113 109 420 323 468 171 384 418 388 213 311 122 315 382 436 471 18 346 422 398 389 312 288 301 386 425 239 355 179 31 428 156 4 235 66 241 259 236 383 150 54 198 467 339 498 57 82 279 70 95 455 248 244 61 157 129 320 373 439 192 479 242 191 154 35 45 159 403 277 268 378 294 456 29 64 9 374 6 345 214 296 27 342 361 364 223 190 483 295 310 93 328 165 209 446 16 478 62 10 365 463 257 225 485 275 482 197 246 233 481 392 115 68 5 33 349 167 116 451 407 379 408 2 427 254 305 319 84 401 487 211 469 91 96 12 24 40 215 103 204 356 271 421 145 203 368 50 23 493 99 381 453 
Sun Apr 06 16:54:43 2014
times:4
solution is:32359.000000.       temperature is:999.990000
ans array:
292 315 118 330 154 101 98 480 14 338 472 95 161 31 185 168 264 189 134 424 319 488 32 286 234 460 39 111 48 59 473 326 389 100 394 385 108 47 175 318 148 208 187 52 245 298 76 375 354 131 238 288 44 6 477 325 149 110 327 1 335 429 26 200 415 186 133 459 86 198 428 176 372 348 67 247 253 36 160 362 152 17 79 183 224 146 29 77 396 411 232 142 313 373 203 251 495 121 151 374 20 308 51 274 166 493 54 409 75 341 130 432 206 139 284 164 304 99 438 464 302 193 73 272 62 222 158 119 287 490 255 435 462 172 399 113 365 25 496 124 205 269 195 471 80 169 466 42 316 423 96 122 383 494 300 291 21 178 447 323 248 202 72 92 434 230 24 210 351 391 343 63 492 359 262 89 416 109 497 283 352 361 451 357 207 227 404 138 405 13 126 256 381 263 147 221 65 303 425 97 440 280 174 410 311 458 395 143 12 61 276 171 333 188 266 250 397 127 293 479 465 137 419 270 88 370 243 403 218 485 277 244 475 413 144 107 34 83 53 279 136 461 57 417 420 103 199 204 367 85 290 216 406 229 35 90 489 442 212 441 11 7 170 228 301 437 129 486 105 159 382 30 363 4 452 261 209 376 309 312 483 378 390 252 463 104 499 329 19 366 476 180 278 213 235 82 474 70 140 310 364 412 332 112 387 43 334 456 271 340 182 281 191 165 37 8 223 157 299 71 28 285 305 328 114 360 430 468 197 400 196 449 16 117 444 87 439 236 69 379 153 421 306 66 498 179 457 289 94 443 220 116 491 346 106 135 150 414 217 239 392 194 49 402 345 273 56 314 467 102 450 173 393 128 249 132 446 125 353 156 384 265 282 398 27 120 60 296 257 33 41 74 23 349 22 350 240 184 453 445 162 10 45 407 422 219 324 275 192 322 46 155 237 371 3 177 448 259 226 470 64 294 38 500 336 433 356 408 386 246 380 369 260 68 214 297 401 141 181 201 454 388 18 331 482 211 50 317 167 242 163 5 481 358 233 91 469 115 436 427 320 342 431 337 215 58 355 241 344 487 9 123 40 145 93 2 231 84 267 55 478 484 78 426 295 377 254 190 368 81 258 15 339 268 455 418 321 347 225 307 
Sun Apr 06 16:56:26 2014
times:5
solution is:32084.000000.       temperature is:999.990000
ans array:
50 134 241 315 473 274 316 39 164 196 4 319 327 394 79 155 238 472 110 335 325 359 54 131 494 428 234 461 276 118 253 21 63 262 38 150 439 44 410 354 247 139 80 375 163 399 152 26 496 133 31 148 300 127 328 352 369 99 1 291 450 229 462 81 186 19 313 199 222 176 423 460 25 477 430 488 415 243 67 317 474 73 380 257 437 60 397 100 20 185 272 470 153 261 135 74 293 350 219 193 304 324 188 90 471 416 142 480 391 116 108 343 367 162 65 400 124 97 292 303 495 226 174 184 299 323 140 396 78 105 395 458 245 370 295 14 182 309 30 42 17 87 464 302 318 125 128 83 351 466 228 187 338 301 225 264 346 341 424 357 487 129 111 161 158 61 498 41 212 95 485 482 64 86 445 420 419 374 475 449 113 348 237 456 37 308 11 381 102 15 273 154 197 251 411 198 285 432 59 7 446 194 106 434 497 468 218 126 330 168 53 483 263 412 362 441 92 286 384 207 465 492 136 224 216 427 413 284 459 271 119 386 457 141 250 491 467 49 230 58 255 35 438 298 10 306 289 486 382 331 43 107 248 200 425 297 215 433 147 213 117 500 311 363 36 326 232 404 3 172 82 407 195 287 23 205 490 429 84 75 112 77 231 170 220 244 275 336 390 28 62 101 27 469 337 34 499 448 280 493 347 444 12 489 358 452 281 98 89 436 16 57 409 333 277 389 440 223 5 340 121 296 414 149 96 137 379 443 177 22 214 392 332 321 179 378 71 160 260 8 353 210 242 290 72 270 417 371 265 143 426 307 236 435 344 51 334 45 329 402 85 46 191 320 173 283 365 398 431 256 387 166 13 361 171 221 481 24 266 405 2 157 314 94 235 408 183 305 159 69 123 48 18 240 312 180 278 349 252 56 151 294 463 145 29 217 383 282 269 122 47 246 372 32 156 52 403 376 356 479 132 70 310 385 373 476 130 208 169 377 104 422 421 9 393 144 138 167 366 115 233 165 66 267 418 288 120 447 455 201 209 33 227 258 204 114 249 55 211 454 190 360 202 279 239 401 453 339 88 406 91 368 268 451 76 364 355 146 342 203 206 345 388 93 68 103 478 181 254 109 259 484 192 442 175 178 40 6 189 322 
Sun Apr 06 16:58:08 2014
times:6
solution is:32252.000000.       temperature is:999.990000
ans array:
189 309 208 397 315 464 300 313 118 136 21 327 365 286 171 465 168 67 330 359 65 394 432 193 20 185 31 155 26 74 319 335 176 186 428 97 316 11 59 94 107 134 150 352 489 439 442 372 304 154 457 133 254 347 272 131 14 117 52 337 242 441 318 305 351 343 89 126 251 466 497 98 29 243 124 265 373 148 110 413 281 264 188 380 85 44 429 39 390 295 369 276 262 223 4 292 19 341 69 460 386 362 287 385 156 492 449 57 182 258 399 302 299 197 269 80 55 306 37 164 375 172 116 274 248 415 289 195 229 443 238 472 404 285 25 424 166 488 446 225 475 161 437 192 106 187 162 363 314 451 199 76 147 30 22 410 111 376 160 348 450 490 260 13 325 461 218 280 293 120 54 43 474 382 173 104 433 101 220 1 87 47 419 139 483 157 279 108 317 48 283 53 400 491 496 477 329 51 294 180 420 222 194 417 112 143 257 331 371 24 149 7 86 436 200 119 60 473 278 61 142 62 266 17 470 452 163 298 311 416 241 216 49 174 73 228 183 322 263 495 422 127 82 308 42 217 100 333 445 412 357 261 205 198 499 12 291 358 354 234 3 232 468 250 151 93 35 72 480 396 290 27 486 326 206 471 430 391 224 423 346 270 411 387 34 219 414 324 393 456 159 462 16 405 50 68 252 245 210 476 5 350 409 402 177 90 444 340 378 128 336 267 366 268 493 374 15 425 36 440 178 28 63 453 256 383 41 207 244 353 323 459 273 103 130 170 253 9 56 367 70 213 105 303 75 113 152 235 370 469 221 275 196 129 255 99 310 321 360 384 484 214 389 454 284 32 96 6 122 109 92 447 141 448 77 230 179 392 458 233 500 277 140 215 175 398 138 38 406 282 191 249 426 338 114 356 58 259 237 184 361 301 33 239 431 355 146 181 84 377 435 169 434 334 388 121 144 212 231 226 81 8 339 307 83 190 467 395 227 421 240 479 381 271 349 45 485 342 71 438 79 498 125 408 64 418 46 297 345 153 209 137 246 102 332 135 296 165 132 40 482 2 145 312 401 328 66 91 481 455 236 88 407 379 18 204 368 364 10 320 203 487 427 201 463 115 167 211 78 494 247 158 344 288 123 403 202 95 478 23 
Sun Apr 06 16:59:50 2014
times:7
solution is:32103.000000.       temperature is:999.990000
ans array:
217 397 316 134 152 118 58 396 287 357 480 319 452 302 176 236 338 219 487 330 196 493 328 19 169 75 485 277 273 107 488 83 54 119 130 223 359 98 222 164 183 31 286 369 1 133 318 289 94 373 111 489 205 59 495 253 182 125 281 465 178 131 347 68 422 429 290 282 405 325 298 263 327 264 400 206 260 274 29 185 27 434 358 303 413 92 100 80 363 250 375 432 299 391 220 351 3 265 187 110 37 20 30 466 314 367 416 293 474 500 136 456 412 272 348 399 420 151 199 186 50 445 63 193 409 428 447 378 440 458 472 97 57 424 225 410 101 200 497 198 376 126 301 173 449 283 213 496 47 82 192 108 395 443 90 243 6 35 65 232 486 67 135 477 120 475 423 22 138 300 188 296 216 237 245 142 87 251 4 262 257 464 308 483 161 324 258 228 85 79 234 128 202 14 48 123 280 77 8 329 306 127 271 470 394 392 494 346 25 276 224 337 149 323 492 184 163 143 372 180 235 482 179 191 374 471 52 112 72 468 159 404 34 99 371 42 155 124 362 499 150 21 335 256 382 215 195 352 266 311 366 162 331 473 24 442 297 53 89 44 460 387 76 16 285 116 390 252 26 490 439 441 208 158 102 419 279 425 313 177 469 114 291 170 207 430 39 104 38 393 160 46 339 194 61 435 383 103 11 157 56 341 284 322 292 491 388 86 153 15 174 204 361 295 113 210 247 32 259 154 476 43 321 62 353 461 218 444 415 238 148 343 95 197 51 96 255 354 457 309 145 433 69 168 320 414 479 5 312 132 304 448 201 437 278 365 60 229 172 249 7 446 109 364 28 459 427 344 227 230 156 129 310 78 389 41 438 144 326 36 18 403 55 381 165 166 350 454 248 307 74 450 121 45 117 214 137 317 23 398 181 484 332 411 385 462 333 340 269 105 407 345 209 270 336 261 106 231 453 451 386 334 467 498 73 147 171 70 12 246 384 426 167 211 267 402 226 239 88 401 93 33 91 418 436 349 315 10 221 81 294 9 370 13 141 17 406 212 49 146 2 268 240 463 175 122 481 71 203 380 356 241 421 244 305 66 140 379 115 64 408 431 342 190 254 455 478 355 233 377 40 417 84 360 242 368 139 288 275 189 
Sun Apr 06 17:01:32 2014
times:8
solution is:32140.000000.       temperature is:999.990000
ans array:
316 357 268 189 319 251 14 400 118 274 495 206 7 445 419 300 135 159 494 500 23 348 101 80 432 134 333 130 496 28 17 335 411 221 26 193 110 116 488 391 128 373 477 219 113 198 314 290 345 194 279 186 370 489 311 98 37 457 213 63 152 131 337 358 264 34 174 67 143 451 497 435 185 182 36 79 65 449 223 160 266 256 126 409 125 491 192 396 52 146 124 4 228 263 257 187 431 385 25 304 323 269 164 11 54 94 442 404 343 202 226 367 371 291 277 6 286 1 375 464 315 460 225 452 359 380 42 56 62 191 410 412 258 352 472 253 16 273 132 486 220 287 97 195 437 27 338 30 399 53 85 58 162 272 133 15 205 47 372 441 433 60 163 260 5 346 39 392 158 330 250 394 434 19 362 22 390 69 83 322 293 38 210 72 207 475 148 374 235 242 75 415 351 466 3 388 173 95 480 237 261 109 12 459 378 48 295 462 325 74 324 490 147 347 199 90 123 21 137 361 50 168 245 24 389 165 299 230 405 150 59 13 166 416 332 276 172 66 327 376 71 468 112 129 51 298 313 318 77 114 429 234 248 384 106 262 423 82 108 177 366 303 87 413 402 278 289 369 139 285 119 99 104 456 20 142 232 151 169 140 306 88 294 154 450 471 161 309 136 178 149 10 354 414 200 76 86 93 473 476 465 417 184 117 312 458 92 493 350 43 283 243 216 482 444 321 498 446 212 121 181 474 302 484 271 44 32 144 224 331 265 381 365 393 280 240 175 430 407 443 183 188 100 470 222 364 356 360 383 252 424 73 40 55 171 217 247 105 153 208 31 49 485 238 102 421 179 341 467 395 229 196 127 382 418 499 454 427 297 157 329 180 89 270 9 492 255 422 328 120 236 355 426 301 29 96 57 61 141 440 218 241 448 292 428 379 197 214 41 282 386 308 436 111 353 344 340 387 233 284 70 439 249 81 406 64 259 209 397 33 310 403 244 107 204 46 170 339 201 447 246 122 349 307 479 227 438 487 2 156 336 461 239 8 478 455 317 425 18 296 305 211 453 334 78 84 215 103 254 35 398 45 68 91 138 483 203 463 342 115 481 231 401 267 145 469 377 190 155 368 420 408 363 320 281 288 176 167 275 326 
Sun Apr 06 17:03:15 2014
times:9
solution is:32170.000000.       temperature is:999.990000
ans array:
397 316 315 382 134 268 14 67 44 245 318 17 96 243 193 309 300 159 343 234 420 325 419 375 232 489 410 237 172 496 276 142 488 462 222 347 473 25 35 163 210 213 149 37 185 98 148 477 373 341 372 390 497 406 176 116 474 293 11 351 286 416 282 77 425 272 378 429 133 189 53 196 327 200 107 442 374 129 475 432 357 359 184 394 114 423 313 280 43 453 128 290 262 273 198 260 264 154 182 329 192 110 298 415 80 251 311 155 385 449 202 338 296 13 274 143 405 101 480 111 314 271 30 224 291 433 233 312 126 139 330 308 168 445 136 399 439 494 95 287 465 171 38 150 248 464 161 337 393 65 363 89 166 492 491 409 186 299 212 117 93 228 205 195 162 461 147 180 498 305 301 348 470 88 59 104 354 7 187 412 75 319 181 87 54 46 346 97 304 132 499 69 281 140 335 384 490 236 118 466 365 469 283 138 100 456 402 370 125 255 102 76 21 250 266 383 320 60 3 70 137 144 443 389 471 119 1 495 52 437 302 350 279 247 158 486 483 361 440 259 24 392 199 219 267 39 152 42 460 398 395 321 131 113 294 206 26 81 292 221 430 4 426 160 20 278 31 165 135 413 82 334 84 263 28 204 130 51 120 19 369 73 400 500 238 339 62 317 223 265 493 90 94 332 404 436 220 226 153 230 323 447 353 306 441 124 452 191 362 229 61 72 333 112 482 122 352 257 85 458 411 83 252 47 235 201 367 183 261 141 157 55 48 16 256 435 239 18 396 387 407 455 178 164 277 32 459 86 253 472 380 108 63 322 479 121 22 173 485 41 15 457 371 463 376 49 57 487 336 303 99 379 446 427 175 10 34 105 92 56 467 79 388 71 289 484 358 364 451 197 258 214 284 288 366 403 444 391 109 218 227 5 340 27 269 177 454 146 331 215 424 342 468 127 9 123 188 270 216 356 36 241 174 328 438 476 106 207 244 169 285 12 408 386 431 295 179 167 401 170 103 349 58 194 68 209 481 360 324 240 450 217 414 231 8 448 50 377 344 307 381 66 6 156 355 421 249 310 64 242 345 211 40 145 422 208 190 45 91 478 326 2 203 151 78 368 275 115 246 29 33 254 74 428 417 297 418 23 225 434 
Sun Apr 06 17:04:57 2014
The average run time for the algorithm is : 102.534400
The average solution for the algorithm is : 32183.900000
The maxx solution for the algorithm is : 32359.000000
The minn solution for the algorithm is : 32084.000000
