period=5.000000
Sat Apr 05 17:37:43 2014

N=50 M=5
times:0
solution is:3014.000000.       temperature is:999.990000
ans array:
19 10 1 26 27 31 11 40 13 33 34 37 29 21 20 5 32 28 22 4 9 23 42 38 24 7 36 48 25 35 45 2 30 6 18 17 46 39 44 12 41 15 14 47 49 16 43 8 50 3 
Sat Apr 05 17:37:48 2014
times:1
solution is:3014.000000.       temperature is:1000.000000
ans array:
19 10 17 32 41 13 34 27 6 4 25 40 44 24 12 30 48 49 21 7 36 26 46 45 23 47 31 38 16 22 42 39 20 9 2 37 14 28 1 18 11 43 29 5 15 33 35 8 50 3 
Sat Apr 05 17:37:53 2014
times:2
solution is:3014.000000.       temperature is:1000.000000
ans array:
19 26 10 23 31 40 30 48 38 15 47 6 44 34 25 39 4 2 28 22 32 43 29 45 8 16 13 35 37 21 5 36 27 11 14 20 49 12 42 7 24 9 17 18 41 46 33 1 50 3 
Sat Apr 05 17:37:58 2014
times:3
solution is:3014.000000.       temperature is:1000.000000
ans array:
19 26 10 40 18 33 13 25 27 39 28 41 12 6 24 4 1 17 31 29 30 11 5 23 32 35 45 21 34 7 37 16 20 36 22 48 46 38 42 49 15 44 2 14 9 47 43 8 50 3 
Sat Apr 05 17:38:03 2014
times:4
solution is:3014.000000.       temperature is:1000.000000
ans array:
19 31 40 10 5 21 45 6 41 1 13 20 2 32 38 22 27 26 43 12 47 28 29 39 24 17 4 9 18 46 8 15 42 25 7 11 36 34 35 48 44 14 30 23 16 49 33 37 50 3 
Sat Apr 05 17:38:08 2014
times:5
solution is:3014.000000.       temperature is:1000.000000
ans array:
19 26 6 12 38 45 18 31 25 10 15 34 21 1 47 40 32 28 33 27 11 44 24 13 30 2 46 42 36 35 23 9 41 39 17 4 5 20 22 7 16 43 29 14 48 49 8 37 50 3 
Sat Apr 05 17:38:13 2014
times:6
solution is:3014.000000.       temperature is:999.990000
ans array:
19 6 1 46 5 9 32 25 49 39 41 38 2 31 11 35 28 10 26 24 45 15 17 30 12 13 36 20 7 18 23 21 14 4 34 43 27 29 22 48 33 40 47 37 42 44 16 8 50 3 
Sat Apr 05 17:38:18 2014
times:7
solution is:3014.000000.       temperature is:999.970000
ans array:
19 16 17 48 40 34 7 26 11 39 13 2 29 32 21 20 1 14 31 36 44 28 10 38 5 18 41 27 12 22 23 45 42 33 25 49 30 6 35 46 47 4 24 8 15 43 9 37 50 3 
Sat Apr 05 17:38:23 2014
times:8
solution is:3014.000000.       temperature is:1000.000000
ans array:
19 31 41 17 44 1 38 16 15 34 5 30 10 11 13 12 27 6 46 22 4 28 25 7 32 20 45 29 26 47 42 36 40 14 21 39 48 18 37 23 9 35 2 24 33 49 43 8 50 3 
Sat Apr 05 17:38:28 2014
times:9
solution is:3014.000000.       temperature is:999.990000
ans array:
19 26 1 7 5 25 31 34 32 33 6 41 36 42 39 38 15 17 45 49 11 4 30 12 13 23 29 10 18 14 20 9 47 21 2 24 48 27 22 46 28 40 43 44 35 8 16 37 50 3 
Sat Apr 05 17:38:33 2014
times:10
solution is:3014.000000.       temperature is:999.980000
ans array:
19 26 22 13 10 40 15 36 31 24 35 33 1 32 43 34 30 11 25 38 2 41 28 44 4 7 45 6 5 17 48 20 29 18 39 14 8 12 27 47 49 42 46 9 21 37 16 23 50 3 
Sat Apr 05 17:38:38 2014
times:11
solution is:3014.000000.       temperature is:1000.000000
ans array:
19 17 9 46 30 18 38 4 31 23 15 37 36 41 5 45 1 26 39 12 7 42 20 28 10 32 27 13 34 11 25 21 40 24 44 48 29 49 47 2 14 22 16 6 35 43 33 8 50 3 
Sat Apr 05 17:38:43 2014
times:12
solution is:3014.000000.       temperature is:1000.000000
ans array:
19 17 6 10 27 21 39 24 22 26 40 38 13 23 2 30 28 12 32 34 20 18 48 42 49 1 5 31 45 15 7 36 16 25 35 46 41 29 47 4 43 33 14 11 9 44 8 37 50 3 
Sat Apr 05 17:38:48 2014
times:13
solution is:3014.000000.       temperature is:999.990000
ans array:
19 10 41 24 9 22 37 17 6 31 14 48 11 38 7 30 23 49 36 42 32 4 20 21 18 34 35 1 45 27 13 46 5 15 12 29 28 47 2 40 44 26 33 25 43 16 39 8 50 3 
Sat Apr 05 17:38:53 2014
times:14
solution is:3014.000000.       temperature is:999.990000
ans array:
19 31 11 10 46 44 1 21 34 22 28 6 26 27 49 14 15 32 20 38 7 12 25 18 16 35 23 39 45 36 42 13 17 30 29 41 2 9 33 24 4 37 48 5 47 40 43 8 50 3 
Sat Apr 05 17:38:58 2014
times:15
solution is:3014.000000.       temperature is:1000.000000
ans array:
19 31 21 28 15 34 10 41 25 38 18 27 9 20 6 35 17 44 13 24 46 5 12 4 26 36 2 45 29 49 16 42 7 30 14 22 47 37 33 32 39 1 11 40 43 23 48 8 50 3 
Sat Apr 05 17:39:03 2014
times:16
solution is:3014.000000.       temperature is:1000.000000
ans array:
19 10 1 46 17 49 40 18 31 26 15 44 45 41 6 42 24 34 7 22 13 27 20 48 32 28 23 39 37 29 21 47 4 5 36 14 38 30 12 16 25 33 2 35 9 43 11 8 50 3 
Sat Apr 05 17:39:08 2014
times:17
solution is:3014.000000.       temperature is:1000.000000
ans array:
19 17 38 11 1 27 46 21 13 10 31 22 28 20 4 5 36 32 49 12 23 24 2 14 26 45 44 43 34 39 40 48 6 41 29 25 15 18 47 8 30 33 35 42 7 9 16 37 50 3 
Sat Apr 05 17:39:13 2014
times:18
solution is:3014.000000.       temperature is:999.990000
ans array:
19 10 34 1 28 37 25 6 2 22 4 18 27 16 29 32 41 45 40 39 46 26 11 17 12 23 38 30 5 13 44 42 35 7 21 48 20 36 33 47 49 9 31 24 15 43 14 8 50 3 
Sat Apr 05 17:39:18 2014
times:19
solution is:3014.000000.       temperature is:1000.000000
ans array:
19 26 4 8 46 36 20 34 11 48 38 32 21 44 30 13 27 6 1 7 22 18 24 25 17 39 28 2 31 35 12 5 41 9 29 43 15 14 10 23 40 45 16 42 33 47 49 37 50 3 
Sat Apr 05 17:39:23 2014
The average run time for the algorithm is : 5.007250
The average solution for the algorithm is : 3014.000000
The maxx solution for the algorithm is : 3014.000000
The minn solution for the algorithm is : 3014.000000
