period=5.000000
Sat Apr 05 17:39:23 2014

N=50 M=5
times:0
solution is:3160.000000.       temperature is:1000.000000
ans array:
49 50 42 37 46 10 1 14 41 48 40 45 32 29 22 25 34 15 28 13 33 6 26 19 24 4 21 35 18 5 17 2 39 30 44 38 23 12 9 27 20 16 7 3 43 47 8 11 31 36 
Sat Apr 05 17:39:28 2014
times:1
solution is:3160.000000.       temperature is:1000.000000
ans array:
49 50 42 37 34 22 24 5 32 39 33 3 35 17 46 43 2 27 38 31 18 45 8 28 44 21 25 13 6 7 48 29 40 14 20 26 41 9 1 19 10 23 30 15 11 16 47 12 4 36 
Sat Apr 05 17:39:33 2014
times:2
solution is:3160.000000.       temperature is:1000.000000
ans array:
49 50 42 24 30 37 39 46 18 10 9 32 22 17 14 6 47 7 40 35 28 5 45 48 29 13 38 20 2 26 3 34 31 1 19 12 21 15 25 4 41 44 33 16 27 23 11 8 43 36 
Sat Apr 05 17:39:38 2014
times:3
solution is:3160.000000.       temperature is:1000.000000
ans array:
49 50 42 37 1 33 30 24 4 20 47 26 5 27 41 14 16 22 2 6 29 13 46 15 25 35 48 17 3 34 38 45 43 39 10 32 40 8 9 23 18 28 19 21 11 12 7 44 31 36 
Sat Apr 05 17:39:43 2014
times:4
solution is:3160.000000.       temperature is:1000.000000
ans array:
49 50 42 33 5 22 24 6 16 18 27 35 45 9 4 38 44 37 1 3 29 28 32 48 31 20 39 41 46 13 23 47 12 2 34 43 40 25 30 21 19 17 10 14 26 7 8 11 15 36 
Sat Apr 05 17:39:49 2014
times:5
solution is:3160.000000.       temperature is:1000.000000
ans array:
49 50 42 33 38 8 10 5 40 24 6 32 7 37 44 45 22 13 23 26 14 48 1 18 46 12 9 2 21 39 3 19 11 17 27 29 41 16 25 30 47 28 31 15 34 20 35 4 43 36 
Sat Apr 05 17:39:54 2014
times:6
solution is:3160.000000.       temperature is:1000.000000
ans array:
49 50 42 37 39 10 45 38 43 22 33 5 27 24 28 12 47 15 40 25 20 13 17 29 21 19 3 30 1 48 32 31 7 14 35 44 6 18 16 26 46 9 41 34 2 23 11 8 4 36 
Sat Apr 05 17:39:59 2014
times:7
solution is:3160.000000.       temperature is:1000.000000
ans array:
49 50 42 24 37 30 13 40 33 7 46 2 5 38 26 29 34 48 23 44 19 47 10 17 18 14 6 41 1 28 32 15 9 35 45 4 20 21 3 22 25 16 12 39 43 27 11 8 31 36 
Sat Apr 05 17:40:04 2014
times:8
solution is:3160.000000.       temperature is:1000.000000
ans array:
49 50 42 33 37 6 24 20 43 27 17 38 44 47 22 12 29 19 46 14 32 15 18 2 7 39 13 48 16 40 28 3 30 10 45 1 8 35 34 5 23 21 11 9 41 4 25 26 31 36 
Sat Apr 05 17:40:09 2014
times:9
solution is:3160.000000.       temperature is:1000.000000
ans array:
49 50 42 37 33 24 19 22 16 13 5 14 26 4 48 29 15 32 18 35 10 45 31 27 41 17 1 38 6 46 39 3 47 44 23 40 2 34 9 30 25 12 43 20 8 21 11 7 28 36 
Sat Apr 05 17:40:14 2014
times:10
solution is:3160.000000.       temperature is:999.990000
ans array:
49 50 42 24 39 45 18 44 5 37 13 1 34 26 29 22 30 25 47 40 10 46 32 15 6 31 28 14 41 7 35 19 48 33 21 9 8 2 17 20 12 43 23 16 38 27 3 11 4 36 
Sat Apr 05 17:40:19 2014
times:11
solution is:3160.000000.       temperature is:1000.000000
ans array:
49 50 42 24 39 45 5 30 48 43 25 14 31 15 1 40 37 38 44 10 22 2 28 19 33 18 34 20 6 46 8 9 26 13 32 47 27 3 21 29 17 12 23 35 16 7 11 41 4 36 
Sat Apr 05 17:40:24 2014
times:12
solution is:3160.000000.       temperature is:1000.000000
ans array:
49 50 42 37 23 33 6 41 15 24 22 44 30 46 39 21 2 20 1 47 14 5 45 40 26 17 48 19 4 12 43 29 13 35 8 25 9 7 32 34 31 28 10 3 38 27 18 11 16 36 
Sat Apr 05 17:40:29 2014
times:13
solution is:3160.000000.       temperature is:1000.000000
ans array:
49 50 42 33 37 24 26 38 5 46 48 6 2 28 41 29 27 13 3 44 45 18 22 31 34 4 11 19 40 39 30 25 35 47 16 20 43 10 14 1 21 7 32 15 23 12 8 9 17 36 
Sat Apr 05 17:40:34 2014
times:14
solution is:3160.000000.       temperature is:1000.000000
ans array:
49 50 42 37 48 46 33 47 18 13 30 45 38 2 35 7 5 32 44 34 20 40 4 39 6 15 14 17 21 10 43 1 27 25 24 41 22 16 23 29 28 26 3 8 9 12 19 11 31 36 
Sat Apr 05 17:40:39 2014
times:15
solution is:3160.000000.       temperature is:1000.000000
ans array:
49 50 42 33 37 6 23 13 15 38 46 29 18 26 45 24 5 28 14 20 30 35 21 17 10 9 12 8 32 19 39 41 40 16 1 48 25 3 7 2 11 34 47 43 44 27 22 31 4 36 
Sat Apr 05 17:40:44 2014
times:16
solution is:3160.000000.       temperature is:1000.000000
ans array:
49 50 42 33 18 44 37 24 38 28 9 46 13 6 25 22 48 17 41 15 31 20 35 29 5 27 30 47 8 21 12 16 10 43 32 45 14 3 39 7 19 40 2 34 11 23 26 1 4 36 
Sat Apr 05 17:40:49 2014
times:17
solution is:3160.000000.       temperature is:1000.000000
ans array:
49 50 42 33 24 20 15 46 43 7 47 39 14 13 28 5 1 27 32 9 22 26 23 37 6 38 8 4 2 35 45 21 40 25 17 34 18 48 29 41 11 12 19 44 10 30 16 3 31 36 
Sat Apr 05 17:40:54 2014
times:18
solution is:3160.000000.       temperature is:1000.000000
ans array:
49 50 42 33 18 44 5 34 24 16 35 26 25 13 30 4 46 39 40 29 45 12 38 6 7 2 17 19 14 48 32 3 47 22 15 37 21 8 1 28 20 31 9 10 41 27 43 11 23 36 
Sat Apr 05 17:40:59 2014
times:19
solution is:3160.000000.       temperature is:1000.000000
ans array:
49 50 42 24 28 14 18 26 5 33 45 39 40 25 47 4 1 12 27 46 8 44 32 15 37 29 19 17 43 2 41 34 21 35 7 9 48 10 3 22 6 31 20 38 13 16 30 11 23 36 
Sat Apr 05 17:41:04 2014
The average run time for the algorithm is : 5.006050
The average solution for the algorithm is : 3160.000000
The maxx solution for the algorithm is : 3160.000000
The minn solution for the algorithm is : 3160.000000
