period=5.000000
Sat Apr 05 17:41:04 2014

N=50 M=5
times:0
solution is:2831.000000.       temperature is:1000.000000
ans array:
8 2 24 40 11 9 23 16 35 29 13 37 15 49 28 25 32 34 43 19 5 4 41 42 45 17 21 1 20 33 39 38 27 47 50 26 18 3 30 10 31 46 22 7 12 48 6 44 36 14 
Sat Apr 05 17:41:09 2014
times:1
solution is:2831.000000.       temperature is:1000.000000
ans array:
8 2 24 23 47 4 30 35 34 3 15 37 18 9 29 25 13 31 26 49 48 11 27 28 19 1 43 40 38 7 39 22 41 21 20 36 16 10 17 32 46 45 5 50 44 33 6 12 42 14 
Sat Apr 05 17:41:14 2014
times:2
solution is:2831.000000.       temperature is:1000.000000
ans array:
8 2 24 10 1 28 18 11 29 13 5 17 22 44 6 20 49 4 26 7 3 9 30 25 36 27 41 39 21 34 31 35 50 48 16 43 33 47 38 37 23 15 12 40 19 46 32 45 42 14 
Sat Apr 05 17:41:19 2014
times:3
solution is:2831.000000.       temperature is:1000.000000
ans array:
8 2 24 37 49 16 25 5 10 13 1 29 47 50 18 32 26 34 17 44 31 7 11 15 33 46 3 27 38 6 20 48 36 43 39 30 19 35 23 40 41 45 12 9 22 4 21 28 42 14 
Sat Apr 05 17:41:24 2014
times:4
solution is:2831.000000.       temperature is:1000.000000
ans array:
8 2 3 10 37 13 42 23 1 9 39 24 40 5 4 41 21 6 29 20 15 33 32 12 45 47 16 43 49 28 31 11 18 38 25 48 22 34 30 7 50 35 27 17 19 26 46 44 36 14 
Sat Apr 05 17:41:29 2014
times:5
solution is:2831.000000.       temperature is:999.990000
ans array:
8 2 24 28 26 32 4 7 41 16 29 6 25 30 40 10 36 18 11 1 27 38 23 44 47 33 31 35 17 15 19 3 43 49 9 21 22 12 34 5 13 45 37 39 48 20 46 50 42 14 
Sat Apr 05 17:41:34 2014
times:6
solution is:2831.000000.       temperature is:1000.000000
ans array:
8 2 24 16 37 10 4 49 26 5 31 6 47 18 15 25 23 40 12 13 44 36 41 29 30 1 34 9 21 22 27 11 43 7 48 19 50 17 46 20 32 28 3 45 38 33 39 35 42 14 
Sat Apr 05 17:41:39 2014
times:7
solution is:2831.000000.       temperature is:1000.000000
ans array:
8 2 24 28 4 45 16 9 38 12 22 44 47 3 23 36 20 10 15 25 18 37 40 27 26 1 39 41 5 21 49 6 17 32 11 31 29 46 30 43 48 34 50 35 33 19 7 13 42 14 
Sat Apr 05 17:41:44 2014
times:8
solution is:2831.000000.       temperature is:1000.000000
ans array:
8 2 24 13 4 16 9 23 45 41 3 48 40 5 11 34 49 30 20 31 15 43 47 1 22 38 6 28 27 29 37 17 26 32 35 25 7 21 36 18 10 39 33 44 50 12 19 46 42 14 
Sat Apr 05 17:41:49 2014
times:9
solution is:2831.000000.       temperature is:1000.000000
ans array:
8 2 24 40 12 4 41 23 29 32 1 13 48 28 20 47 11 46 6 27 30 38 45 10 16 9 19 39 49 5 35 34 37 25 3 18 31 50 43 33 22 44 26 15 36 7 21 17 42 14 
Sat Apr 05 17:41:54 2014
times:10
solution is:2831.000000.       temperature is:1000.000000
ans array:
8 2 24 10 40 4 35 43 22 5 30 36 9 45 27 1 23 34 11 3 17 48 12 25 16 41 32 21 20 49 7 6 13 18 37 15 33 44 28 47 29 31 26 50 19 39 46 38 42 14 
Sat Apr 05 17:41:59 2014
times:11
solution is:2831.000000.       temperature is:1000.000000
ans array:
8 2 24 5 45 35 10 9 41 3 11 31 4 6 16 22 28 18 40 47 34 37 17 49 23 30 1 32 20 13 48 44 15 12 33 27 50 26 39 7 21 25 38 36 29 19 43 46 42 14 
Sat Apr 05 17:42:04 2014
times:12
solution is:2831.000000.       temperature is:1000.000000
ans array:
8 2 24 7 13 26 40 27 4 18 6 41 3 25 10 11 5 47 22 1 35 49 12 28 30 15 20 31 38 23 19 44 9 50 16 43 45 32 39 48 34 37 17 33 46 29 36 21 42 14 
Sat Apr 05 17:42:09 2014
times:13
solution is:2831.000000.       temperature is:1000.000000
ans array:
8 2 24 16 30 27 18 13 3 32 4 1 28 45 20 19 40 11 9 35 34 21 50 5 7 43 12 23 29 49 26 22 36 10 46 37 15 47 44 41 17 39 33 38 31 48 25 6 42 14 
Sat Apr 05 17:42:14 2014
times:14
solution is:2831.000000.       temperature is:1000.000000
ans array:
8 2 24 10 18 28 22 40 9 31 3 47 29 32 36 16 43 13 50 26 19 15 35 17 6 41 45 20 1 44 11 38 5 34 30 12 39 49 48 27 23 4 25 37 33 21 7 46 42 14 
Sat Apr 05 17:42:19 2014
times:15
solution is:2831.000000.       temperature is:1000.000000
ans array:
8 2 24 11 6 29 10 25 9 5 32 43 37 23 28 46 41 33 50 4 1 36 12 16 18 7 39 27 40 22 49 26 47 44 17 34 3 38 13 15 20 45 21 31 30 35 19 48 42 14 
Sat Apr 05 17:42:24 2014
times:16
solution is:2831.000000.       temperature is:1000.000000
ans array:
8 2 24 4 6 48 28 35 45 41 1 25 26 40 37 22 9 30 16 10 20 29 32 33 15 47 17 46 49 21 18 42 3 50 11 27 5 31 34 39 7 12 38 13 19 43 23 44 36 14 
Sat Apr 05 17:42:29 2014
times:17
solution is:2831.000000.       temperature is:1000.000000
ans array:
8 2 24 13 40 7 37 1 21 4 30 6 34 15 17 41 38 45 49 29 5 44 35 20 39 31 50 18 16 25 43 47 9 28 22 3 33 46 48 12 10 19 27 11 26 36 23 32 42 14 
Sat Apr 05 17:42:34 2014
times:18
solution is:2831.000000.       temperature is:1000.000000
ans array:
8 2 24 45 10 17 46 1 23 37 18 5 43 27 28 31 4 3 40 47 12 22 25 9 13 26 49 20 36 16 15 6 50 41 11 48 7 29 38 34 32 35 33 39 19 30 21 44 42 14 
Sat Apr 05 17:42:39 2014
times:19
solution is:2831.000000.       temperature is:1000.000000
ans array:
8 2 24 25 16 4 43 22 10 32 33 9 30 29 46 36 47 1 38 37 41 18 23 39 5 49 31 11 35 19 27 12 28 3 6 40 13 15 21 20 26 48 34 17 50 7 45 44 42 14 
Sat Apr 05 17:42:44 2014
The average run time for the algorithm is : 5.007350
The average solution for the algorithm is : 2831.000000
The maxx solution for the algorithm is : 2831.000000
The minn solution for the algorithm is : 2831.000000
