period=5.000000
Sat Apr 05 17:42:44 2014

N=50 M=5
times:0
solution is:3049.000000.       temperature is:999.950001
ans array:
42 26 24 23 2 6 25 5 14 27 13 47 12 15 48 21 7 49 22 19 9 46 11 4 8 35 16 20 31 39 34 38 45 29 36 3 40 10 50 41 43 28 1 33 17 30 44 18 37 32 
Sat Apr 05 17:42:49 2014
times:1
solution is:3049.000000.       temperature is:1000.000000
ans array:
42 26 49 3 20 28 45 4 14 39 12 8 36 1 24 38 43 25 41 27 10 5 40 50 47 11 31 22 19 35 34 18 46 17 7 2 6 13 48 44 30 37 9 16 29 15 23 33 21 32 
Sat Apr 05 17:42:54 2014
times:2
solution is:3049.000000.       temperature is:1000.000000
ans array:
42 26 23 3 7 24 25 14 36 6 10 37 50 8 19 34 30 13 12 38 22 39 17 48 41 9 27 35 11 40 21 46 44 20 49 47 1 31 15 5 4 18 45 43 29 33 16 2 28 32 
Sat Apr 05 17:42:59 2014
times:3
solution is:3049.000000.       temperature is:1000.000000
ans array:
42 26 3 44 11 47 39 14 10 36 20 19 43 48 8 9 28 34 7 41 27 16 30 25 21 5 22 12 50 49 6 35 4 15 38 31 46 2 29 17 13 1 18 33 37 45 40 24 23 32 
Sat Apr 05 17:43:04 2014
times:4
solution is:3049.000000.       temperature is:1000.000000
ans array:
42 26 24 8 12 11 47 30 25 44 4 2 14 7 13 9 17 49 3 1 46 48 38 50 22 28 19 31 43 39 27 37 15 5 45 23 20 36 10 21 18 41 40 29 35 16 6 33 34 32 
Sat Apr 05 17:43:09 2014
times:5
solution is:3049.000000.       temperature is:1000.000000
ans array:
42 26 44 10 2 23 30 36 5 25 16 22 49 7 47 33 28 45 17 48 6 19 12 27 14 9 29 46 3 20 21 8 15 50 39 41 24 18 38 4 40 34 11 37 43 1 13 31 35 32 
Sat Apr 05 17:43:14 2014
times:6
solution is:3049.000000.       temperature is:999.980000
ans array:
42 26 24 35 50 21 46 11 3 20 2 31 38 9 22 48 7 44 25 19 30 5 8 14 37 29 10 18 43 45 36 23 16 41 47 12 28 4 1 34 6 39 27 49 15 17 33 40 13 32 
Sat Apr 05 17:43:19 2014
times:7
solution is:3049.000000.       temperature is:999.990000
ans array:
42 26 49 3 17 44 27 50 11 24 38 5 12 36 39 10 22 23 1 15 47 29 2 19 7 25 14 41 31 9 28 20 48 4 34 30 18 40 8 33 21 46 43 45 37 35 16 13 6 32 
Sat Apr 05 17:43:24 2014
times:8
solution is:3049.000000.       temperature is:999.990000
ans array:
42 26 12 22 11 25 14 2 20 16 30 24 47 29 44 40 39 3 48 8 50 19 49 17 36 27 45 5 37 10 46 35 38 41 4 9 21 15 1 23 28 7 6 43 31 33 13 34 18 32 
Sat Apr 05 17:43:29 2014
times:9
solution is:3049.000000.       temperature is:999.970000
ans array:
42 26 50 22 20 7 34 4 13 35 1 30 5 25 8 47 31 36 45 18 46 14 11 2 17 39 27 6 24 37 44 38 16 41 28 23 15 43 3 19 12 29 48 49 21 9 33 40 10 32 
Sat Apr 05 17:43:34 2014
times:10
solution is:3049.000000.       temperature is:999.830014
ans array:
42 26 11 30 20 14 23 24 36 3 25 13 49 17 2 27 47 35 16 10 44 38 28 50 7 5 8 6 37 19 12 31 15 21 41 43 46 22 9 1 40 33 48 18 4 39 34 45 29 32 
Sat Apr 05 17:43:39 2014
times:11
solution is:3049.000000.       temperature is:1000.000000
ans array:
42 26 24 11 30 7 36 50 47 20 41 23 12 13 8 27 19 1 33 43 49 28 25 22 14 40 34 10 38 3 16 18 45 46 17 2 4 39 29 21 6 15 31 5 48 9 35 44 37 32 
Sat Apr 05 17:43:44 2014
times:12
solution is:3049.000000.       temperature is:1000.000000
ans array:
42 26 11 7 3 10 13 43 46 49 20 30 41 4 8 12 25 15 1 23 50 27 6 22 24 16 14 48 17 39 9 29 35 36 28 47 31 19 2 34 44 40 45 18 21 37 38 33 5 32 
Sat Apr 05 17:43:49 2014
times:13
solution is:3049.000000.       temperature is:999.990000
ans array:
42 26 24 23 30 39 28 12 2 3 11 20 34 38 29 22 47 36 1 10 49 25 40 17 33 37 9 48 35 14 46 5 4 44 7 50 41 6 43 19 18 8 27 21 31 45 15 13 16 32 
Sat Apr 05 17:43:54 2014
times:14
solution is:3049.000000.       temperature is:1000.000000
ans array:
42 26 44 12 50 20 4 11 25 36 7 24 29 34 8 22 14 3 49 17 35 48 2 18 27 5 21 46 33 40 1 9 28 47 23 19 10 43 41 39 30 6 45 31 38 37 16 15 13 32 
Sat Apr 05 17:43:59 2014
times:15
solution is:3049.000000.       temperature is:1000.000000
ans array:
42 26 50 20 23 14 27 11 47 30 36 44 13 2 46 6 10 19 9 12 16 1 8 17 24 7 49 5 35 43 22 38 41 37 18 48 4 39 29 45 3 21 15 28 25 33 31 40 34 32 
Sat Apr 05 17:44:04 2014
times:16
solution is:3049.000000.       temperature is:999.970000
ans array:
42 26 30 11 3 1 28 39 22 50 13 17 7 47 48 5 14 9 45 10 4 27 12 46 20 41 31 43 29 8 25 38 6 16 23 35 49 21 36 2 37 24 33 40 19 15 34 44 18 32 
Sat Apr 05 17:44:09 2014
times:17
solution is:3049.000000.       temperature is:999.850010
ans array:
42 26 3 44 14 10 48 11 22 9 37 2 47 49 4 20 36 5 50 43 24 12 16 17 25 31 33 35 39 29 19 23 1 40 8 6 30 34 27 38 28 41 45 7 46 15 21 13 18 32 
Sat Apr 05 17:44:14 2014
times:18
solution is:3049.000000.       temperature is:999.960001
ans array:
42 26 30 3 5 29 50 48 8 24 36 20 22 14 39 21 2 17 44 6 28 11 46 9 35 34 12 40 23 7 4 25 47 10 37 33 31 15 16 19 13 27 49 1 18 45 41 38 43 32 
Sat Apr 05 17:44:19 2014
times:19
solution is:3049.000000.       temperature is:999.870008
ans array:
42 26 3 23 24 2 11 20 21 48 7 9 30 29 4 17 45 27 25 14 19 33 41 31 46 35 5 15 50 36 13 22 12 28 37 44 18 47 6 8 43 1 39 16 40 49 10 38 34 32 
Sat Apr 05 17:44:24 2014
The average run time for the algorithm is : 5.004350
The average solution for the algorithm is : 3049.000000
The maxx solution for the algorithm is : 3049.000000
The minn solution for the algorithm is : 3049.000000
