period=5.000000
Sat Apr 05 17:44:24 2014

N=50 M=5
times:0
solution is:3124.000000.       temperature is:1000.000000
ans array:
32 46 20 5 7 48 39 43 41 45 35 1 37 36 8 47 18 31 28 34 42 11 22 38 29 26 12 44 4 17 19 27 6 13 15 2 14 40 49 10 24 21 23 9 16 50 33 25 3 30 
Sat Apr 05 17:44:29 2014
times:1
solution is:3124.000000.       temperature is:1000.000000
ans array:
32 46 14 18 8 50 38 19 27 16 48 12 7 1 37 40 2 47 43 26 28 24 20 29 39 11 34 13 3 21 31 6 5 35 15 36 44 23 41 45 42 22 10 17 49 4 25 9 33 30 
Sat Apr 05 17:44:34 2014
times:2
solution is:3124.000000.       temperature is:1000.000000
ans array:
32 46 20 5 38 7 48 37 45 2 1 23 49 21 8 12 14 28 29 3 50 47 35 43 40 16 4 10 24 15 36 22 26 25 42 39 6 18 44 33 34 11 9 13 27 19 17 31 41 30 
Sat Apr 05 17:44:39 2014
times:3
solution is:3124.000000.       temperature is:1000.000000
ans array:
32 46 38 28 1 19 48 9 34 41 5 39 20 13 35 7 12 45 17 24 50 14 21 8 11 36 40 6 2 37 4 33 44 16 25 23 43 29 47 15 22 49 3 31 27 18 42 26 10 30 
Sat Apr 05 17:44:44 2014
times:4
solution is:3124.000000.       temperature is:1000.000000
ans array:
32 46 41 38 48 1 37 22 8 4 45 11 28 21 14 35 43 34 15 16 27 12 44 36 25 10 24 40 2 18 47 29 6 9 39 49 23 50 26 19 20 7 5 17 13 31 42 3 33 30 
Sat Apr 05 17:44:49 2014
times:5
solution is:3124.000000.       temperature is:999.970000
ans array:
32 46 20 48 1 47 7 31 39 36 22 10 13 43 27 24 44 17 21 26 35 50 41 15 11 23 45 6 28 29 5 12 8 4 19 2 25 3 40 16 49 34 37 38 9 14 18 33 42 30 
Sat Apr 05 17:44:54 2014
times:6
solution is:3124.000000.       temperature is:1000.000000
ans array:
32 38 16 7 48 14 43 47 35 46 21 39 34 8 10 31 19 1 17 27 4 18 3 49 13 11 41 40 45 50 5 44 9 28 2 37 25 42 15 22 20 29 24 36 12 6 26 23 33 30 
Sat Apr 05 17:44:59 2014
times:7
solution is:3124.000000.       temperature is:999.990000
ans array:
32 46 14 25 8 12 11 18 2 26 5 6 39 9 16 48 21 44 35 27 7 38 4 3 29 15 28 22 34 40 42 41 47 19 49 37 36 45 20 50 43 31 1 13 24 10 17 23 33 30 
Sat Apr 05 17:45:04 2014
times:8
solution is:3124.000000.       temperature is:1000.000000
ans array:
32 41 46 19 31 21 38 8 28 44 35 12 45 48 43 5 13 4 2 15 47 7 17 11 34 18 39 36 14 40 29 49 3 50 10 42 1 16 9 37 22 24 20 26 6 27 25 23 33 30 
Sat Apr 05 17:45:09 2014
times:9
solution is:3124.000000.       temperature is:1000.000000
ans array:
32 46 41 44 48 8 21 10 29 43 13 12 2 19 6 27 28 40 23 50 5 15 7 1 16 39 45 14 4 36 25 22 34 37 38 35 9 17 18 42 47 11 31 24 49 3 20 26 33 30 
Sat Apr 05 17:45:14 2014
times:10
solution is:3124.000000.       temperature is:1000.000000
ans array:
32 46 38 50 21 8 43 28 48 31 13 44 34 7 18 40 27 29 49 20 14 25 9 39 47 5 45 12 24 19 36 1 15 17 10 2 41 11 37 4 35 22 23 26 6 42 33 16 3 30 
Sat Apr 05 17:45:19 2014
times:11
solution is:3124.000000.       temperature is:1000.000000
ans array:
32 44 41 21 5 36 12 20 8 1 35 38 46 27 48 14 19 22 34 28 39 43 15 6 37 47 2 4 13 10 25 17 40 49 24 50 11 42 29 3 26 7 31 16 45 18 9 23 33 30 
Sat Apr 05 17:45:24 2014
times:12
solution is:3124.000000.       temperature is:1000.000000
ans array:
32 38 7 21 16 46 39 50 8 2 6 45 41 44 12 36 47 28 11 24 34 37 43 23 1 4 5 42 19 15 48 29 27 14 10 18 31 49 9 13 20 40 25 35 17 26 22 3 33 30 
Sat Apr 05 17:45:29 2014
times:13
solution is:3124.000000.       temperature is:999.990000
ans array:
32 44 20 46 7 28 38 22 48 36 2 47 43 27 39 8 25 17 14 21 50 13 35 1 23 5 33 15 12 19 24 16 4 42 29 34 9 10 37 40 11 45 49 18 3 6 26 31 41 30 
Sat Apr 05 17:45:34 2014
times:14
solution is:3124.000000.       temperature is:1000.000000
ans array:
32 46 38 22 20 48 7 43 1 14 17 37 47 40 13 15 31 34 21 4 39 25 3 28 19 29 18 5 27 49 44 2 26 9 11 45 12 35 8 6 23 36 10 50 16 24 33 41 42 30 
Sat Apr 05 17:45:39 2014
times:15
solution is:3124.000000.       temperature is:999.990000
ans array:
32 44 41 25 39 48 21 31 15 28 19 37 3 16 7 5 2 46 36 20 4 18 24 35 8 17 34 47 1 12 29 33 38 6 14 43 9 50 22 11 49 10 23 27 13 26 45 40 42 30 
Sat Apr 05 17:45:44 2014
times:16
solution is:3124.000000.       temperature is:1000.000000
ans array:
32 46 20 48 39 7 1 11 50 5 2 42 21 36 28 45 49 10 12 47 8 44 33 19 27 26 14 15 13 43 17 6 35 4 40 31 25 18 29 3 38 23 22 37 24 34 16 9 41 30 
Sat Apr 05 17:45:49 2014
times:17
solution is:3124.000000.       temperature is:999.950001
ans array:
32 46 20 5 14 47 19 15 39 8 37 1 48 34 28 12 6 16 7 9 2 4 44 18 27 11 42 13 36 25 35 26 43 24 23 29 45 40 38 49 3 21 10 17 41 50 22 31 33 30 
Sat Apr 05 17:45:54 2014
times:18
solution is:3124.000000.       temperature is:999.990000
ans array:
32 46 38 44 14 48 22 5 27 12 13 19 28 34 4 25 31 24 6 20 43 1 50 47 2 3 7 17 18 37 8 29 26 21 16 15 41 35 23 10 40 45 36 11 9 49 33 39 42 30 
Sat Apr 05 17:45:59 2014
times:19
solution is:3124.000000.       temperature is:1000.000000
ans array:
32 38 46 39 21 48 34 7 1 25 36 37 18 23 49 29 28 50 8 35 22 20 17 2 5 26 10 43 14 42 27 24 40 6 16 9 11 47 31 19 44 4 15 45 3 13 12 33 41 30 
Sat Apr 05 17:46:04 2014
The average run time for the algorithm is : 5.006050
The average solution for the algorithm is : 3124.000000
The maxx solution for the algorithm is : 3124.000000
The minn solution for the algorithm is : 3124.000000
