period=5.000000
Sat Apr 05 17:46:04 2014

N=50 M=5
times:0
solution is:3044.000000.       temperature is:1000.000000
ans array:
4 41 28 21 38 3 5 18 2 43 11 49 20 44 10 45 14 32 48 24 23 39 46 35 31 40 1 9 13 12 17 29 34 47 22 16 8 19 30 37 15 7 36 6 50 27 25 26 42 33 
Sat Apr 05 17:46:09 2014
times:1
solution is:3044.000000.       temperature is:1000.000000
ans array:
4 41 38 30 5 49 32 43 35 21 47 44 29 39 11 3 1 17 26 16 10 13 23 40 8 9 2 27 45 46 37 25 12 34 19 20 18 24 7 28 31 15 22 36 14 6 50 48 42 33 
Sat Apr 05 17:46:14 2014
times:2
solution is:3044.000000.       temperature is:1000.000000
ans array:
4 41 36 2 5 13 1 30 21 19 14 8 44 22 29 47 37 32 39 34 10 46 18 12 49 48 23 11 40 15 38 9 45 24 31 28 43 6 17 25 20 3 16 27 50 35 7 26 42 33 
Sat Apr 05 17:46:19 2014
times:3
solution is:3044.000000.       temperature is:999.980000
ans array:
4 41 19 10 35 12 8 44 9 16 11 34 1 13 38 29 31 6 5 17 30 3 14 32 36 49 21 18 23 50 24 39 47 45 37 15 22 46 20 48 28 7 26 40 25 27 2 43 42 33 
Sat Apr 05 17:46:24 2014
times:4
solution is:3044.000000.       temperature is:1000.000000
ans array:
4 41 3 21 49 29 5 38 47 9 19 11 23 13 35 30 31 39 28 44 34 43 45 7 1 32 10 12 17 14 27 25 18 20 37 26 15 40 8 2 6 16 46 24 36 22 50 48 42 33 
Sat Apr 05 17:46:29 2014
times:5
solution is:3044.000000.       temperature is:1000.000000
ans array:
4 41 36 30 39 38 5 8 7 37 12 9 10 44 21 47 31 20 19 13 1 48 43 46 11 28 34 29 22 45 14 35 16 40 3 49 50 6 26 18 32 24 2 17 23 25 27 15 42 33 
Sat Apr 05 17:46:34 2014
times:6
solution is:3044.000000.       temperature is:999.990000
ans array:
4 41 35 20 36 6 31 5 17 2 44 13 8 1 19 30 11 18 50 24 23 46 32 49 34 37 29 16 10 7 39 3 38 12 9 22 15 14 47 27 28 21 45 40 48 25 26 43 42 33 
Sat Apr 05 17:46:39 2014
times:7
solution is:3044.000000.       temperature is:999.950001
ans array:
4 41 19 1 3 38 44 27 6 32 9 10 43 21 5 46 20 48 8 24 35 31 17 45 39 34 40 47 30 49 18 50 11 36 2 13 37 7 15 28 22 29 25 23 14 16 12 26 42 33 
Sat Apr 05 17:46:44 2014
times:8
solution is:3044.000000.       temperature is:999.930002
ans array:
4 41 46 29 28 5 47 38 6 17 21 36 39 43 10 3 44 20 1 9 35 7 50 11 13 34 16 23 18 27 30 45 31 26 40 24 12 48 8 37 25 2 32 14 19 22 15 49 42 33 
Sat Apr 05 17:46:49 2014
times:9
solution is:3044.000000.       temperature is:1000.000000
ans array:
4 41 3 49 27 30 48 47 21 8 44 39 5 6 36 10 26 38 19 25 32 50 43 31 11 28 40 37 20 45 13 1 29 24 23 18 12 46 17 9 7 35 34 22 2 15 16 14 42 33 
Sat Apr 05 17:46:54 2014
times:10
solution is:3044.000000.       temperature is:1000.000000
ans array:
4 41 35 20 24 21 10 25 29 5 44 18 19 3 39 30 48 40 27 8 38 1 23 49 34 13 15 32 11 50 37 14 7 43 16 31 26 17 6 46 45 47 28 12 9 22 2 36 42 33 
Sat Apr 05 17:46:59 2014
times:11
solution is:3044.000000.       temperature is:1000.000000
ans array:
4 41 36 49 44 43 11 8 1 20 28 10 21 38 2 39 30 25 50 24 3 26 18 17 32 13 34 15 6 46 37 19 5 7 14 45 29 31 22 16 9 35 47 27 23 40 42 48 12 33 
Sat Apr 05 17:47:04 2014
times:12
solution is:3044.000000.       temperature is:999.960001
ans array:
4 41 3 5 8 30 20 48 16 23 21 44 13 36 12 1 39 31 49 46 29 10 45 32 47 24 7 28 11 34 50 17 35 25 6 14 40 27 43 38 9 37 2 18 26 15 22 19 42 33 
Sat Apr 05 17:47:09 2014
times:13
solution is:3044.000000.       temperature is:1000.000000
ans array:
4 41 30 3 20 5 23 1 35 10 17 19 37 9 2 34 25 47 21 27 28 39 11 31 7 44 36 16 32 48 24 38 50 40 12 49 46 13 18 29 14 8 6 26 22 43 15 45 42 33 
Sat Apr 05 17:47:14 2014
times:14
solution is:3044.000000.       temperature is:1000.000000
ans array:
4 41 19 36 1 43 35 8 3 21 15 47 31 32 11 28 37 6 5 49 13 20 38 25 44 50 12 39 17 27 26 24 9 30 40 7 46 16 10 34 29 18 45 14 23 22 48 2 42 33 
Sat Apr 05 17:47:19 2014
times:15
solution is:3044.000000.       temperature is:1000.000000
ans array:
4 41 38 45 15 7 36 39 21 25 17 5 35 11 37 30 12 16 28 31 18 34 43 24 10 3 29 23 13 44 2 40 8 47 20 49 6 9 32 19 50 22 46 1 26 48 27 14 42 33 
Sat Apr 05 17:47:24 2014
times:16
solution is:3044.000000.       temperature is:1000.000000
ans array:
4 41 3 48 28 8 11 30 31 47 20 46 10 16 45 39 35 44 9 36 21 1 24 6 40 38 29 25 23 19 17 49 18 22 37 27 5 2 12 34 32 50 7 43 13 15 26 14 42 33 
Sat Apr 05 17:47:29 2014
times:17
solution is:3044.000000.       temperature is:1000.000000
ans array:
4 41 21 36 39 38 16 35 1 3 5 32 31 44 23 18 49 9 29 10 37 15 6 19 22 26 13 12 20 40 34 17 47 30 11 8 2 50 43 48 24 46 45 25 27 7 28 14 42 33 
Sat Apr 05 17:47:34 2014
times:18
solution is:3044.000000.       temperature is:1000.000000
ans array:
4 41 48 21 1 43 29 46 16 31 30 36 25 18 44 9 38 3 20 5 22 45 39 34 26 40 6 27 19 2 11 32 47 13 17 24 28 7 12 50 23 14 10 8 49 35 37 15 42 33 
Sat Apr 05 17:47:39 2014
times:19
solution is:3044.000000.       temperature is:1000.000000
ans array:
4 41 38 30 20 10 1 5 25 47 29 44 3 7 16 19 39 37 46 13 48 23 32 18 15 24 14 8 9 2 50 6 40 36 34 21 49 35 31 17 45 11 43 22 28 26 27 12 42 33 
Sat Apr 05 17:47:44 2014
The average run time for the algorithm is : 5.005450
The average solution for the algorithm is : 3044.000000
The maxx solution for the algorithm is : 3044.000000
The minn solution for the algorithm is : 3044.000000
