period=5.000000
Sat Apr 05 17:47:44 2014

N=50 M=5
times:0
solution is:3048.000000.       temperature is:999.920003
ans array:
36 47 38 28 37 27 30 45 43 20 4 32 25 41 18 19 5 35 22 24 2 12 21 16 17 8 26 49 6 11 50 31 3 44 14 34 42 48 29 46 33 15 40 1 39 9 10 7 23 13 
Sat Apr 05 17:47:49 2014
times:1
solution is:3049.000000.       temperature is:999.830014
ans array:
36 23 27 5 30 45 9 42 28 33 1 46 16 8 43 34 35 18 14 31 44 49 37 40 38 22 6 41 19 25 12 21 39 26 10 15 24 20 4 29 17 3 50 11 48 32 7 2 47 13 
Sat Apr 05 17:47:54 2014
times:2
solution is:3048.000000.       temperature is:999.940001
ans array:
36 47 43 28 38 30 21 14 8 1 24 22 33 35 16 32 20 4 46 27 37 49 42 18 44 25 10 11 5 19 45 15 6 39 26 12 9 41 3 29 48 17 34 50 31 40 7 2 23 13 
Sat Apr 05 17:47:59 2014
times:3
solution is:3051.000000.       temperature is:999.940001
ans array:
7 23 27 38 25 21 49 28 20 35 8 16 33 19 30 11 41 37 42 46 48 39 15 45 6 29 43 18 12 24 32 9 5 3 50 14 31 22 40 4 26 10 44 34 1 17 36 2 47 13 
Sat Apr 05 17:48:04 2014
times:4
solution is:3048.000000.       temperature is:1000.000000
ans array:
36 47 30 43 39 1 5 49 21 8 4 27 20 35 25 14 37 34 17 12 16 42 2 24 22 38 45 31 11 19 29 28 6 44 33 7 15 48 32 50 46 18 3 41 9 10 26 40 23 13 
Sat Apr 05 17:48:09 2014
times:5
solution is:3048.000000.       temperature is:999.970000
ans array:
36 47 30 43 37 20 25 21 33 49 10 5 9 4 17 22 11 50 32 38 6 8 34 12 14 35 24 29 45 2 31 18 15 39 3 41 28 44 46 27 42 1 7 19 40 48 26 16 23 13 
Sat Apr 05 17:48:14 2014
times:6
solution is:3048.000000.       temperature is:1000.000000
ans array:
36 47 22 43 21 20 49 35 19 38 40 12 24 28 27 26 45 5 2 1 30 11 15 42 9 8 3 29 4 16 32 25 33 41 46 18 48 39 31 50 17 37 6 44 14 34 10 7 23 13 
Sat Apr 05 17:48:19 2014
times:7
solution is:3048.000000.       temperature is:999.860009
ans array:
36 47 43 20 39 29 6 32 31 21 30 35 45 8 50 24 17 5 19 16 2 37 12 15 22 1 46 33 49 11 48 27 25 4 14 38 44 18 34 10 42 26 28 41 9 40 3 7 23 13 
Sat Apr 05 17:48:24 2014
times:8
solution is:3048.000000.       temperature is:1000.000000
ans array:
36 47 27 37 20 43 38 49 21 41 2 18 12 24 6 34 22 25 33 8 32 17 28 16 5 19 30 45 9 10 15 35 14 44 31 4 40 7 50 11 42 46 39 29 3 26 48 1 23 13 
Sat Apr 05 17:48:29 2014
times:9
solution is:3048.000000.       temperature is:1000.000000
ans array:
36 47 43 4 20 30 35 18 29 32 17 5 25 38 19 27 21 42 6 24 2 37 49 22 16 41 44 40 46 31 14 12 8 1 34 48 39 15 45 50 33 11 9 3 26 28 10 7 23 13 
Sat Apr 05 17:48:34 2014
times:10
solution is:3048.000000.       temperature is:999.980000
ans array:
36 47 30 16 27 46 43 1 28 34 33 17 6 31 20 37 18 4 38 49 12 40 41 9 19 35 5 8 2 11 25 32 44 22 10 50 24 45 21 42 15 39 48 26 29 14 3 7 23 13 
Sat Apr 05 17:48:39 2014
times:11
solution is:3048.000000.       temperature is:999.920003
ans array:
36 47 30 1 18 38 43 19 16 28 31 34 35 27 24 48 50 32 11 14 49 9 17 5 45 6 46 20 44 42 33 12 39 37 25 21 40 22 15 29 8 26 10 7 3 41 2 4 23 13 
Sat Apr 05 17:48:44 2014
times:12
solution is:3048.000000.       temperature is:999.990000
ans array:
36 47 34 28 30 1 38 43 20 39 12 5 27 46 6 50 15 40 4 49 37 2 32 21 31 9 14 17 41 18 42 33 8 7 11 25 22 10 26 44 19 48 29 3 16 24 35 45 23 13 
Sat Apr 05 17:48:49 2014
times:13
solution is:3048.000000.       temperature is:1000.000000
ans array:
36 47 38 28 27 30 20 46 43 19 35 12 49 39 16 45 8 1 33 26 37 32 14 5 34 29 4 6 40 31 7 21 10 15 9 44 41 18 17 48 25 2 42 24 11 3 50 22 23 13 
Sat Apr 05 17:48:54 2014
times:14
solution is:3048.000000.       temperature is:999.800019
ans array:
36 47 30 16 6 31 27 40 21 15 26 43 20 32 29 39 18 38 42 7 5 19 33 8 48 49 2 46 25 14 28 22 11 4 17 45 37 50 12 34 41 35 10 24 44 3 9 1 23 13 
Sat Apr 05 17:48:59 2014
times:15
solution is:3048.000000.       temperature is:999.930002
ans array:
36 47 30 22 20 43 29 49 27 28 46 19 18 21 6 17 41 9 14 33 26 15 8 11 1 48 31 37 12 35 42 3 5 24 45 34 32 44 16 38 40 2 25 50 4 39 10 7 23 13 
Sat Apr 05 17:49:04 2014
times:16
solution is:3048.000000.       temperature is:999.830014
ans array:
36 47 27 19 43 38 30 45 48 6 49 22 35 42 32 46 12 34 20 10 24 5 33 8 21 44 17 1 39 37 14 11 25 28 9 41 3 15 4 16 31 26 29 18 7 40 2 50 23 13 
Sat Apr 05 17:49:09 2014
times:17
solution is:3049.000000.       temperature is:999.940001
ans array:
36 23 30 43 6 50 32 33 46 18 38 1 25 37 28 11 20 15 4 24 35 29 19 27 49 2 21 34 12 17 14 31 5 16 22 39 45 8 41 9 40 26 42 44 10 7 3 48 47 13 
Sat Apr 05 17:49:14 2014
times:18
solution is:3048.000000.       temperature is:999.860009
ans array:
36 47 46 27 45 28 37 43 42 40 41 33 44 19 29 35 22 8 39 30 25 17 32 12 9 11 20 5 21 31 38 15 50 4 6 2 24 18 1 14 49 34 10 26 16 48 3 7 23 13 
Sat Apr 05 17:49:19 2014
times:19
solution is:3048.000000.       temperature is:999.790021
ans array:
36 47 28 27 19 43 22 30 42 6 35 37 38 20 49 4 24 18 11 12 1 7 17 34 14 33 31 21 8 32 10 39 26 40 44 16 50 15 5 9 41 46 45 29 25 48 3 2 23 13 
Sat Apr 05 17:49:24 2014
The average run time for the algorithm is : 5.005050
The average solution for the algorithm is : 3048.250000
The maxx solution for the algorithm is : 3051.000000
The minn solution for the algorithm is : 3048.000000
