period=5.000000
Sat Apr 05 17:49:24 2014

N=50 M=5
times:0
solution is:3008.000000.       temperature is:999.950001
ans array:
7 40 14 46 25 17 39 36 19 3 31 10 16 45 38 18 12 47 41 8 35 33 26 24 27 1 50 30 44 5 20 34 28 13 43 32 9 37 11 6 22 23 48 29 42 4 49 15 21 2 
Sat Apr 05 17:49:29 2014
times:1
solution is:3008.000000.       temperature is:1000.000000
ans array:
7 8 28 45 25 23 46 17 24 40 34 10 5 30 44 6 39 29 47 14 43 42 32 27 1 21 15 9 18 20 31 16 33 3 37 4 19 49 12 36 35 48 11 41 50 26 22 13 38 2 
Sat Apr 05 17:49:34 2014
times:2
solution is:3008.000000.       temperature is:999.950001
ans array:
7 8 39 46 26 37 33 35 15 12 4 36 38 10 17 1 43 18 34 14 27 32 47 44 24 28 40 21 41 30 3 19 25 6 42 5 16 20 29 22 31 13 9 50 49 48 45 11 23 2 
Sat Apr 05 17:49:39 2014
times:3
solution is:3008.000000.       temperature is:999.990000
ans array:
7 8 30 39 47 14 33 45 10 28 19 17 35 46 26 44 38 1 50 36 32 25 37 29 13 9 24 23 20 27 15 48 12 4 18 16 40 5 3 31 34 42 6 41 21 43 11 22 49 2 
Sat Apr 05 17:49:44 2014
times:4
solution is:3008.000000.       temperature is:1000.000000
ans array:
7 8 30 28 1 5 14 47 17 18 25 39 34 36 26 16 27 40 45 21 20 22 9 50 3 10 12 15 31 11 38 43 24 42 33 37 19 44 35 46 13 29 41 6 32 48 4 23 49 2 
Sat Apr 05 17:49:49 2014
times:5
solution is:3008.000000.       temperature is:999.960001
ans array:
7 8 28 43 29 16 33 46 39 11 19 13 35 30 34 27 47 38 45 48 24 23 22 31 10 37 20 40 5 36 44 17 50 21 9 25 32 14 1 3 6 18 12 42 26 4 15 41 49 2 
Sat Apr 05 17:49:54 2014
times:6
solution is:3008.000000.       temperature is:1000.000000
ans array:
7 47 30 46 39 8 29 17 9 11 31 20 37 50 27 16 43 38 5 44 33 32 1 23 12 10 19 35 26 48 25 24 6 4 40 41 18 21 34 15 14 28 3 45 13 42 22 36 49 2 
Sat Apr 05 17:49:59 2014
times:7
solution is:3008.000000.       temperature is:999.990000
ans array:
7 8 30 28 39 16 46 45 24 25 36 17 5 27 12 14 18 3 4 43 40 13 6 19 31 32 35 9 38 1 44 10 42 15 33 26 20 34 23 47 48 29 37 11 41 49 22 50 21 2 
Sat Apr 05 17:50:04 2014
times:8
solution is:3008.000000.       temperature is:999.970000
ans array:
7 8 30 14 26 16 47 34 33 39 38 20 25 40 4 28 46 41 43 3 29 1 11 24 35 27 23 17 37 50 15 19 10 31 42 5 48 6 18 36 44 22 13 12 45 32 9 49 21 2 
Sat Apr 05 17:50:09 2014
times:9
solution is:3008.000000.       temperature is:999.970000
ans array:
7 8 39 16 46 5 30 43 18 47 38 14 33 36 17 19 35 44 3 10 24 41 1 42 40 31 37 34 20 15 23 32 4 29 21 26 48 28 6 25 27 9 13 50 45 12 11 22 49 2 
Sat Apr 05 17:50:14 2014
times:10
solution is:3008.000000.       temperature is:999.970000
ans array:
7 8 34 30 39 3 17 33 25 35 42 32 10 18 16 47 45 31 20 41 37 29 15 27 26 43 28 48 12 5 9 6 49 44 36 4 24 50 1 14 19 40 13 21 46 11 38 22 23 2 
Sat Apr 05 17:50:19 2014
times:11
solution is:3008.000000.       temperature is:999.980000
ans array:
7 8 47 30 46 27 26 44 20 25 17 19 32 29 33 39 18 23 1 16 3 40 12 41 34 36 31 6 43 10 28 24 48 14 38 9 37 15 42 35 49 5 4 13 11 45 50 22 21 2 
Sat Apr 05 17:50:24 2014
times:12
solution is:3008.000000.       temperature is:1000.000000
ans array:
7 8 39 46 31 45 16 18 47 26 29 40 9 12 49 10 37 30 27 28 14 25 50 38 34 24 19 41 5 17 6 1 48 42 13 3 43 23 33 4 44 11 36 15 35 32 22 20 21 2 
Sat Apr 05 17:50:29 2014
times:13
solution is:3008.000000.       temperature is:1000.000000
ans array:
7 40 8 47 30 44 26 14 35 11 16 33 34 48 31 19 15 45 25 9 20 28 24 42 6 4 17 1 46 39 41 5 13 49 43 18 38 10 12 32 27 29 23 37 3 50 22 21 36 2 
Sat Apr 05 17:50:34 2014
times:14
solution is:3008.000000.       temperature is:999.970000
ans array:
7 8 10 47 25 26 44 38 19 42 18 14 27 33 37 35 21 15 31 32 1 45 30 34 28 5 3 24 43 12 29 11 20 16 13 23 46 17 4 22 6 48 9 50 39 36 40 41 49 2 
Sat Apr 05 17:50:39 2014
times:15
solution is:3008.000000.       temperature is:999.990000
ans array:
7 8 47 30 46 18 26 35 43 37 1 16 24 5 19 34 45 20 14 36 39 28 44 38 25 12 33 41 50 22 10 13 29 9 17 40 15 6 4 31 48 42 21 32 49 3 27 11 23 2 
Sat Apr 05 17:50:44 2014
times:16
solution is:3008.000000.       temperature is:1000.000000
ans array:
7 8 47 40 27 46 34 14 28 26 5 35 43 30 39 17 20 32 15 44 41 6 16 19 25 42 23 3 50 33 9 45 18 36 1 12 10 29 22 31 24 38 13 37 4 49 11 48 21 2 
Sat Apr 05 17:50:49 2014
times:17
solution is:3008.000000.       temperature is:1000.000000
ans array:
7 8 28 46 14 34 40 26 33 45 31 16 19 39 37 4 30 47 44 42 21 15 35 6 48 3 24 20 12 25 5 36 1 27 17 10 23 9 29 43 38 50 41 18 11 32 22 13 49 2 
Sat Apr 05 17:50:54 2014
times:18
solution is:3008.000000.       temperature is:999.970000
ans array:
7 8 34 47 43 39 33 40 32 5 28 35 17 41 45 10 36 19 1 48 29 30 21 31 27 4 20 46 16 18 6 44 14 9 24 37 25 26 15 13 12 49 38 42 22 3 50 11 23 2 
Sat Apr 05 17:50:59 2014
times:19
solution is:3008.000000.       temperature is:999.980000
ans array:
7 8 39 28 45 46 16 34 5 40 19 17 22 25 38 31 33 3 27 32 10 47 15 48 30 14 43 49 50 1 20 4 6 26 44 13 41 18 37 36 35 9 21 24 29 12 42 11 23 2 
Sat Apr 05 17:51:04 2014
The average run time for the algorithm is : 5.005400
The average solution for the algorithm is : 3008.000000
The maxx solution for the algorithm is : 3008.000000
The minn solution for the algorithm is : 3008.000000
