period=5.000000
Sat Apr 05 17:51:04 2014

N=50 M=5
times:0
solution is:2700.000000.       temperature is:1000.000000
ans array:
50 49 36 41 16 24 10 5 15 38 9 43 19 11 39 26 33 6 40 31 23 3 45 37 22 32 29 28 12 44 42 2 1 35 17 46 47 7 48 30 14 21 18 34 25 4 8 20 27 13 
Sat Apr 05 17:51:09 2014
times:1
solution is:2700.000000.       temperature is:999.990000
ans array:
50 45 1 23 33 15 5 49 7 4 3 40 46 43 37 29 10 8 38 2 41 11 17 24 47 27 48 44 6 26 21 35 12 30 36 22 31 34 42 9 19 32 16 39 28 25 14 18 20 13 
Sat Apr 05 17:51:14 2014
times:2
solution is:2700.000000.       temperature is:1000.000000
ans array:
50 1 19 26 36 24 6 41 32 48 16 49 40 7 33 3 12 35 45 25 21 44 8 39 4 37 22 20 47 11 15 46 38 29 2 43 31 42 34 30 28 9 23 5 17 10 14 18 27 13 
Sat Apr 05 17:51:19 2014
times:3
solution is:2700.000000.       temperature is:999.880007
ans array:
50 26 1 36 3 17 39 49 37 40 38 12 15 24 41 29 44 43 42 6 23 5 35 10 45 33 14 7 46 19 20 47 16 28 25 9 30 21 48 2 22 11 8 34 18 31 32 4 27 13 
Sat Apr 05 17:51:24 2014
times:4
solution is:2700.000000.       temperature is:999.990000
ans array:
50 49 3 1 46 26 15 40 2 45 7 33 32 12 41 34 28 10 19 30 37 22 39 36 48 29 38 5 24 23 16 6 17 9 43 25 35 47 18 8 44 4 21 14 27 42 31 11 20 13 
Sat Apr 05 17:51:29 2014
times:5
solution is:2700.000000.       temperature is:1000.000000
ans array:
50 1 46 10 45 41 44 5 23 36 24 33 17 6 15 32 19 29 43 20 3 40 2 35 49 38 42 11 14 37 28 4 30 48 25 16 34 8 21 22 12 26 9 31 39 7 47 18 27 13 
Sat Apr 05 17:51:34 2014
times:6
solution is:2700.000000.       temperature is:1000.000000
ans array:
50 26 37 1 33 41 45 23 4 24 3 19 5 9 43 30 12 36 46 21 47 15 49 27 17 7 31 25 2 40 10 8 44 42 11 6 39 20 22 18 38 34 48 35 28 32 29 16 14 13 
Sat Apr 05 17:51:39 2014
times:7
solution is:2700.000000.       temperature is:999.970000
ans array:
50 7 44 24 49 3 2 1 6 5 36 29 9 12 30 35 41 48 23 45 26 16 47 33 37 40 21 27 17 10 39 25 11 22 20 19 8 46 38 15 43 4 42 18 31 34 32 28 14 13 
Sat Apr 05 17:51:44 2014
times:8
solution is:2700.000000.       temperature is:1000.000000
ans array:
50 12 49 5 15 22 38 6 37 1 41 23 42 39 2 14 21 33 24 7 27 26 44 36 43 17 47 19 4 10 8 45 40 25 34 46 16 30 48 18 29 9 31 32 11 3 35 28 20 13 
Sat Apr 05 17:51:49 2014
times:9
solution is:2700.000000.       temperature is:999.990000
ans array:
50 49 3 23 44 33 24 15 41 14 45 5 38 48 46 21 37 2 1 31 36 35 34 10 43 17 7 30 47 4 19 42 6 26 12 29 22 28 39 25 18 27 40 32 16 9 11 8 20 13 
Sat Apr 05 17:51:54 2014
times:10
solution is:2700.000000.       temperature is:999.960001
ans array:
50 44 36 35 20 1 24 33 29 23 15 30 18 43 7 3 6 27 47 2 12 41 46 40 22 39 49 42 48 5 45 26 10 17 37 38 21 16 19 11 31 9 25 34 8 4 32 28 14 13 
Sat Apr 05 17:51:59 2014
times:11
solution is:2700.000000.       temperature is:1000.000000
ans array:
50 46 49 3 7 27 2 47 36 15 1 29 22 10 41 48 39 30 40 16 6 45 17 38 20 37 26 35 19 21 23 28 14 33 32 24 34 18 25 5 44 31 12 42 11 8 4 43 9 13 
Sat Apr 05 17:52:04 2014
times:12
solution is:2700.000000.       temperature is:999.990000
ans array:
50 29 1 41 6 10 44 36 15 7 12 47 5 16 45 40 24 39 38 48 17 37 19 33 43 23 46 2 26 49 22 32 42 25 34 8 11 9 21 30 28 3 20 35 4 18 31 14 27 13 
Sat Apr 05 17:52:09 2014
times:13
solution is:2700.000000.       temperature is:1000.000000
ans array:
50 17 41 37 15 23 1 20 30 33 47 38 44 14 45 36 5 12 40 34 4 25 42 43 29 6 48 7 46 3 32 28 10 24 26 39 2 16 22 19 21 9 18 35 8 31 11 49 27 13 
Sat Apr 05 17:52:14 2014
times:14
solution is:2700.000000.       temperature is:999.990000
ans array:
50 44 14 3 39 49 36 15 6 46 41 47 45 10 1 26 2 5 24 20 16 40 33 7 12 35 25 38 37 23 28 22 21 48 31 17 29 19 30 34 43 42 4 9 18 32 8 11 27 13 
Sat Apr 05 17:52:19 2014
times:15
solution is:2700.000000.       temperature is:999.990000
ans array:
50 6 17 44 29 15 23 5 33 7 48 24 46 1 26 3 41 37 45 22 49 38 4 36 30 28 9 21 10 42 31 2 19 14 47 16 12 25 39 43 35 34 40 20 8 18 32 11 27 13 
Sat Apr 05 17:52:24 2014
times:16
solution is:2700.000000.       temperature is:1000.000000
ans array:
50 37 1 49 44 40 23 46 19 10 12 25 2 47 7 45 15 36 6 29 5 16 38 28 32 41 33 24 3 14 39 34 21 22 30 11 27 31 17 9 8 26 48 42 18 35 43 4 20 13 
Sat Apr 05 17:52:29 2014
times:17
solution is:2700.000000.       temperature is:999.980000
ans array:
50 26 34 5 23 39 14 41 24 25 45 4 22 6 17 3 33 30 12 9 2 19 40 43 21 36 31 27 1 29 46 10 15 44 47 42 7 49 16 11 8 48 35 37 38 18 32 28 20 13 
Sat Apr 05 17:52:34 2014
times:18
solution is:2700.000000.       temperature is:999.990000
ans array:
50 44 19 10 14 15 23 6 24 31 40 5 7 36 32 26 1 33 17 27 16 48 21 49 38 12 35 11 45 47 18 3 22 46 30 41 39 25 29 37 34 2 43 8 4 42 9 28 20 13 
Sat Apr 05 17:52:39 2014
times:19
solution is:2700.000000.       temperature is:1000.000000
ans array:
50 6 49 44 24 5 47 2 23 39 1 17 33 19 41 22 36 7 26 46 16 3 25 45 10 29 38 12 15 28 14 43 27 30 40 34 42 48 4 32 21 11 31 35 20 37 8 18 9 13 
Sat Apr 05 17:52:44 2014
The average run time for the algorithm is : 5.005850
The average solution for the algorithm is : 2700.000000
The maxx solution for the algorithm is : 2700.000000
The minn solution for the algorithm is : 2700.000000
