period=5.000000
Sat Apr 05 17:52:45 2014

N=50 M=5
times:0
solution is:2882.000000.       temperature is:1000.000000
ans array:
50 8 34 36 31 21 6 44 35 7 46 11 1 16 43 48 38 27 2 29 37 47 13 17 49 19 28 40 42 39 24 15 5 32 30 4 14 3 33 22 18 23 10 9 12 45 41 20 26 25 
Sat Apr 05 17:52:50 2014
times:1
solution is:2882.000000.       temperature is:1000.000000
ans array:
50 8 27 34 10 1 30 31 2 24 21 41 22 5 44 37 33 35 11 39 28 19 3 13 40 15 45 4 29 23 18 14 42 43 36 6 49 48 16 9 46 47 17 20 7 38 32 12 26 25 
Sat Apr 05 17:52:55 2014
times:2
solution is:2882.000000.       temperature is:1000.000000
ans array:
50 44 20 34 8 30 19 28 22 27 24 16 17 33 10 41 43 35 7 5 46 36 49 31 47 18 13 32 11 48 2 42 4 23 14 6 12 40 15 39 21 9 45 38 29 1 37 3 26 25 
Sat Apr 05 17:53:00 2014
times:3
solution is:2882.000000.       temperature is:1000.000000
ans array:
50 1 34 11 36 10 14 3 4 30 7 2 5 46 35 24 43 22 47 28 48 20 27 6 38 41 49 33 45 29 19 15 37 18 13 12 16 23 8 17 44 31 32 39 9 42 21 40 26 25 
Sat Apr 05 17:53:05 2014
times:4
solution is:2882.000000.       temperature is:1000.000000
ans array:
50 1 16 35 43 34 11 10 18 5 13 22 6 36 14 46 20 31 48 42 23 27 47 33 24 9 28 2 15 30 4 21 45 29 12 49 38 8 41 17 44 40 39 7 37 32 19 3 26 25 
Sat Apr 05 17:53:10 2014
times:5
solution is:2882.000000.       temperature is:1000.000000
ans array:
50 6 23 1 35 24 7 27 45 3 48 5 42 31 46 34 10 47 16 44 30 8 19 14 28 41 15 40 9 37 38 4 43 21 11 13 2 17 29 18 39 12 20 33 49 32 36 22 26 25 
Sat Apr 05 17:53:15 2014
times:6
solution is:2882.000000.       temperature is:1000.000000
ans array:
50 1 34 48 10 31 28 35 38 43 33 6 20 27 45 49 19 16 44 11 2 24 40 7 13 46 23 39 47 5 29 15 14 9 21 18 12 37 4 30 32 42 22 41 8 36 17 3 26 25 
Sat Apr 05 17:53:20 2014
times:7
solution is:2882.000000.       temperature is:1000.000000
ans array:
50 6 48 1 34 7 2 35 28 27 31 33 24 5 16 37 9 44 47 45 8 38 17 20 46 21 39 11 40 10 42 18 36 15 49 43 41 22 14 32 13 12 3 23 19 4 30 29 26 25 
Sat Apr 05 17:53:25 2014
times:8
solution is:2882.000000.       temperature is:1000.000000
ans array:
50 6 20 34 35 10 24 47 11 31 27 33 5 28 43 46 1 48 16 45 15 44 8 2 40 37 13 36 38 9 19 42 32 18 14 41 22 49 39 21 3 30 17 4 23 7 12 29 26 25 
Sat Apr 05 17:53:30 2014
times:9
solution is:2882.000000.       temperature is:1000.000000
ans array:
50 8 44 11 10 2 34 24 18 31 5 19 15 47 9 32 27 39 29 4 3 49 16 40 23 13 35 28 43 48 7 33 30 36 37 46 17 14 6 1 42 12 45 22 41 21 38 20 26 25 
Sat Apr 05 17:53:35 2014
times:10
solution is:2882.000000.       temperature is:1000.000000
ans array:
50 6 2 4 38 8 24 10 46 37 1 48 5 20 11 41 7 27 16 22 43 35 31 39 21 32 28 33 34 14 29 45 42 49 36 17 23 12 19 15 47 18 9 44 13 40 30 3 26 25 
Sat Apr 05 17:53:40 2014
times:11
solution is:2882.000000.       temperature is:1000.000000
ans array:
50 44 8 24 2 10 22 11 5 34 20 46 28 49 1 31 16 15 39 38 12 14 13 27 30 37 3 7 47 29 9 48 40 43 36 18 23 35 4 21 41 45 6 19 33 17 42 26 32 25 
Sat Apr 05 17:53:45 2014
times:12
solution is:2882.000000.       temperature is:1000.000000
ans array:
50 8 44 24 11 10 33 4 34 31 22 35 42 23 36 18 48 20 1 39 30 17 15 5 40 9 49 6 14 16 2 28 3 32 43 13 38 47 37 41 45 27 21 46 7 19 12 29 26 25 
Sat Apr 05 17:53:50 2014
times:13
solution is:2882.000000.       temperature is:999.990000
ans array:
50 44 8 11 34 16 43 35 20 27 48 38 1 23 22 49 36 7 40 5 39 41 21 31 46 9 30 24 18 2 10 6 32 28 15 47 45 3 33 17 14 13 42 19 29 37 4 12 26 25 
Sat Apr 05 17:53:55 2014
times:14
solution is:2882.000000.       temperature is:1000.000000
ans array:
50 44 11 35 8 33 24 7 38 5 19 46 27 16 49 10 36 40 15 48 18 23 29 6 37 43 2 41 22 31 1 47 4 30 20 21 28 42 13 39 14 32 45 3 17 34 9 12 26 25 
Sat Apr 05 17:54:00 2014
times:15
solution is:2882.000000.       temperature is:1000.000000
ans array:
50 6 10 35 24 1 7 11 8 48 34 2 13 31 9 21 22 43 30 44 36 17 49 28 27 33 20 4 38 47 39 32 3 37 42 5 23 19 46 45 16 15 18 41 40 12 14 29 26 25 
Sat Apr 05 17:54:05 2014
times:16
solution is:2882.000000.       temperature is:1000.000000
ans array:
50 6 19 16 24 27 21 34 13 17 3 35 22 8 31 11 10 39 46 2 47 18 43 28 20 41 4 7 30 32 15 48 29 44 5 23 49 40 42 37 45 36 9 1 38 14 33 12 26 25 
Sat Apr 05 17:54:10 2014
times:17
solution is:2882.000000.       temperature is:1000.000000
ans array:
50 33 18 16 10 34 46 2 27 35 28 4 5 48 6 47 20 17 7 43 24 1 22 49 11 32 41 39 19 8 42 21 31 14 38 12 44 23 13 15 9 30 29 45 40 36 37 3 26 25 
Sat Apr 05 17:54:15 2014
times:18
solution is:2882.000000.       temperature is:1000.000000
ans array:
50 8 41 16 11 48 2 34 35 17 44 20 3 27 19 7 24 43 31 37 40 15 39 12 18 46 10 49 47 6 32 1 5 28 33 21 30 4 9 13 38 14 45 29 23 42 36 22 26 25 
Sat Apr 05 17:54:20 2014
times:19
solution is:2882.000000.       temperature is:1000.000000
ans array:
50 6 1 24 5 2 46 35 18 17 21 4 34 13 8 31 45 10 49 11 36 44 16 33 42 23 38 19 12 43 37 15 48 27 40 39 9 20 14 47 32 30 3 28 41 7 22 29 26 25 
Sat Apr 05 17:54:25 2014
The average run time for the algorithm is : 5.006200
The average solution for the algorithm is : 2882.000000
The maxx solution for the algorithm is : 2882.000000
The minn solution for the algorithm is : 2882.000000
