period=5.000000
Sat Apr 05 17:54:25 2014

N=50 M=10
times:0
solution is:3482.000000.       temperature is:1000.000000
ans array:
36 28 8 44 43 47 12 15 49 30 2 10 14 25 20 4 27 24 31 22 6 45 38 46 21 41 9 23 29 42 37 3 5 18 13 19 40 16 17 48 7 1 35 11 26 39 50 32 34 33 
Sat Apr 05 17:54:30 2014
times:1
solution is:3448.000000.       temperature is:999.880007
ans array:
22 19 10 8 24 33 42 18 12 20 3 37 14 49 28 43 7 6 40 30 11 4 45 44 36 31 32 13 23 16 29 2 27 9 48 17 26 35 41 50 46 5 15 38 21 1 34 25 39 47 
Sat Apr 05 17:54:35 2014
times:2
solution is:3434.000000.       temperature is:999.810017
ans array:
41 44 33 18 4 20 8 42 27 6 3 23 10 11 25 49 48 28 29 32 38 31 13 15 26 12 2 14 35 45 46 50 22 36 40 37 43 30 24 5 9 17 16 34 47 1 21 7 19 39 
Sat Apr 05 17:54:40 2014
times:3
solution is:3430.000000.       temperature is:999.810017
ans array:
22 36 20 42 41 30 44 9 33 46 18 1 14 40 8 4 23 15 48 38 6 16 47 29 28 31 43 34 37 7 5 17 49 3 27 2 12 45 13 32 19 10 21 25 11 50 26 35 39 24 
Sat Apr 05 17:54:45 2014
times:4
solution is:3426.000000.       temperature is:999.880007
ans array:
41 44 33 32 18 46 23 36 34 38 49 4 13 28 35 11 40 43 27 10 25 31 42 7 45 6 20 15 14 47 21 19 37 48 8 29 1 12 3 9 5 17 16 2 22 50 26 30 39 24 
Sat Apr 05 17:54:50 2014
times:5
solution is:3478.000000.       temperature is:1000.000000
ans array:
41 36 28 8 29 37 14 44 23 10 20 31 15 11 42 12 25 4 7 35 24 45 6 43 38 1 22 49 47 32 40 34 9 30 46 21 18 19 13 27 2 16 5 17 3 39 48 50 26 33 
Sat Apr 05 17:54:55 2014
times:6
solution is:3426.000000.       temperature is:999.810017
ans array:
41 44 33 28 14 10 48 49 20 15 29 42 8 23 27 3 12 40 18 4 43 36 25 31 7 37 47 38 6 19 17 22 13 16 9 35 2 45 11 46 21 34 5 1 32 50 26 30 39 24 
Sat Apr 05 17:55:00 2014
times:7
solution is:3464.000000.       temperature is:999.990000
ans array:
32 27 44 14 42 18 23 10 31 47 43 45 25 48 22 28 6 9 12 40 11 38 8 4 33 37 20 7 49 26 13 41 35 36 17 30 29 46 34 1 15 2 5 21 16 50 24 3 19 39 
Sat Apr 05 17:55:05 2014
times:8
solution is:3443.000000.       temperature is:999.980000
ans array:
34 27 44 47 11 40 33 48 29 42 15 4 6 36 20 3 49 30 23 26 16 38 32 37 18 43 35 14 19 46 45 28 12 2 22 17 25 31 7 9 10 1 13 21 41 8 50 5 39 24 
Sat Apr 05 17:55:10 2014
times:9
solution is:3473.000000.       temperature is:999.800019
ans array:
34 27 33 37 32 49 44 14 10 6 20 7 23 1 26 11 46 3 38 29 8 35 18 4 16 47 9 40 25 45 42 31 13 28 30 36 43 12 41 2 5 21 15 17 22 50 48 24 19 39 
Sat Apr 05 17:55:15 2014
times:10
solution is:3446.000000.       temperature is:999.880007
ans array:
41 44 33 14 25 18 42 8 46 23 20 27 12 6 28 35 15 38 10 4 3 49 43 26 19 16 21 32 30 47 37 29 2 45 17 22 36 40 11 13 5 48 50 31 9 34 24 1 7 39 
Sat Apr 05 17:55:20 2014
times:11
solution is:3444.000000.       temperature is:999.900004
ans array:
41 44 33 10 18 15 42 1 4 22 26 38 6 11 14 8 37 45 35 24 20 49 7 28 46 34 12 29 2 32 23 9 40 31 16 50 48 47 13 36 30 43 5 17 3 25 27 21 19 39 
Sat Apr 05 17:55:25 2014
times:12
solution is:3463.000000.       temperature is:999.930002
ans array:
18 8 33 41 1 23 15 28 7 6 42 31 14 46 9 11 20 29 37 5 48 45 4 35 44 36 40 3 47 13 38 2 22 10 17 12 34 24 25 16 21 27 49 43 19 32 50 26 30 39 
Sat Apr 05 17:55:30 2014
times:13
solution is:3426.000000.       temperature is:999.850010
ans array:
41 44 33 15 48 36 14 20 49 23 42 8 3 11 6 45 40 21 18 9 28 43 31 22 19 1 16 10 2 29 7 4 35 26 12 27 37 38 46 32 5 50 13 47 17 34 25 30 39 24 
Sat Apr 05 17:55:35 2014
times:14
solution is:3443.000000.       temperature is:999.830014
ans array:
34 27 19 33 46 44 15 21 24 42 11 12 35 32 18 4 31 3 43 36 6 41 14 10 28 20 49 23 45 37 13 30 25 40 9 38 48 22 8 26 29 1 17 5 16 50 2 7 39 47 
Sat Apr 05 17:55:40 2014
times:15
solution is:3436.000000.       temperature is:999.930002
ans array:
41 44 33 15 11 42 28 23 20 47 45 14 31 8 1 4 40 36 22 25 49 10 13 2 46 27 35 29 38 43 30 6 32 7 16 50 12 17 5 24 21 37 34 18 26 48 9 3 19 39 
Sat Apr 05 17:55:45 2014
times:16
solution is:3470.000000.       temperature is:999.960001
ans array:
41 44 33 29 32 10 14 38 12 20 45 42 3 25 16 28 31 23 46 36 17 8 30 40 11 7 9 49 35 43 34 37 6 15 27 21 5 4 1 18 39 2 48 13 19 22 24 50 26 47 
Sat Apr 05 17:55:50 2014
times:17
solution is:3451.000000.       temperature is:999.990000
ans array:
41 44 33 8 14 45 6 20 23 11 3 38 46 1 15 35 21 32 19 16 49 29 9 26 37 34 27 28 18 31 4 12 42 7 40 10 5 13 36 17 22 2 43 30 24 50 48 25 39 47 
Sat Apr 05 17:55:55 2014
times:18
solution is:3435.000000.       temperature is:999.930002
ans array:
41 44 33 18 28 46 15 49 3 14 38 20 8 29 45 31 25 27 42 12 37 43 36 13 35 2 47 4 7 1 22 6 23 30 32 40 11 17 5 50 16 10 9 26 48 21 34 19 39 24 
Sat Apr 05 17:56:00 2014
times:19
solution is:3469.000000.       temperature is:999.800019
ans array:
18 8 41 33 42 9 10 16 14 31 45 28 26 49 15 40 23 21 36 46 32 38 22 29 35 6 1 20 30 4 13 44 24 25 27 37 12 50 3 7 47 43 2 5 11 17 34 48 19 39 
Sat Apr 05 17:56:05 2014
The average run time for the algorithm is : 5.009200
The average solution for the algorithm is : 3449.350000
The maxx solution for the algorithm is : 3482.000000
The minn solution for the algorithm is : 3426.000000
