period=5.000000
Sat Apr 05 17:56:05 2014

N=50 M=10
times:0
solution is:3398.000000.       temperature is:999.900004
ans array:
33 28 7 14 49 12 34 47 3 21 31 22 24 36 23 6 50 40 2 38 20 9 8 35 42 5 29 39 4 19 17 37 1 18 41 43 16 15 46 10 30 27 26 32 25 11 45 13 48 44 
Sat Apr 05 17:56:10 2014
times:1
solution is:3433.000000.       temperature is:999.820015
ans array:
33 37 21 49 1 23 28 12 19 36 32 4 42 26 47 38 6 34 35 31 10 25 40 44 46 9 17 2 3 48 8 43 39 50 30 27 22 18 41 20 24 16 14 5 29 13 45 11 7 15 
Sat Apr 05 17:56:15 2014
times:2
solution is:3351.000000.       temperature is:999.890005
ans array:
33 37 14 12 47 21 4 42 28 6 49 1 27 34 38 23 44 41 17 19 25 8 36 22 18 10 31 46 43 16 20 7 39 29 30 5 24 40 2 50 35 9 11 15 13 26 3 48 32 45 
Sat Apr 05 17:56:20 2014
times:3
solution is:3380.000000.       temperature is:999.980000
ans array:
33 28 49 42 37 12 1 8 39 10 19 20 38 22 50 40 7 31 30 44 23 14 47 21 35 32 9 34 16 15 36 41 18 6 4 27 43 13 29 5 25 3 26 17 2 24 48 45 11 46 
Sat Apr 05 17:56:25 2014
times:4
solution is:3387.000000.       temperature is:999.850010
ans array:
26 3 22 49 21 31 6 38 47 12 40 44 19 35 50 34 9 10 28 42 8 33 32 36 46 39 30 16 20 23 1 27 4 43 5 41 2 45 29 18 15 11 25 37 17 7 24 48 13 14 
Sat Apr 05 17:56:30 2014
times:5
solution is:3363.000000.       temperature is:999.850010
ans array:
33 28 42 47 12 3 49 8 36 46 26 10 11 38 19 23 20 22 50 31 6 44 39 34 21 9 35 40 1 16 37 14 43 27 18 4 29 5 30 2 25 41 15 7 32 24 48 17 13 45 
Sat Apr 05 17:56:35 2014
times:6
solution is:3378.000000.       temperature is:999.820015
ans array:
46 49 31 6 12 28 35 33 40 21 38 10 47 42 20 39 34 3 9 8 19 23 1 14 16 43 15 36 2 26 32 37 50 17 22 18 30 41 27 5 29 25 44 7 11 45 4 24 13 48 
Sat Apr 05 17:56:40 2014
times:7
solution is:3425.000000.       temperature is:999.800019
ans array:
33 28 50 46 12 36 35 47 6 19 40 22 21 42 20 34 3 49 8 23 9 31 24 32 15 41 27 30 45 10 39 38 29 16 14 18 17 43 7 25 4 2 26 11 5 1 13 48 37 44 
Sat Apr 05 17:56:45 2014
times:8
solution is:3435.000000.       temperature is:999.940001
ans array:
26 6 28 12 49 19 34 35 22 36 8 50 14 33 21 38 24 47 23 17 40 39 1 7 25 10 42 11 20 27 2 30 5 48 4 41 18 46 31 43 32 13 37 44 9 3 45 29 16 15 
Sat Apr 05 17:56:50 2014
times:9
solution is:3382.000000.       temperature is:999.890005
ans array:
26 28 47 24 49 38 4 12 42 2 40 34 19 6 11 21 31 33 18 41 3 20 50 8 32 35 46 36 25 23 17 29 7 39 1 10 5 44 9 37 43 27 30 16 14 22 15 13 48 45 
Sat Apr 05 17:56:55 2014
times:10
solution is:3364.000000.       temperature is:999.900004
ans array:
33 28 49 47 31 37 32 42 12 24 19 36 35 50 40 38 3 34 6 14 23 11 9 21 43 39 1 8 7 18 20 4 5 41 27 29 16 30 25 44 13 17 10 46 26 2 15 22 48 45 
Sat Apr 05 17:57:00 2014
times:11
solution is:3412.000000.       temperature is:999.830014
ans array:
33 39 49 12 44 40 21 4 35 13 9 20 31 22 10 7 38 46 36 14 41 32 3 18 8 47 34 2 30 19 6 50 37 28 42 15 1 23 43 27 25 11 5 26 29 16 17 45 24 48 
Sat Apr 05 17:57:05 2014
times:12
solution is:3378.000000.       temperature is:999.820015
ans array:
33 39 20 7 4 40 10 24 49 28 38 12 6 47 21 30 42 48 3 36 37 35 9 34 17 8 14 22 27 50 23 31 44 5 41 19 43 18 29 16 1 2 15 13 25 26 11 46 32 45 
Sat Apr 05 17:57:10 2014
times:13
solution is:3382.000000.       temperature is:999.930002
ans array:
33 6 28 49 42 3 12 8 34 38 10 50 35 47 36 24 23 20 39 4 14 25 27 2 22 9 31 26 40 1 7 32 37 30 21 17 41 5 19 43 11 18 45 29 16 15 13 48 44 46 
Sat Apr 05 17:57:15 2014
times:14
solution is:3426.000000.       temperature is:999.960001
ans array:
26 24 46 28 13 47 19 40 38 1 49 23 35 20 10 50 12 33 3 36 32 42 16 31 30 8 4 39 9 34 37 29 5 21 11 18 41 14 43 7 17 27 45 22 15 6 48 2 25 44 
Sat Apr 05 17:57:20 2014
times:15
solution is:3368.000000.       temperature is:999.860009
ans array:
33 37 34 38 12 23 6 14 40 28 39 20 22 42 10 8 49 15 36 19 47 43 35 50 9 27 21 4 44 2 18 30 41 3 25 1 13 46 11 5 29 26 16 31 24 32 48 7 17 45 
Sat Apr 05 17:57:25 2014
times:16
solution is:3398.000000.       temperature is:999.910004
ans array:
26 3 42 49 47 38 4 12 21 40 6 2 34 50 19 31 28 22 33 13 9 36 35 23 1 46 11 8 7 20 27 5 29 18 14 41 15 43 16 30 39 24 10 25 17 45 32 37 48 44 
Sat Apr 05 17:57:30 2014
times:17
solution is:3381.000000.       temperature is:999.970000
ans array:
26 3 49 19 12 47 24 40 33 4 9 38 6 36 35 28 21 39 50 42 20 1 23 8 11 34 7 27 10 18 22 14 25 31 37 29 46 43 16 17 5 30 41 2 15 32 45 13 48 44 
Sat Apr 05 17:57:35 2014
times:18
solution is:3398.000000.       temperature is:999.920003
ans array:
33 37 49 34 4 38 23 12 6 3 9 31 47 42 20 39 41 5 17 8 35 50 21 46 29 24 27 36 25 14 10 22 30 2 45 11 7 32 18 1 40 19 43 28 26 16 15 13 48 44 
Sat Apr 05 17:57:40 2014
times:19
solution is:3381.000000.       temperature is:999.830014
ans array:
26 3 42 49 22 12 19 4 8 35 50 31 47 34 28 10 46 21 25 38 23 1 40 24 6 36 18 20 41 27 37 11 9 30 7 33 17 39 29 5 43 2 14 16 15 32 45 13 48 44 
Sat Apr 05 17:57:45 2014
The average run time for the algorithm is : 5.008500
The average solution for the algorithm is : 3391.000000
The maxx solution for the algorithm is : 3435.000000
The minn solution for the algorithm is : 3351.000000
