period=5.000000
Sat Apr 05 17:57:45 2014

N=50 M=10
times:0
solution is:3487.000000.       temperature is:999.840012
ans array:
4 28 10 49 25 12 35 24 47 11 1 38 16 7 40 22 39 42 21 29 37 26 20 45 32 50 31 5 6 34 44 41 3 13 19 2 15 14 27 43 33 46 18 8 48 9 17 36 23 30 
Sat Apr 05 17:57:50 2014
times:1
solution is:3481.000000.       temperature is:999.970000
ans array:
24 4 28 10 27 36 25 38 2 42 11 47 21 34 1 37 40 46 50 41 5 7 20 3 39 26 22 12 35 19 32 43 48 13 16 18 6 31 23 33 15 29 44 14 17 9 8 49 30 45 
Sat Apr 05 17:57:55 2014
times:2
solution is:3489.000000.       temperature is:999.890005
ans array:
4 10 28 25 12 35 24 11 3 1 38 2 9 7 39 22 13 34 31 8 5 20 37 49 16 42 43 14 32 40 33 29 23 21 47 50 19 27 15 44 41 6 45 46 17 48 26 18 30 36 
Sat Apr 05 17:58:00 2014
times:3
solution is:3481.000000.       temperature is:999.920003
ans array:
4 28 10 36 24 25 38 42 20 27 1 47 12 15 34 7 35 11 23 37 32 2 33 29 3 21 44 41 50 39 31 48 6 14 9 17 16 5 46 22 43 18 40 19 26 13 8 49 30 45 
Sat Apr 05 17:58:05 2014
times:4
solution is:3488.000000.       temperature is:999.980000
ans array:
4 28 10 12 25 38 9 47 1 22 35 16 24 3 6 11 7 43 29 45 2 33 32 19 42 20 39 15 44 26 41 5 50 49 34 23 37 40 21 27 31 14 46 13 18 17 36 48 8 30 
Sat Apr 05 17:58:10 2014
times:5
solution is:3489.000000.       temperature is:999.810017
ans array:
4 10 28 12 25 38 47 16 41 20 27 24 2 31 45 46 7 40 42 13 9 39 32 35 33 1 22 19 3 18 43 14 21 15 11 44 6 5 17 34 37 49 29 8 50 48 26 23 30 36 
Sat Apr 05 17:58:15 2014
times:6
solution is:3488.000000.       temperature is:999.970000
ans array:
4 28 10 12 25 38 47 24 41 29 39 42 2 16 36 44 19 15 11 21 43 7 40 20 22 9 50 35 17 45 3 34 23 5 6 49 37 14 1 18 31 27 32 26 8 48 46 33 13 30 
Sat Apr 05 17:58:20 2014
times:7
solution is:3481.000000.       temperature is:999.990000
ans array:
24 4 28 10 49 25 33 21 23 38 42 39 1 5 16 40 20 35 26 22 3 50 14 43 27 46 36 48 7 18 47 32 29 13 31 34 15 41 19 44 6 11 17 8 9 2 12 37 30 45 
Sat Apr 05 17:58:25 2014
times:8
solution is:3487.000000.       temperature is:999.990000
ans array:
4 28 10 36 24 39 35 38 40 41 20 7 1 3 45 42 12 23 11 9 25 29 17 21 50 13 19 47 18 5 15 26 34 22 32 31 16 43 27 6 14 49 2 44 33 46 37 48 8 30 
Sat Apr 05 17:58:30 2014
times:9
solution is:3487.000000.       temperature is:1000.000000
ans array:
4 10 27 36 25 38 3 16 42 20 7 31 13 1 12 19 35 40 18 11 29 24 21 33 9 44 23 39 2 32 5 37 49 22 34 48 47 17 43 30 46 14 26 41 6 8 15 50 28 45 
Sat Apr 05 17:58:35 2014
times:10
solution is:3482.000000.       temperature is:999.970000
ans array:
4 28 10 12 25 38 47 16 1 29 24 31 39 21 11 23 37 42 22 3 44 6 9 33 48 43 40 14 35 20 49 27 50 5 34 2 41 13 36 32 19 7 46 18 8 26 15 17 30 45 
Sat Apr 05 17:58:40 2014
times:11
solution is:3481.000000.       temperature is:999.970000
ans array:
24 4 28 10 27 36 21 25 2 42 32 37 7 47 39 20 46 19 38 31 16 3 41 11 34 29 9 12 23 17 5 14 6 1 43 15 44 13 40 22 35 33 18 50 26 48 8 49 30 45 
Sat Apr 05 17:58:45 2014
times:12
solution is:3481.000000.       temperature is:999.980000
ans array:
4 28 10 36 24 39 1 38 3 25 16 33 29 42 26 35 18 20 47 15 7 11 9 50 2 40 21 44 41 17 14 43 32 22 19 5 34 12 27 13 31 6 48 46 37 23 8 49 30 45 
Sat Apr 05 17:58:50 2014
times:13
solution is:3487.000000.       temperature is:999.810017
ans array:
4 28 10 49 25 39 38 35 24 29 2 37 1 42 7 22 15 46 16 47 3 11 33 26 41 43 23 32 14 19 20 44 13 31 5 50 34 27 18 12 9 17 45 21 40 6 36 48 8 30 
Sat Apr 05 17:58:55 2014
times:14
solution is:3487.000000.       temperature is:999.920003
ans array:
4 28 10 22 46 25 14 3 12 31 35 11 27 24 38 1 16 5 47 32 40 39 43 29 33 42 23 20 6 9 7 15 41 44 19 45 34 49 2 37 13 26 18 21 17 50 48 36 8 30 
Sat Apr 05 17:59:00 2014
times:15
solution is:3482.000000.       temperature is:999.960001
ans array:
24 4 28 10 12 25 38 41 47 29 35 23 6 11 2 7 9 33 42 37 20 44 32 27 31 3 21 39 16 15 40 1 5 14 50 26 34 22 46 19 43 13 18 48 36 8 17 49 30 45 
Sat Apr 05 17:59:05 2014
times:16
solution is:3481.000000.       temperature is:999.850010
ans array:
4 28 10 36 24 25 20 35 2 42 22 7 44 38 15 47 16 33 32 29 9 39 23 43 3 19 13 12 14 6 5 50 21 31 18 27 11 34 26 1 40 48 37 46 41 17 8 49 30 45 
Sat Apr 05 17:59:10 2014
times:17
solution is:3492.000000.       temperature is:1000.000000
ans array:
24 16 10 28 12 25 46 14 20 22 2 29 4 42 47 15 37 7 35 40 3 38 49 39 9 45 1 33 21 26 6 13 32 19 23 44 31 5 41 34 50 43 17 11 27 18 48 8 30 36 
Sat Apr 05 17:59:15 2014
times:18
solution is:3487.000000.       temperature is:999.870008
ans array:
4 28 10 36 24 35 2 27 38 42 39 7 25 49 33 6 32 21 5 1 11 31 3 22 47 43 19 41 50 45 34 29 15 18 20 17 26 23 16 9 13 40 46 14 12 48 44 8 37 30 
Sat Apr 05 17:59:20 2014
times:19
solution is:3491.000000.       temperature is:999.990000
ans array:
4 24 28 45 12 10 33 27 35 26 42 20 29 34 1 38 47 11 7 15 3 37 39 46 25 16 43 44 22 40 41 6 9 17 48 36 21 19 5 49 32 8 18 23 50 14 13 31 2 30 
Sat Apr 05 17:59:25 2014
The average run time for the algorithm is : 5.008850
The average solution for the algorithm is : 3485.450000
The maxx solution for the algorithm is : 3492.000000
The minn solution for the algorithm is : 3481.000000
