period=5.000000
Sat Apr 05 17:59:25 2014

N=50 M=10
times:0
solution is:3540.000000.       temperature is:999.950001
ans array:
20 10 13 14 1 4 5 18 40 24 9 21 39 11 22 41 28 15 19 43 12 45 17 36 37 2 32 47 38 6 46 27 42 35 25 8 3 34 49 23 29 7 31 48 16 26 50 44 33 30 
Sat Apr 05 17:59:30 2014
times:1
solution is:3540.000000.       temperature is:999.950001
ans array:
20 10 13 5 37 18 39 17 12 1 48 19 32 14 43 47 8 40 2 6 25 11 22 36 3 15 33 44 9 38 46 34 49 24 27 35 41 45 23 7 28 29 26 50 21 4 16 31 42 30 
Sat Apr 05 17:59:35 2014
times:2
solution is:3540.000000.       temperature is:999.810017
ans array:
20 10 13 5 14 1 39 37 40 21 8 45 36 2 41 6 32 47 15 22 48 12 19 17 44 31 11 29 34 38 9 25 35 50 18 4 43 26 49 46 27 3 16 24 23 7 28 42 33 30 
Sat Apr 05 17:59:40 2014
times:3
solution is:3540.000000.       temperature is:999.930002
ans array:
20 10 13 14 1 5 19 39 40 25 31 2 22 47 27 49 8 18 36 17 37 41 28 44 12 29 11 15 45 48 9 16 7 6 3 34 21 35 38 50 23 24 46 26 32 43 42 4 33 30 
Sat Apr 05 17:59:45 2014
times:4
solution is:3540.000000.       temperature is:999.990000
ans array:
20 10 13 5 34 18 39 40 1 14 47 3 11 22 2 15 25 43 27 28 17 21 6 48 41 37 26 31 44 16 24 29 19 36 46 9 45 12 8 35 42 49 4 50 32 7 23 38 33 30 
Sat Apr 05 17:59:50 2014
times:5
solution is:3540.000000.       temperature is:999.970000
ans array:
20 10 13 5 14 1 39 17 19 43 47 31 3 22 25 8 2 24 44 48 26 11 37 49 23 15 40 50 28 6 41 29 36 21 34 42 18 35 7 32 9 38 12 45 46 4 16 27 33 30 
Sat Apr 05 17:59:55 2014
times:6
solution is:3540.000000.       temperature is:999.970000
ans array:
20 10 13 14 1 5 36 45 8 18 2 40 6 3 29 39 41 19 47 17 27 21 22 12 34 24 25 9 43 38 44 15 50 16 37 48 4 49 32 35 31 26 7 46 11 23 28 33 42 30 
Sat Apr 05 18:00:00 2014
times:7
solution is:3540.000000.       temperature is:999.990000
ans array:
20 10 13 14 48 5 17 22 37 1 18 39 34 15 32 27 44 47 28 2 11 45 36 12 43 19 42 23 29 7 49 3 8 25 21 9 6 4 35 38 24 33 40 46 26 31 16 50 41 30 
Sat Apr 05 18:00:05 2014
times:8
solution is:3540.000000.       temperature is:999.990000
ans array:
20 10 13 5 14 39 1 15 19 17 3 8 22 2 4 25 45 36 21 49 31 33 26 24 35 46 6 9 38 28 47 12 11 44 40 32 7 43 29 37 34 23 18 48 27 16 42 50 41 30 
Sat Apr 05 18:00:10 2014
times:9
solution is:3540.000000.       temperature is:999.950001
ans array:
20 10 13 14 7 5 1 15 22 39 17 27 2 36 41 45 19 40 44 32 8 47 29 49 31 3 43 26 21 18 6 46 9 4 42 28 11 16 50 35 38 37 12 24 48 23 25 34 33 30 
Sat Apr 05 18:00:15 2014
times:10
solution is:3540.000000.       temperature is:999.940001
ans array:
20 10 13 14 5 1 8 45 3 37 21 28 44 47 34 31 41 35 18 15 40 32 19 12 49 48 26 24 43 11 2 38 17 7 46 39 22 9 27 29 6 50 16 4 23 42 25 36 33 30 
Sat Apr 05 18:00:20 2014
times:11
solution is:3540.000000.       temperature is:999.850010
ans array:
20 10 13 5 36 22 37 45 44 41 1 3 43 14 11 4 39 46 2 8 25 17 6 40 19 47 21 15 28 34 9 38 35 49 32 29 31 26 50 18 48 23 24 27 16 12 7 42 33 30 
Sat Apr 05 18:00:25 2014
times:12
solution is:3540.000000.       temperature is:1000.000000
ans array:
20 10 13 5 37 28 1 14 15 6 48 2 33 11 47 39 4 22 9 8 21 25 50 29 24 27 41 32 44 49 34 19 36 17 40 35 26 45 23 7 18 43 3 46 31 16 38 12 42 30 
Sat Apr 05 18:00:30 2014
times:13
solution is:3540.000000.       temperature is:999.970000
ans array:
20 10 13 5 31 19 2 18 9 25 4 43 11 42 48 14 41 1 8 35 6 40 24 38 39 23 21 12 28 15 37 29 45 22 17 3 47 44 27 49 32 36 34 7 16 50 46 26 33 30 
Sat Apr 05 18:00:35 2014
times:14
solution is:3540.000000.       temperature is:999.890005
ans array:
20 10 13 5 37 14 1 47 32 28 15 36 43 11 2 24 12 26 25 46 34 6 50 22 45 8 40 41 29 3 44 27 21 19 39 49 16 9 4 18 48 17 42 7 35 23 38 31 33 30 
Sat Apr 05 18:00:40 2014
times:15
solution is:3540.000000.       temperature is:999.810017
ans array:
20 10 13 5 37 14 48 1 2 45 39 38 43 47 6 28 21 29 19 40 15 36 23 8 24 9 18 32 4 44 41 26 22 17 11 7 31 12 49 34 35 25 46 3 42 50 16 27 33 30 
Sat Apr 05 18:00:45 2014
times:16
solution is:3540.000000.       temperature is:999.970000
ans array:
20 10 13 5 7 32 37 1 40 47 43 14 4 44 17 39 21 45 48 41 11 15 6 12 33 8 24 35 25 3 2 49 31 26 22 18 36 19 29 27 16 50 46 9 34 38 23 28 42 30 
Sat Apr 05 18:00:50 2014
times:17
solution is:3540.000000.       temperature is:999.870008
ans array:
20 10 13 5 37 28 25 1 34 2 8 38 23 6 15 41 48 18 3 44 7 35 45 12 40 11 24 43 22 27 14 17 39 21 50 16 31 19 29 46 26 9 47 49 4 42 36 32 33 30 
Sat Apr 05 18:00:55 2014
times:18
solution is:3540.000000.       temperature is:1000.000000
ans array:
20 10 13 14 1 19 28 39 9 5 45 22 2 40 34 11 32 37 48 47 43 25 3 49 24 23 44 15 36 38 6 35 50 26 7 21 29 31 16 46 8 4 41 27 17 18 12 33 42 30 
Sat Apr 05 18:01:00 2014
times:19
solution is:3540.000000.       temperature is:1000.000000
ans array:
20 10 13 5 14 1 24 28 37 15 41 47 17 43 44 39 3 18 22 48 34 11 49 31 26 46 21 9 8 32 25 27 4 19 35 6 29 40 50 23 7 16 42 2 38 36 45 12 33 30 
Sat Apr 05 18:01:05 2014
The average run time for the algorithm is : 5.009350
The average solution for the algorithm is : 3540.000000
The maxx solution for the algorithm is : 3540.000000
The minn solution for the algorithm is : 3540.000000
