period=5.000000
Sat Apr 05 18:01:05 2014

N=50 M=10
times:0
solution is:3350.000000.       temperature is:999.810017
ans array:
33 16 1 17 48 36 13 47 46 2 8 30 10 40 49 7 26 5 31 43 18 38 6 29 27 35 15 14 22 42 21 23 25 11 4 3 44 45 19 39 32 37 50 28 20 41 34 24 9 12 
Sat Apr 05 18:01:10 2014
times:1
solution is:3312.000000.       temperature is:999.980000
ans array:
1 6 7 38 31 8 10 40 11 2 26 50 42 14 15 22 5 23 25 34 27 17 35 4 13 46 41 21 32 48 16 47 33 30 9 28 44 18 20 49 3 45 19 24 36 37 43 39 29 12 
Sat Apr 05 18:01:15 2014
times:2
solution is:3335.000000.       temperature is:999.800019
ans array:
1 42 16 38 48 36 31 10 7 8 43 17 35 40 49 6 25 26 5 46 18 23 11 3 2 45 21 37 44 13 47 22 34 12 15 30 4 14 27 33 24 41 32 19 28 29 20 39 9 50 
Sat Apr 05 18:01:20 2014
times:3
solution is:3347.000000.       temperature is:999.870008
ans array:
1 35 7 40 11 48 33 36 43 10 42 16 14 4 38 46 22 8 28 30 37 25 3 49 5 26 34 2 13 20 31 19 45 17 12 6 18 23 32 27 15 39 21 29 41 24 47 9 44 50 
Sat Apr 05 18:01:25 2014
times:4
solution is:3338.000000.       temperature is:999.830014
ans array:
1 35 40 48 16 26 34 7 38 3 5 43 46 22 27 23 11 10 39 8 28 25 17 13 47 42 49 14 20 6 32 4 33 31 30 21 41 29 15 37 36 18 19 45 12 24 2 9 44 50 
Sat Apr 05 18:01:30 2014
times:5
solution is:3313.000000.       temperature is:999.810017
ans array:
33 1 16 36 48 7 18 38 5 35 10 45 31 40 42 6 14 4 21 46 8 27 23 22 11 9 26 29 30 24 39 43 13 17 28 20 41 49 50 47 25 15 3 32 37 19 34 2 44 12 
Sat Apr 05 18:01:35 2014
times:6
solution is:3293.000000.       temperature is:999.860009
ans array:
33 42 1 14 31 10 16 41 7 38 18 6 17 40 13 35 36 45 34 20 26 5 46 48 30 2 9 44 49 25 3 37 22 8 11 4 47 32 15 21 23 50 27 19 28 24 43 39 29 12 
Sat Apr 05 18:01:40 2014
times:7
solution is:3275.000000.       temperature is:999.820015
ans array:
33 1 40 6 11 5 36 23 10 42 14 31 45 35 25 15 38 3 48 13 27 39 8 18 7 17 46 2 26 16 9 37 20 32 28 24 47 22 21 50 4 44 30 41 49 19 43 29 34 12 
Sat Apr 05 18:01:45 2014
times:8
solution is:3292.000000.       temperature is:999.860009
ans array:
33 30 1 40 7 26 48 10 31 11 5 9 49 8 42 25 17 22 13 2 35 41 38 46 16 36 6 14 18 24 3 28 19 23 43 32 20 15 47 4 27 50 44 37 21 39 45 29 34 12 
Sat Apr 05 18:01:50 2014
times:9
solution is:3343.000000.       temperature is:999.810017
ans array:
33 1 11 36 39 25 49 10 8 31 38 5 26 46 34 40 7 41 18 20 48 14 13 27 2 17 22 16 35 45 12 4 44 23 9 30 32 19 6 43 15 21 24 3 28 37 29 47 42 50 
Sat Apr 05 18:01:55 2014
times:10
solution is:3356.000000.       temperature is:999.860009
ans array:
6 35 16 5 10 36 40 46 7 38 14 3 49 33 13 30 25 26 23 31 8 43 48 11 17 9 34 1 18 44 24 47 4 27 39 37 32 12 22 15 19 2 45 20 28 41 29 21 42 50 
Sat Apr 05 18:02:01 2014
times:11
solution is:3378.000000.       temperature is:999.800019
ans array:
33 1 11 7 38 3 16 36 23 48 10 40 27 18 37 50 26 31 39 5 13 17 25 46 42 35 47 4 49 6 14 32 24 8 43 22 45 21 12 15 19 28 44 30 2 41 34 29 20 9 
Sat Apr 05 18:02:06 2014
times:12
solution is:3360.000000.       temperature is:999.980000
ans array:
33 16 38 40 24 36 4 1 48 14 13 31 10 35 30 41 5 9 17 46 11 22 8 6 42 18 43 7 26 19 27 39 23 32 20 2 25 49 28 37 12 45 50 15 21 44 47 29 34 3 
Sat Apr 05 18:02:11 2014
times:13
solution is:3273.000000.       temperature is:999.860009
ans array:
1 35 48 25 6 31 10 40 11 4 14 7 46 16 41 2 38 17 26 3 13 30 43 42 29 37 22 36 49 8 47 5 24 23 9 44 28 20 45 27 39 19 32 15 21 18 33 50 34 12 
Sat Apr 05 18:02:16 2014
times:14
solution is:3319.000000.       temperature is:999.800019
ans array:
1 35 48 36 44 10 14 6 25 46 40 49 5 2 26 30 38 17 27 23 8 13 31 34 39 32 42 7 41 16 21 9 22 11 3 37 45 29 4 19 47 28 33 24 43 18 12 15 20 50 
Sat Apr 05 18:02:21 2014
times:15
solution is:3315.000000.       temperature is:999.850010
ans array:
1 33 11 9 48 7 5 10 36 31 40 49 14 44 38 6 13 2 3 37 4 16 45 25 30 34 35 47 46 17 26 42 22 8 28 20 32 19 18 41 15 29 27 21 23 43 39 24 50 12 
Sat Apr 05 18:02:26 2014
times:16
solution is:3342.000000.       temperature is:999.800019
ans array:
33 5 31 7 20 26 10 40 16 14 6 9 46 23 27 48 35 42 38 1 45 4 22 11 18 50 2 13 30 47 8 17 32 36 24 49 43 3 37 41 29 28 44 21 19 34 39 25 15 12 
Sat Apr 05 18:02:31 2014
times:17
solution is:3332.000000.       temperature is:999.950001
ans array:
6 10 25 42 31 48 40 16 39 14 1 41 46 35 38 32 23 27 2 7 22 8 15 11 43 5 47 49 9 24 50 17 36 44 26 18 37 29 20 45 21 4 19 28 13 30 34 3 33 12 
Sat Apr 05 18:02:36 2014
times:18
solution is:3339.000000.       temperature is:999.810017
ans array:
1 48 40 11 5 26 10 25 39 31 22 36 35 13 38 4 24 34 14 8 46 6 17 50 30 3 28 7 16 9 37 32 41 20 49 47 42 18 23 27 19 33 45 43 44 21 2 15 12 29 
Sat Apr 05 18:02:41 2014
times:19
solution is:3326.000000.       temperature is:999.840012
ans array:
33 35 7 40 6 16 10 14 31 26 42 45 5 2 38 32 1 43 17 37 44 3 30 11 48 41 25 49 20 9 15 23 12 18 22 47 34 46 8 28 19 4 13 27 24 21 36 39 29 50 
Sat Apr 05 18:02:46 2014
The average run time for the algorithm is : 5.008150
The average solution for the algorithm is : 3326.900000
The maxx solution for the algorithm is : 3378.000000
The minn solution for the algorithm is : 3273.000000
