period=5.000000
Sat Apr 05 18:02:46 2014

N=50 M=10
times:0
solution is:3886.000000.       temperature is:999.820015
ans array:
26 40 28 39 11 41 22 15 27 34 17 50 23 42 14 10 48 45 30 12 31 5 29 44 6 24 18 1 3 9 20 32 21 25 4 7 19 43 38 2 13 46 36 47 8 49 35 16 37 33 
Sat Apr 05 18:02:51 2014
times:1
solution is:3920.000000.       temperature is:1000.000000
ans array:
3 28 1 33 41 35 29 7 40 30 34 11 27 38 39 24 48 6 21 9 10 42 4 50 5 23 22 14 15 25 16 20 37 2 32 13 46 49 26 43 19 18 31 44 47 36 8 45 12 17 
Sat Apr 05 18:02:56 2014
times:2
solution is:3895.000000.       temperature is:999.980000
ans array:
37 15 30 28 41 26 29 40 11 27 48 9 3 1 14 50 39 4 35 24 10 34 45 36 25 8 13 42 43 5 44 32 20 17 6 49 2 22 46 16 21 31 7 19 47 23 38 12 18 33 
Sat Apr 05 18:03:01 2014
times:3
solution is:3886.000000.       temperature is:999.900004
ans array:
26 40 30 48 45 39 24 3 1 4 43 38 21 13 6 29 47 22 11 49 14 10 27 42 17 50 25 18 31 23 36 2 41 19 34 46 15 7 35 28 16 9 5 32 12 20 44 8 37 33 
Sat Apr 05 18:03:06 2014
times:4
solution is:3899.000000.       temperature is:999.920003
ans array:
37 40 43 11 42 29 28 24 6 27 3 12 39 48 30 38 23 26 9 15 14 32 5 41 18 45 50 1 46 31 36 2 25 7 19 13 20 17 44 4 47 49 21 22 16 10 8 35 34 33 
Sat Apr 05 18:03:11 2014
times:5
solution is:3886.000000.       temperature is:999.980000
ans array:
26 40 30 24 3 41 29 42 35 11 1 14 18 28 27 31 23 17 48 44 6 45 12 5 39 34 20 13 2 50 38 47 49 32 43 25 16 36 46 15 9 4 19 10 22 7 21 8 37 33 
Sat Apr 05 18:03:16 2014
times:6
solution is:3886.000000.       temperature is:999.900004
ans array:
26 40 28 39 41 11 30 3 27 10 24 14 19 42 6 48 23 13 45 1 15 29 31 17 9 36 21 35 34 25 22 7 5 50 2 46 20 16 38 18 12 47 32 44 43 4 49 8 37 33 
Sat Apr 05 18:03:21 2014
times:7
solution is:3886.000000.       temperature is:999.940001
ans array:
26 40 28 30 3 14 27 18 48 21 12 11 39 42 41 35 38 9 25 8 17 24 23 49 50 10 46 29 5 6 20 13 1 31 44 19 32 2 45 15 22 36 47 4 34 43 7 16 37 33 
Sat Apr 05 18:03:26 2014
times:8
solution is:3886.000000.       temperature is:999.920003
ans array:
26 40 28 3 11 24 42 13 1 41 6 29 43 45 46 5 50 38 12 39 19 4 25 48 30 44 27 36 17 10 31 15 14 23 35 18 21 34 2 9 22 32 47 49 20 8 7 16 37 33 
Sat Apr 05 18:03:31 2014
times:9
solution is:3886.000000.       temperature is:999.860009
ans array:
26 40 28 29 24 17 11 9 41 27 18 36 15 23 20 21 6 43 38 48 30 42 14 35 50 10 44 45 3 2 31 39 13 1 7 34 22 25 49 5 12 46 19 47 32 8 4 16 37 33 
Sat Apr 05 18:03:36 2014
times:10
solution is:3891.000000.       temperature is:999.900004
ans array:
26 40 3 28 50 11 1 41 14 37 15 9 38 20 48 12 29 34 5 43 46 10 27 39 6 24 16 2 45 19 22 36 31 21 25 13 32 4 17 35 8 7 30 23 49 47 18 44 42 33 
Sat Apr 05 18:03:41 2014
times:11
solution is:3886.000000.       temperature is:999.950001
ans array:
26 40 28 6 30 46 3 24 19 11 4 18 14 12 41 39 44 42 27 15 29 10 48 22 50 25 45 5 2 34 43 31 32 21 38 17 1 23 13 35 20 16 9 7 36 47 49 8 37 33 
Sat Apr 05 18:03:46 2014
times:12
solution is:3886.000000.       temperature is:999.960001
ans array:
26 40 11 3 28 41 23 6 27 19 42 48 12 24 18 15 46 38 17 2 44 39 9 29 1 21 20 14 50 10 25 45 30 13 43 32 4 16 5 22 7 35 34 31 36 47 49 8 37 33 
Sat Apr 05 18:03:51 2014
times:13
solution is:3886.000000.       temperature is:999.970000
ans array:
26 40 30 48 14 11 28 41 9 16 6 29 32 10 39 22 35 46 17 2 8 38 15 13 27 5 49 24 18 31 50 12 25 36 3 42 20 44 7 43 45 19 4 21 47 34 1 23 37 33 
Sat Apr 05 18:03:56 2014
times:14
solution is:3895.000000.       temperature is:1000.000000
ans array:
37 15 30 11 28 27 3 12 42 14 29 48 16 31 26 46 8 6 24 5 34 23 10 50 9 39 20 17 45 22 25 40 21 4 38 41 43 49 7 36 2 13 35 44 47 19 1 32 18 33 
Sat Apr 05 18:04:01 2014
times:15
solution is:3886.000000.       temperature is:999.970000
ans array:
26 40 11 3 42 30 35 48 19 28 24 9 8 29 27 21 7 50 38 20 17 15 22 41 45 2 34 1 39 6 25 32 14 23 13 43 10 18 49 36 47 46 5 31 44 4 12 16 37 33 
Sat Apr 05 18:04:06 2014
times:16
solution is:3890.000000.       temperature is:999.940001
ans array:
26 40 11 3 8 24 19 48 46 17 50 29 27 6 30 9 15 10 42 14 23 31 38 28 45 5 39 41 37 25 44 43 49 22 7 36 2 16 4 47 32 20 18 12 13 21 1 35 34 33 
Sat Apr 05 18:04:11 2014
times:17
solution is:3886.000000.       temperature is:999.900004
ans array:
26 40 11 3 28 41 27 42 1 30 39 4 48 14 10 34 29 24 23 6 21 38 43 7 50 5 9 13 19 25 32 2 17 22 46 20 15 36 16 35 8 49 47 45 31 18 44 12 37 33 
Sat Apr 05 18:04:16 2014
times:18
solution is:3908.000000.       temperature is:999.830014
ans array:
37 40 30 15 28 22 39 11 18 29 24 9 45 42 14 26 41 48 10 31 50 6 13 2 8 4 49 16 25 35 32 21 27 17 23 38 43 46 1 5 44 7 3 20 36 47 19 12 34 33 
Sat Apr 05 18:04:21 2014
times:19
solution is:3898.000000.       temperature is:999.990000
ans array:
3 28 1 30 11 6 9 40 23 5 45 24 10 13 15 26 27 50 17 48 36 42 43 14 2 32 12 41 44 4 22 31 49 29 21 20 39 19 47 38 18 35 25 34 46 33 16 7 8 37 
Sat Apr 05 18:04:26 2014
The average run time for the algorithm is : 5.007250
The average solution for the algorithm is : 3891.400000
The maxx solution for the algorithm is : 3920.000000
The minn solution for the algorithm is : 3886.000000
