period=5.000000
Sat Apr 05 18:04:26 2014

N=50 M=10
times:0
solution is:3525.000000.       temperature is:999.930002
ans array:
27 15 6 9 49 2 28 10 46 17 48 44 1 5 37 47 40 7 39 20 4 41 32 29 42 25 18 30 16 50 19 43 14 31 26 13 8 45 23 21 24 3 22 11 35 36 38 33 12 34 
Sat Apr 05 18:04:31 2014
times:1
solution is:3558.000000.       temperature is:999.930002
ans array:
18 27 15 6 24 37 19 5 2 49 35 1 14 16 9 29 39 48 10 26 43 8 47 30 33 23 42 12 32 22 41 46 4 11 17 28 40 50 7 45 21 25 38 3 44 31 13 20 36 34 
Sat Apr 05 18:04:36 2014
times:2
solution is:3583.000000.       temperature is:999.860009
ans array:
6 44 2 9 37 42 34 33 46 49 19 16 5 10 17 12 40 26 32 29 13 7 27 48 45 1 35 4 28 39 30 24 11 38 43 14 50 18 41 3 15 47 23 21 22 36 31 25 8 20 
Sat Apr 05 18:04:41 2014
times:3
solution is:3619.000000.       temperature is:999.800019
ans array:
15 44 18 7 48 30 2 26 1 37 5 16 50 40 49 33 21 9 23 27 35 14 12 19 31 24 10 42 43 34 17 4 25 32 45 29 28 22 39 8 41 13 20 47 46 11 38 36 3 6 
Sat Apr 05 18:04:46 2014
times:4
solution is:3544.000000.       temperature is:999.950001
ans array:
26 6 4 37 5 49 1 14 10 33 2 16 9 28 27 46 19 42 47 21 44 34 38 7 20 41 17 25 29 39 35 12 32 22 31 50 43 40 23 24 8 15 3 13 11 30 36 48 45 18 
Sat Apr 05 18:04:51 2014
times:5
solution is:3531.000000.       temperature is:999.880007
ans array:
26 6 9 37 10 33 49 4 1 35 19 17 42 2 48 46 41 43 39 5 7 28 50 27 47 21 16 22 12 29 24 32 15 44 23 20 14 18 36 3 34 31 40 30 13 11 38 25 8 45 
Sat Apr 05 18:04:56 2014
times:6
solution is:3522.000000.       temperature is:999.920003
ans array:
26 6 9 1 48 36 49 37 34 27 46 14 10 42 28 45 7 50 2 17 19 3 39 32 16 22 40 12 41 29 43 24 5 8 23 35 4 15 47 21 13 11 38 30 31 33 25 44 20 18 
Sat Apr 05 18:05:01 2014
times:7
solution is:3580.000000.       temperature is:999.980000
ans array:
6 44 9 37 19 42 30 33 2 49 3 7 5 14 26 1 18 10 27 46 32 48 16 50 17 13 43 47 23 11 40 15 28 39 31 12 35 22 4 8 29 24 20 41 25 21 38 36 34 45 
Sat Apr 05 18:05:06 2014
times:8
solution is:3563.000000.       temperature is:999.840012
ans array:
26 12 37 46 2 49 33 1 10 27 13 34 16 20 22 35 7 44 40 9 30 32 19 50 31 25 15 29 28 4 5 3 17 18 42 11 14 47 43 38 24 41 21 39 23 48 36 8 45 6 
Sat Apr 05 18:05:11 2014
times:9
solution is:3558.000000.       temperature is:999.990000
ans array:
6 44 9 37 1 33 7 49 14 19 22 28 2 10 40 29 12 34 43 35 42 17 24 32 16 18 26 5 39 27 30 8 50 47 21 41 23 15 13 11 3 36 46 20 25 48 38 4 31 45 
Sat Apr 05 18:05:16 2014
times:10
solution is:3530.000000.       temperature is:999.910004
ans array:
22 33 44 9 37 1 49 14 5 10 2 3 38 4 8 16 23 48 45 41 19 46 12 28 17 29 24 27 40 26 32 39 7 15 47 30 11 35 43 13 21 25 42 50 31 36 18 34 20 6 
Sat Apr 05 18:05:21 2014
times:11
solution is:3537.000000.       temperature is:999.950001
ans array:
26 45 34 37 2 5 19 1 46 44 32 17 9 35 22 3 10 28 43 49 50 29 14 27 47 42 39 41 20 25 18 31 7 24 38 11 33 16 30 40 4 48 15 23 21 13 12 8 36 6 
Sat Apr 05 18:05:26 2014
times:12
solution is:3555.000000.       temperature is:999.920003
ans array:
27 26 6 44 9 37 48 7 38 34 19 10 40 1 46 15 47 49 29 33 16 20 41 13 2 42 5 43 3 23 14 4 18 28 17 11 25 21 50 32 22 39 8 30 36 24 31 12 35 45 
Sat Apr 05 18:05:31 2014
times:13
solution is:3532.000000.       temperature is:999.890005
ans array:
27 36 12 49 14 2 37 5 10 1 48 29 30 9 46 42 47 19 32 26 40 28 17 4 43 24 45 7 44 21 35 23 15 33 41 16 39 50 3 11 25 31 38 13 20 34 8 22 18 6 
Sat Apr 05 18:05:36 2014
times:14
solution is:3523.000000.       temperature is:999.850010
ans array:
26 6 9 49 33 1 2 34 7 37 42 46 5 10 28 19 39 43 40 17 50 38 14 44 32 29 3 4 15 41 16 18 27 25 30 47 21 13 11 35 22 36 8 23 20 24 31 12 48 45 
Sat Apr 05 18:05:41 2014
times:15
solution is:3563.000000.       temperature is:999.910004
ans array:
22 20 9 37 46 7 27 33 12 10 49 41 30 48 26 40 29 45 47 16 28 2 19 14 4 32 17 5 42 38 44 23 8 50 21 31 25 35 11 39 43 24 3 15 13 36 1 6 18 34 
Sat Apr 05 18:05:46 2014
times:16
solution is:3519.000000.       temperature is:999.950001
ans array:
36 6 9 37 10 33 7 1 5 2 3 17 19 18 28 46 49 43 13 41 15 35 45 26 34 16 24 32 29 27 42 39 30 25 11 14 44 21 48 23 50 20 47 22 8 4 31 40 38 12 
Sat Apr 05 18:05:51 2014
times:17
solution is:3549.000000.       temperature is:999.920003
ans array:
26 33 44 1 9 49 37 30 46 48 34 10 42 7 40 15 50 5 8 29 19 2 3 39 22 32 14 45 23 41 20 47 24 21 16 36 4 28 17 18 11 13 31 12 35 43 25 38 27 6 
Sat Apr 05 18:05:56 2014
times:18
solution is:3563.000000.       temperature is:999.960001
ans array:
36 15 33 9 49 18 7 37 14 10 1 42 24 39 32 17 38 50 16 5 19 2 28 6 29 27 4 46 48 41 45 43 47 13 30 3 21 26 25 31 44 8 40 23 22 11 35 12 20 34 
Sat Apr 05 18:06:01 2014
times:19
solution is:3519.000000.       temperature is:999.880007
ans array:
27 26 33 2 1 37 46 9 30 5 49 47 22 32 29 39 8 10 14 19 50 7 20 38 40 44 42 34 16 35 11 24 15 3 4 43 13 21 41 17 36 18 28 25 31 45 23 12 48 6 
Sat Apr 05 18:06:06 2014
The average run time for the algorithm is : 5.008750
The average solution for the algorithm is : 3548.650000
The maxx solution for the algorithm is : 3619.000000
The minn solution for the algorithm is : 3519.000000
