period=5.000000
Sat Apr 05 18:06:06 2014

N=50 M=10
times:0
solution is:4044.000000.       temperature is:999.930002
ans array:
41 7 9 1 6 18 21 15 4 29 27 24 44 10 35 26 42 47 49 33 28 25 45 11 50 22 40 30 43 48 37 14 13 5 23 2 39 46 38 20 3 36 16 19 32 34 12 8 17 31 
Sat Apr 05 18:06:11 2014
times:1
solution is:3997.000000.       temperature is:999.990000
ans array:
9 11 7 18 30 42 10 43 8 17 6 48 2 19 29 16 36 35 49 21 50 13 26 23 15 28 27 24 44 1 37 22 40 32 38 39 46 3 47 34 25 5 45 31 20 4 33 14 12 41 
Sat Apr 05 18:06:16 2014
times:2
solution is:3997.000000.       temperature is:1000.000000
ans array:
9 11 7 18 15 19 4 30 10 50 29 27 2 6 1 47 48 42 3 26 28 31 44 20 21 17 36 32 39 13 49 43 5 25 35 38 22 46 45 24 40 14 33 37 23 34 16 8 12 41 
Sat Apr 05 18:06:21 2014
times:3
solution is:4012.000000.       temperature is:999.820015
ans array:
11 47 7 43 31 24 5 48 13 18 17 35 1 50 38 6 15 42 8 30 28 19 46 29 22 9 16 10 33 26 49 37 4 44 21 32 23 27 2 25 36 39 14 40 45 3 20 34 12 41 
Sat Apr 05 18:06:26 2014
times:4
solution is:3997.000000.       temperature is:999.880007
ans array:
9 11 7 18 43 17 23 4 27 2 44 31 26 24 38 33 10 1 32 29 15 30 42 49 21 34 50 8 47 22 35 37 6 39 48 28 16 13 5 45 40 20 46 19 3 14 25 36 12 41 
Sat Apr 05 18:06:31 2014
times:5
solution is:3997.000000.       temperature is:1000.000000
ans array:
9 11 7 18 48 2 21 13 6 17 44 24 8 10 27 47 26 5 23 42 3 19 16 4 30 20 43 32 29 1 35 40 14 22 50 15 25 37 46 45 39 38 34 49 28 36 33 31 12 41 
Sat Apr 05 18:06:36 2014
times:6
solution is:3997.000000.       temperature is:999.970000
ans array:
9 11 7 17 2 31 18 10 26 1 27 30 47 21 50 19 8 48 35 15 29 13 49 24 22 45 42 33 37 46 43 5 4 16 20 28 36 39 23 38 44 32 25 6 34 40 3 14 12 41 
Sat Apr 05 18:06:41 2014
times:7
solution is:3997.000000.       temperature is:999.980000
ans array:
9 11 7 18 6 17 49 4 19 28 33 15 26 29 3 35 20 38 44 13 8 10 36 27 45 5 22 24 48 21 16 37 42 2 32 23 1 40 50 43 46 47 39 25 14 30 31 34 12 41 
Sat Apr 05 18:06:46 2014
times:8
solution is:3997.000000.       temperature is:1000.000000
ans array:
9 11 7 18 23 21 48 29 17 45 2 30 50 27 4 47 1 13 44 6 49 35 8 37 39 26 32 43 28 10 19 15 42 5 24 40 16 22 46 36 20 33 14 25 34 38 3 31 12 41 
Sat Apr 05 18:06:51 2014
times:9
solution is:3997.000000.       temperature is:1000.000000
ans array:
9 11 7 43 18 8 28 23 38 48 35 22 50 49 31 29 42 40 15 33 44 25 6 13 1 27 17 46 10 21 24 2 19 34 32 47 45 4 30 20 5 37 3 16 26 36 39 14 12 41 
Sat Apr 05 18:06:56 2014
times:10
solution is:3997.000000.       temperature is:999.890005
ans array:
9 11 28 47 1 18 6 17 30 8 7 26 36 48 31 35 23 44 16 5 33 42 43 21 27 15 19 25 32 20 2 10 13 49 3 46 14 39 29 40 45 37 22 4 24 38 50 34 12 41 
Sat Apr 05 18:07:01 2014
times:11
solution is:3997.000000.       temperature is:1000.000000
ans array:
9 11 7 18 48 1 6 35 16 30 17 28 31 13 10 5 47 22 49 50 44 26 37 24 2 19 21 8 42 45 29 27 46 36 33 20 15 23 38 25 34 3 4 32 40 43 39 14 12 41 
Sat Apr 05 18:07:06 2014
times:12
solution is:3997.000000.       temperature is:1000.000000
ans array:
9 11 7 43 18 48 8 44 16 17 23 6 32 49 21 28 27 30 15 2 47 36 29 13 33 26 5 10 24 4 31 25 35 1 50 46 42 40 19 38 22 34 20 45 39 37 3 14 12 41 
Sat Apr 05 18:07:11 2014
times:13
solution is:3997.000000.       temperature is:999.870008
ans array:
9 11 47 21 35 1 17 7 18 6 33 28 23 15 49 20 13 2 29 10 26 31 30 42 24 25 4 46 27 44 50 45 5 32 16 43 39 38 48 34 40 3 22 37 19 36 14 8 12 41 
Sat Apr 05 18:07:16 2014
times:14
solution is:3997.000000.       temperature is:999.960001
ans array:
9 11 7 43 18 17 10 48 6 49 30 15 35 29 8 50 42 28 13 22 47 26 20 4 24 5 27 25 2 39 31 1 21 23 44 19 37 14 45 33 40 46 16 32 34 38 3 36 12 41 
Sat Apr 05 18:07:21 2014
times:15
solution is:3997.000000.       temperature is:999.880007
ans array:
9 11 7 17 43 1 18 30 42 29 13 47 28 23 35 8 40 49 22 6 2 5 14 38 33 3 37 15 21 16 25 27 19 48 44 26 50 45 36 24 32 10 46 31 39 34 20 4 12 41 
Sat Apr 05 18:07:26 2014
times:16
solution is:3997.000000.       temperature is:999.960001
ans array:
9 11 7 31 18 8 43 5 6 17 38 29 19 37 21 27 2 30 1 10 48 24 15 13 22 47 23 44 42 4 3 46 20 26 50 36 25 34 40 28 32 49 35 45 33 16 39 14 12 41 
Sat Apr 05 18:07:31 2014
times:17
solution is:3997.000000.       temperature is:999.990000
ans array:
9 11 7 18 27 49 30 2 13 47 8 21 15 50 48 6 43 5 17 32 44 23 1 29 24 28 42 16 26 19 10 37 4 31 35 25 33 3 38 22 46 14 45 40 20 39 36 34 12 41 
Sat Apr 05 18:07:36 2014
times:18
solution is:3997.000000.       temperature is:999.990000
ans array:
9 11 7 18 38 39 31 8 43 28 17 36 6 42 21 33 15 29 48 10 13 24 19 46 4 44 30 32 27 20 22 2 26 14 50 5 1 45 47 25 35 34 40 23 16 37 3 49 12 41 
Sat Apr 05 18:07:41 2014
times:19
solution is:3997.000000.       temperature is:1000.000000
ans array:
9 11 7 1 18 33 13 21 47 35 2 8 49 48 32 31 6 29 14 27 30 44 24 17 26 19 10 4 28 25 42 39 43 22 40 23 15 37 46 45 20 5 16 50 3 38 34 36 12 41 
Sat Apr 05 18:07:46 2014
The average run time for the algorithm is : 5.007900
The average solution for the algorithm is : 4000.100000
The maxx solution for the algorithm is : 4044.000000
The minn solution for the algorithm is : 3997.000000
