period=5.000000
Sat Apr 05 18:07:46 2014

N=50 M=10
times:0
solution is:3370.000000.       temperature is:999.980000
ans array:
30 33 16 44 22 27 23 14 38 41 17 37 20 4 48 31 42 18 28 3 40 11 21 39 49 26 10 46 29 2 12 34 43 24 36 35 6 7 50 32 13 45 1 9 25 8 19 15 5 47 
Sat Apr 05 18:07:51 2014
times:1
solution is:3403.000000.       temperature is:999.910004
ans array:
33 37 47 27 23 41 31 22 46 8 18 26 4 44 16 39 17 45 5 21 48 20 13 35 38 9 3 6 42 28 43 14 29 24 1 11 34 32 7 49 36 2 12 25 10 50 19 40 15 30 
Sat Apr 05 18:07:56 2014
times:2
solution is:3411.000000.       temperature is:999.850010
ans array:
33 37 47 31 49 27 3 44 16 48 42 4 34 41 38 7 45 5 22 21 43 46 14 24 23 6 50 18 40 10 20 28 17 35 39 12 11 2 32 25 36 29 9 13 1 26 19 8 15 30 
Sat Apr 05 18:08:01 2014
times:3
solution is:3418.000000.       temperature is:999.880007
ans array:
30 33 16 44 22 27 23 47 39 13 42 45 7 6 46 34 3 24 9 31 49 14 1 41 4 37 21 32 38 18 40 48 11 29 2 36 17 10 50 43 12 35 20 5 25 19 15 8 28 26 
Sat Apr 05 18:08:06 2014
times:4
solution is:3426.000000.       temperature is:999.810017
ans array:
30 33 37 47 27 35 22 31 44 24 11 23 13 45 46 20 4 34 3 39 28 17 2 48 41 7 32 6 21 38 5 18 14 9 16 12 49 10 42 29 43 36 1 15 19 25 40 8 50 26 
Sat Apr 05 18:08:11 2014
times:5
solution is:3393.000000.       temperature is:999.880007
ans array:
33 37 47 27 35 45 22 4 44 40 48 11 36 49 13 17 18 26 16 3 46 42 39 34 31 20 12 7 6 28 9 32 2 41 24 38 14 5 23 19 21 25 8 43 10 50 29 1 15 30 
Sat Apr 05 18:08:16 2014
times:6
solution is:3389.000000.       temperature is:999.970000
ans array:
33 37 16 47 44 31 27 13 43 21 36 45 22 11 20 48 18 50 14 3 41 49 7 24 32 38 28 1 40 34 39 23 46 6 4 35 10 17 2 12 9 25 8 42 26 29 19 5 15 30 
Sat Apr 05 18:08:21 2014
times:7
solution is:3403.000000.       temperature is:999.980000
ans array:
33 37 16 47 27 23 14 6 31 20 46 22 44 4 1 7 45 13 41 3 39 21 49 17 35 24 5 8 18 11 50 34 28 48 15 9 36 43 42 29 32 40 10 25 19 12 2 38 26 30 
Sat Apr 05 18:08:26 2014
times:8
solution is:3439.000000.       temperature is:999.810017
ans array:
30 33 40 44 47 26 31 27 23 34 45 46 4 11 10 38 35 20 16 18 48 3 39 50 28 21 42 29 22 41 8 5 14 6 36 43 1 7 24 32 13 25 17 9 2 15 19 12 37 49 
Sat Apr 05 18:08:31 2014
times:9
solution is:3405.000000.       temperature is:999.970000
ans array:
30 33 37 26 27 23 7 48 45 13 44 39 3 16 46 31 24 11 41 22 18 17 42 4 38 20 34 21 12 5 40 14 10 43 15 28 9 32 36 8 35 29 1 6 19 25 2 49 50 47 
Sat Apr 05 18:08:36 2014
times:10
solution is:3390.000000.       temperature is:999.970000
ans array:
33 37 26 47 27 23 18 39 22 17 44 34 49 4 11 13 45 21 48 20 9 41 6 24 38 40 16 46 7 3 36 14 2 50 1 28 25 42 43 8 31 12 32 35 10 29 19 5 15 30 
Sat Apr 05 18:08:41 2014
times:11
solution is:3389.000000.       temperature is:999.950001
ans array:
33 37 16 44 47 27 18 28 23 31 39 41 11 48 22 17 42 45 24 40 38 3 13 9 49 4 21 35 46 14 29 8 6 36 20 2 34 50 12 26 32 10 7 43 1 25 19 5 15 30 
Sat Apr 05 18:08:46 2014
times:12
solution is:3437.000000.       temperature is:999.980000
ans array:
30 33 37 26 47 31 27 46 35 23 40 22 24 4 48 17 45 44 39 18 5 16 28 34 32 7 20 9 38 42 29 41 3 1 43 6 10 11 14 21 8 36 15 2 12 25 19 50 13 49 
Sat Apr 05 18:08:51 2014
times:13
solution is:3423.000000.       temperature is:999.820015
ans array:
30 33 16 44 47 27 23 49 14 39 21 11 4 18 38 37 3 40 46 34 48 13 36 6 50 31 20 41 2 28 35 7 12 17 22 45 24 42 43 32 10 9 29 8 25 1 26 19 5 15 
Sat Apr 05 18:08:56 2014
times:14
solution is:3390.000000.       temperature is:999.810017
ans array:
33 37 47 27 23 35 40 38 31 45 13 7 18 22 46 44 4 11 32 39 5 34 41 21 49 16 48 8 17 14 3 28 36 43 10 12 26 9 6 24 50 2 42 25 19 29 20 1 15 30 
Sat Apr 05 18:09:01 2014
times:15
solution is:3395.000000.       temperature is:999.870008
ans array:
33 37 16 44 47 27 31 42 20 38 46 41 48 3 18 22 49 39 4 40 23 17 6 34 7 24 50 45 1 14 11 13 12 35 5 25 21 19 2 36 32 15 9 43 10 29 8 28 26 30 
Sat Apr 05 18:09:06 2014
times:16
solution is:3402.000000.       temperature is:999.970000
ans array:
30 33 16 44 47 31 27 21 13 48 22 23 34 29 39 7 45 24 38 1 18 37 4 17 3 11 2 6 9 49 36 41 40 10 20 35 28 46 5 25 42 43 32 19 15 12 14 8 50 26 
Sat Apr 05 18:09:11 2014
times:17
solution is:3393.000000.       temperature is:999.980000
ans array:
33 37 47 16 27 44 34 31 23 45 13 46 38 20 22 7 3 5 21 14 18 39 11 17 40 8 48 42 25 28 41 24 9 4 6 2 32 36 43 50 26 12 10 49 35 19 29 1 15 30 
Sat Apr 05 18:09:16 2014
times:18
solution is:3370.000000.       temperature is:999.850010
ans array:
30 33 16 44 22 27 23 14 46 38 45 20 26 39 24 6 13 21 41 48 42 11 7 43 18 36 2 28 3 35 8 17 31 34 9 49 4 12 15 50 32 1 10 25 40 19 29 37 5 47 
Sat Apr 05 18:09:21 2014
times:19
solution is:3423.000000.       temperature is:999.980000
ans array:
30 33 16 44 47 27 14 20 41 7 45 46 48 6 39 38 23 40 22 35 49 42 4 3 21 13 2 17 18 9 34 24 11 29 10 28 43 36 32 8 31 50 37 12 25 1 26 19 5 15 
Sat Apr 05 18:09:26 2014
The average run time for the algorithm is : 5.008850
The average solution for the algorithm is : 3403.450000
The maxx solution for the algorithm is : 3439.000000
The minn solution for the algorithm is : 3370.000000
