period=5.000000
Sat Apr 05 18:09:26 2014

N=50 M=10
times:0
solution is:3620.000000.       temperature is:999.820015
ans array:
10 27 17 28 8 16 13 49 31 20 44 26 47 36 1 45 25 3 9 48 21 7 18 35 24 30 43 14 34 46 4 42 40 41 23 11 22 15 29 32 50 39 6 19 38 33 5 2 12 37 
Sat Apr 05 18:09:31 2014
times:1
solution is:3658.000000.       temperature is:999.970000
ans array:
12 8 35 47 13 20 16 49 42 24 17 15 25 34 48 27 7 21 40 3 39 45 44 31 46 9 30 22 28 1 11 4 26 36 6 2 18 32 33 38 23 19 43 29 50 10 37 41 5 14 
Sat Apr 05 18:09:36 2014
times:2
solution is:3634.000000.       temperature is:999.950001
ans array:
4 17 8 13 20 49 11 50 26 28 47 32 44 31 16 25 30 34 36 3 9 1 48 6 24 12 43 33 35 42 41 46 22 37 7 23 2 39 45 19 18 40 10 27 38 21 29 15 5 14 
Sat Apr 05 18:09:41 2014
times:3
solution is:3628.000000.       temperature is:999.850010
ans array:
15 17 20 16 49 5 32 28 4 42 9 1 47 21 3 34 48 44 13 40 46 22 39 12 6 24 26 25 11 7 35 27 38 30 31 37 43 19 18 10 41 50 8 23 2 36 45 33 29 14 
Sat Apr 05 18:09:46 2014
times:4
solution is:3683.000000.       temperature is:999.930002
ans array:
4 8 44 47 46 13 20 16 49 43 14 28 34 25 31 11 30 1 24 9 42 10 3 32 27 37 7 33 26 40 17 48 15 35 22 45 18 23 2 5 38 19 39 6 50 12 41 36 21 29 
Sat Apr 05 18:09:51 2014
times:5
solution is:3642.000000.       temperature is:999.840012
ans array:
12 36 16 8 18 49 5 32 33 15 22 6 39 9 24 47 21 7 27 40 48 44 1 20 26 34 3 4 29 28 11 35 31 30 10 42 41 23 45 50 25 2 46 38 43 14 19 13 17 37 
Sat Apr 05 18:09:56 2014
times:6
solution is:3659.000000.       temperature is:999.910004
ans array:
12 10 14 16 49 17 28 25 34 1 8 39 4 6 13 26 3 24 29 30 31 20 44 9 38 18 27 33 32 11 35 43 2 21 40 48 15 47 50 41 23 36 45 19 22 37 5 7 46 42 
Sat Apr 05 18:10:01 2014
times:7
solution is:3639.000000.       temperature is:999.940001
ans array:
8 4 17 16 47 28 39 6 35 34 1 49 11 24 42 9 3 13 31 44 20 29 33 38 25 43 45 5 15 32 27 40 26 10 48 23 7 21 22 18 30 14 2 46 41 19 50 36 12 37 
Sat Apr 05 18:10:06 2014
times:8
solution is:3640.000000.       temperature is:999.930002
ans array:
11 14 49 8 13 46 20 9 22 16 47 24 29 1 28 6 39 15 10 26 31 27 34 44 4 7 18 48 25 3 19 42 43 38 23 5 32 40 35 33 2 45 36 30 41 21 12 50 17 37 
Sat Apr 05 18:10:11 2014
times:9
solution is:3645.000000.       temperature is:999.990000
ans array:
15 8 49 46 9 29 20 24 16 7 39 6 28 11 13 26 25 47 42 27 32 35 34 30 18 40 48 33 4 3 21 1 45 41 17 44 38 43 31 19 10 23 22 37 50 36 2 12 5 14 
Sat Apr 05 18:10:16 2014
times:10
solution is:3644.000000.       temperature is:999.930002
ans array:
15 17 20 46 8 16 14 49 1 13 24 48 6 41 9 28 44 47 11 42 3 22 38 50 25 33 31 30 4 10 27 34 7 19 21 23 2 26 18 36 40 32 5 45 35 43 37 12 39 29 
Sat Apr 05 18:10:21 2014
times:11
solution is:3685.000000.       temperature is:999.930002
ans array:
8 44 46 49 7 14 20 10 23 26 47 13 48 6 18 27 34 9 17 24 28 43 16 22 11 40 15 39 31 21 35 2 30 4 19 1 38 42 25 45 3 29 37 50 32 5 41 33 12 36 
Sat Apr 05 18:10:26 2014
times:12
solution is:3654.000000.       temperature is:999.810017
ans array:
11 14 49 13 21 47 28 25 26 12 31 8 1 3 48 6 33 24 27 9 7 42 46 20 45 44 39 22 15 35 32 16 43 30 34 40 10 36 23 2 18 4 41 5 19 50 38 29 17 37 
Sat Apr 05 18:10:31 2014
times:13
solution is:3645.000000.       temperature is:999.830014
ans array:
15 8 4 17 26 20 34 16 21 28 47 6 1 49 42 24 39 11 3 30 7 44 31 35 38 23 48 10 25 43 27 13 22 45 37 50 46 32 9 12 41 18 36 19 2 33 29 40 5 14 
Sat Apr 05 18:10:36 2014
times:14
solution is:3682.000000.       temperature is:999.890005
ans array:
4 8 44 47 46 49 14 28 20 17 9 18 22 35 34 25 31 24 6 1 26 15 48 33 11 43 16 32 40 27 2 10 37 3 41 5 7 23 36 30 13 45 50 38 21 19 39 12 42 29 
Sat Apr 05 18:10:41 2014
times:15
solution is:3656.000000.       temperature is:999.840012
ans array:
8 15 5 20 24 49 29 6 1 48 13 25 26 16 47 21 28 3 35 30 34 9 31 44 22 37 38 33 4 41 17 18 11 27 7 46 32 23 43 39 10 45 50 42 2 12 40 36 19 14 
Sat Apr 05 18:10:46 2014
times:16
solution is:3658.000000.       temperature is:999.830014
ans array:
15 17 8 21 49 1 47 20 9 13 11 27 31 34 35 24 29 28 10 25 41 16 42 3 40 2 19 46 32 18 39 6 23 43 37 26 38 30 45 50 12 33 36 22 4 48 44 7 5 14 
Sat Apr 05 18:10:51 2014
times:17
solution is:3619.000000.       temperature is:999.890005
ans array:
12 17 20 24 27 8 16 47 7 46 49 1 48 13 11 32 35 26 6 50 25 34 5 31 38 4 44 10 39 30 9 15 22 23 41 33 45 42 40 3 36 37 18 19 2 43 28 29 21 14 
Sat Apr 05 18:10:56 2014
times:18
solution is:3618.000000.       temperature is:999.830014
ans array:
12 17 28 8 27 31 46 24 49 6 13 16 26 47 20 48 9 1 35 7 36 11 34 25 30 40 10 23 42 15 39 37 22 2 32 44 18 3 43 33 41 4 21 29 38 19 50 45 5 14 
Sat Apr 05 18:11:01 2014
times:19
solution is:3636.000000.       temperature is:999.980000
ans array:
12 17 27 20 16 14 8 13 28 49 47 11 34 35 1 48 18 9 22 44 31 10 43 41 15 23 39 6 3 42 7 33 21 32 25 24 30 26 29 4 38 46 40 19 2 50 36 45 5 37 
Sat Apr 05 18:11:06 2014
The average run time for the algorithm is : 5.008600
The average solution for the algorithm is : 3647.250000
The maxx solution for the algorithm is : 3685.000000
The minn solution for the algorithm is : 3618.000000
