period=5.000000
Sat Apr 05 16:19:27 2014

N=50 M=20
times:0
solution is:5539.000000.       temperature is:999.930002
ans array:
12 40 31 45 14 16 38 49 35 10 30 19 24 3 17 33 6 2 43 42 27 29 28 23 7 37 5 15 22 36 1 18 48 4 46 39 9 26 20 44 32 50 11 34 25 8 41 47 21 13 
Sat Apr 05 16:19:32 2014
times:1
solution is:5408.000000.       temperature is:999.940001
ans array:
43 31 5 6 45 15 24 13 29 10 35 33 20 16 48 34 18 17 3 50 1 26 2 7 39 22 47 23 46 49 28 42 38 36 27 11 19 40 9 8 25 30 21 4 32 44 14 41 37 12 
Sat Apr 05 16:19:37 2014
times:2
solution is:5498.000000.       temperature is:999.910004
ans array:
45 14 5 28 10 41 29 35 38 20 36 12 9 33 16 23 39 4 46 49 40 21 30 8 25 1 48 17 18 11 24 15 13 22 44 19 3 26 50 7 31 32 2 37 6 43 34 27 42 47 
Sat Apr 05 16:19:43 2014
times:3
solution is:5456.000000.       temperature is:999.950001
ans array:
43 31 12 24 45 38 14 35 29 6 42 33 10 17 40 39 5 9 36 22 7 23 2 26 19 13 37 32 16 46 28 15 48 8 25 1 47 4 11 18 3 50 49 44 30 34 27 20 21 41 
Sat Apr 05 16:19:48 2014
times:4
solution is:5469.000000.       temperature is:999.960001
ans array:
43 34 45 6 39 5 47 22 38 30 21 29 10 36 46 23 35 40 42 32 28 2 17 33 7 3 49 16 50 13 4 15 8 27 19 9 26 1 12 25 11 24 14 44 48 18 20 31 37 41 
Sat Apr 05 16:19:53 2014
times:5
solution is:5468.000000.       temperature is:999.960001
ans array:
43 31 39 5 10 35 29 45 6 34 2 37 20 48 17 16 18 23 9 24 42 33 46 47 1 38 49 40 3 11 28 19 26 32 50 7 36 30 21 22 12 8 25 4 27 14 44 13 15 41 
Sat Apr 05 16:19:59 2014
times:6
solution is:5426.000000.       temperature is:999.920003
ans array:
43 34 45 39 47 10 50 29 35 8 16 5 49 24 33 28 6 15 3 7 18 22 44 40 38 17 37 1 11 23 14 42 36 12 9 46 31 48 2 19 20 26 27 4 13 32 25 30 21 41 
Sat Apr 05 16:20:04 2014
times:7
solution is:5534.000000.       temperature is:999.920003
ans array:
45 5 43 39 16 35 34 10 17 6 29 2 42 33 28 23 20 27 40 13 18 50 1 46 21 11 15 31 49 26 9 3 32 47 7 36 22 38 12 48 14 8 25 19 24 44 37 30 4 41 
Sat Apr 05 16:20:09 2014
times:8
solution is:5469.000000.       temperature is:999.960001
ans array:
12 43 34 5 6 45 10 16 13 29 33 38 39 22 26 31 17 37 48 18 8 36 35 24 2 20 7 49 40 23 42 11 3 1 44 50 32 47 46 15 9 19 28 4 14 27 21 30 25 41 
Sat Apr 05 16:20:14 2014
times:9
solution is:5421.000000.       temperature is:999.950001
ans array:
43 31 39 47 10 20 35 29 9 33 45 6 40 34 44 11 3 18 24 19 23 28 15 7 38 22 36 17 30 2 50 1 27 42 48 46 49 21 12 8 4 16 32 25 13 26 14 5 41 37 
Sat Apr 05 16:20:20 2014
times:10
solution is:5492.000000.       temperature is:999.920003
ans array:
43 41 39 45 5 10 26 35 14 29 47 9 24 17 49 38 7 3 21 48 20 8 2 12 33 4 18 22 50 31 27 15 19 28 46 36 1 40 44 11 23 30 42 6 25 32 16 13 34 37 
Sat Apr 05 16:20:25 2014
times:11
solution is:5430.000000.       temperature is:999.930002
ans array:
43 31 39 12 24 38 40 29 6 13 32 18 10 14 16 50 33 26 3 28 35 11 46 22 45 20 44 48 36 19 17 4 2 1 5 49 47 23 25 8 7 15 9 41 21 30 34 42 37 27 
Sat Apr 05 16:20:31 2014
times:12
solution is:5423.000000.       temperature is:999.980000
ans array:
43 31 41 5 39 35 45 40 10 33 12 50 30 22 21 46 1 15 28 26 7 23 8 16 49 6 18 24 29 17 38 19 36 3 9 11 44 20 48 47 32 2 4 14 25 13 34 42 37 27 
Sat Apr 05 16:20:36 2014
times:13
solution is:5459.000000.       temperature is:999.960001
ans array:
43 34 45 6 5 10 29 35 21 14 33 28 16 19 48 3 47 9 36 22 18 17 38 27 46 1 31 40 50 15 7 49 24 23 13 20 39 26 42 11 44 32 4 2 8 25 30 41 37 12 
Sat Apr 05 16:20:41 2014
times:14
solution is:5432.000000.       temperature is:999.950001
ans array:
43 31 41 21 40 10 33 47 45 9 18 35 48 20 1 16 36 22 4 3 26 17 39 49 44 27 8 34 38 46 12 23 29 15 14 5 7 28 6 50 11 32 25 19 30 24 2 42 37 13 
Sat Apr 05 16:20:46 2014
times:15
solution is:5468.000000.       temperature is:999.900004
ans array:
43 31 37 41 45 10 40 35 29 6 5 3 24 14 33 15 44 32 28 38 46 47 49 2 1 23 18 16 50 17 39 22 9 48 30 25 12 7 8 4 19 26 36 34 27 20 21 11 42 13 
Sat Apr 05 16:20:52 2014
times:16
solution is:5461.000000.       temperature is:999.950001
ans array:
43 31 47 5 10 29 14 6 15 35 21 23 11 3 19 12 36 34 38 1 33 16 32 50 2 17 37 9 18 8 28 7 26 49 40 13 27 45 46 4 39 22 25 30 44 20 24 48 42 41 
Sat Apr 05 16:20:57 2014
times:17
solution is:5502.000000.       temperature is:999.960001
ans array:
37 43 34 42 45 6 46 39 16 23 29 35 5 22 47 38 49 28 10 48 2 33 17 36 1 18 20 7 24 4 27 3 19 40 31 9 15 13 26 32 44 21 11 8 12 14 25 30 50 41 
Sat Apr 05 16:21:02 2014
times:18
solution is:5518.000000.       temperature is:999.900004
ans array:
43 31 39 47 41 10 5 42 6 40 16 32 33 34 17 9 23 29 35 36 2 50 45 1 18 46 4 3 49 27 19 14 26 37 28 7 22 44 25 30 15 13 48 8 21 11 20 12 24 38 
Sat Apr 05 16:21:08 2014
times:19
solution is:5458.000000.       temperature is:999.930002
ans array:
12 43 41 5 10 35 38 39 29 33 40 16 49 24 15 31 23 18 46 22 4 7 28 48 17 50 32 42 36 9 6 30 2 3 19 26 14 25 27 8 44 45 11 47 1 20 21 13 34 37 
Sat Apr 05 16:21:13 2014
The average run time for the algorithm is : 5.325350
The average solution for the algorithm is : 5466.550000
The maxx solution for the algorithm is : 5539.000000
The minn solution for the algorithm is : 5408.000000
