period=5.000000
Sat Apr 05 16:21:13 2014

N=50 M=20
times:0
solution is:6105.000000.       temperature is:999.960001
ans array:
17 34 20 33 10 28 45 35 36 44 29 47 38 27 1 30 21 50 32 2 41 49 22 4 25 24 31 5 43 16 48 37 40 18 13 19 15 14 9 23 3 12 39 42 6 26 11 8 46 7 
Sat Apr 05 16:21:18 2014
times:1
solution is:6031.000000.       temperature is:999.940001
ans array:
39 32 34 20 36 28 49 47 45 43 37 11 5 30 50 29 33 10 24 46 25 4 3 14 22 42 21 2 9 13 1 40 19 15 6 41 27 23 26 31 44 7 35 48 12 38 17 16 18 8 
Sat Apr 05 16:21:24 2014
times:2
solution is:6074.000000.       temperature is:999.990000
ans array:
34 20 32 36 47 31 33 28 45 29 25 22 43 16 3 14 48 38 4 26 21 35 7 15 5 41 2 9 10 17 49 1 50 30 37 6 19 44 27 13 11 46 42 12 23 40 18 8 39 24 
Sat Apr 05 16:21:29 2014
times:3
solution is:6122.000000.       temperature is:999.910004
ans array:
17 34 20 35 47 7 33 45 1 28 32 21 40 8 49 29 30 5 44 36 10 3 38 50 25 14 9 13 15 41 39 6 18 48 24 4 37 43 16 31 2 19 27 12 26 23 46 22 42 11 
Sat Apr 05 16:21:34 2014
times:4
solution is:6072.000000.       temperature is:999.960001
ans array:
32 11 22 34 10 36 45 28 29 33 24 47 5 31 40 20 37 25 49 21 1 30 26 14 16 46 3 9 2 15 48 38 43 50 23 27 41 4 35 17 6 12 13 18 8 19 42 44 39 7 
Sat Apr 05 16:21:40 2014
times:5
solution is:6049.000000.       temperature is:999.910004
ans array:
32 11 20 26 36 33 17 45 27 28 47 34 37 44 35 48 38 21 5 24 31 4 50 30 6 15 14 13 46 23 29 19 2 41 49 43 10 9 1 7 40 12 3 39 25 42 22 16 18 8 
Sat Apr 05 16:21:45 2014
times:6
solution is:6071.000000.       temperature is:999.970000
ans array:
32 11 36 49 8 46 10 2 28 15 33 35 3 25 34 9 20 1 43 45 5 30 50 37 4 48 24 18 21 40 14 47 29 13 12 6 27 19 17 16 31 26 38 23 22 41 42 44 39 7 
Sat Apr 05 16:21:50 2014
times:7
solution is:6082.000000.       temperature is:999.960001
ans array:
39 32 34 20 36 28 33 47 22 49 45 26 50 43 12 38 35 37 29 14 25 31 15 4 17 48 23 41 16 6 21 13 1 9 30 10 3 44 7 27 40 5 46 2 19 11 42 24 18 8 
Sat Apr 05 16:21:55 2014
times:8
solution is:6069.000000.       temperature is:999.920003
ans array:
39 32 34 20 36 28 10 45 47 2 13 29 33 41 50 43 31 14 4 24 49 48 46 37 5 1 21 8 9 40 30 6 15 3 44 27 11 26 38 25 19 23 12 17 42 22 35 16 18 7 
Sat Apr 05 16:22:01 2014
times:9
solution is:6072.000000.       temperature is:999.930002
ans array:
39 32 34 20 36 33 10 47 22 7 28 29 40 23 4 2 31 41 37 30 16 43 14 50 26 13 15 19 38 5 27 44 6 46 21 48 45 1 25 9 17 3 11 42 35 24 49 12 18 8 
Sat Apr 05 16:22:06 2014
times:10
solution is:6084.000000.       temperature is:999.900004
ans array:
39 32 20 40 33 28 47 45 37 43 10 23 46 26 25 30 24 5 4 15 21 14 7 49 12 50 35 13 44 29 27 17 48 16 3 38 9 31 1 6 41 2 34 18 19 36 8 22 42 11 
Sat Apr 05 16:22:12 2014
times:11
solution is:6027.000000.       temperature is:999.910004
ans array:
39 32 20 49 47 36 34 45 33 17 10 43 11 29 37 31 28 4 6 48 24 26 38 50 30 9 23 27 14 19 25 15 13 5 12 35 2 21 3 1 40 41 46 44 7 42 22 16 18 8 
Sat Apr 05 16:22:17 2014
times:12
solution is:6122.000000.       temperature is:999.950001
ans array:
32 11 1 20 37 33 17 10 45 35 34 18 8 43 15 26 40 47 24 21 25 16 46 31 48 4 23 5 50 13 49 9 14 30 3 39 29 6 28 7 44 42 22 12 36 38 27 19 2 41 
Sat Apr 05 16:22:22 2014
times:13
solution is:6119.000000.       temperature is:999.940001
ans array:
39 40 32 47 36 49 7 28 27 10 20 30 5 29 26 33 25 4 24 15 23 14 35 43 48 2 13 19 1 9 37 44 41 3 6 11 45 21 34 50 22 31 16 18 46 8 42 38 17 12 
Sat Apr 05 16:22:28 2014
times:14
solution is:6052.000000.       temperature is:999.970000
ans array:
39 32 34 20 36 33 47 29 26 45 17 1 16 48 43 15 5 37 44 27 9 49 30 24 50 41 14 38 3 31 21 2 13 19 7 35 28 4 10 40 25 11 22 42 46 23 12 6 18 8 
Sat Apr 05 16:22:33 2014
times:15
solution is:6083.000000.       temperature is:999.910004
ans array:
39 32 34 20 36 28 10 45 26 47 37 33 50 14 23 11 25 43 19 15 35 31 49 5 29 12 30 2 27 9 4 21 1 6 8 40 3 13 46 17 48 38 24 41 44 7 42 22 16 18 
Sat Apr 05 16:22:38 2014
times:16
solution is:6065.000000.       temperature is:999.930002
ans array:
39 32 34 20 36 29 31 28 38 23 22 47 27 45 40 7 1 43 15 26 25 9 5 16 35 3 10 19 48 37 24 14 21 46 30 4 13 44 50 49 6 41 42 17 11 33 2 12 18 8 
Sat Apr 05 16:22:43 2014
times:17
solution is:6111.000000.       temperature is:999.940001
ans array:
39 32 20 36 49 43 33 10 28 23 45 15 5 30 40 47 44 31 4 48 25 1 37 34 16 22 50 13 9 29 2 21 41 6 26 27 24 14 19 35 3 7 11 18 46 8 42 38 17 12 
Sat Apr 05 16:22:49 2014
times:18
solution is:6104.000000.       temperature is:999.920003
ans array:
32 11 1 20 45 33 14 17 27 10 36 47 29 34 28 5 31 16 50 48 15 25 13 46 23 37 8 12 35 38 26 9 3 30 6 4 2 19 21 22 18 43 49 7 40 41 42 44 39 24 
Sat Apr 05 16:22:54 2014
times:19
solution is:6052.000000.       temperature is:999.940001
ans array:
39 32 34 20 36 28 29 10 48 45 22 5 33 15 43 24 4 14 30 19 13 2 47 50 31 21 16 37 26 44 38 1 27 41 7 40 3 35 25 9 17 49 11 42 46 23 12 6 18 8 
Sat Apr 05 16:22:59 2014
The average run time for the algorithm is : 5.300300
The average solution for the algorithm is : 6078.300000
The maxx solution for the algorithm is : 6122.000000
The minn solution for the algorithm is : 6027.000000
