period=5.000000
Sat Apr 05 16:22:59 2014

N=50 M=20
times:0
solution is:5248.000000.       temperature is:999.920003
ans array:
10 8 16 22 26 25 24 28 37 12 35 21 38 47 1 6 33 46 48 9 29 2 4 17 31 23 32 5 3 39 34 20 7 49 14 43 30 50 41 42 19 27 36 11 15 18 40 44 45 13 
Sat Apr 05 16:23:04 2014
times:1
solution is:5189.000000.       temperature is:999.920003
ans array:
24 8 16 22 35 28 25 10 12 26 1 47 38 42 27 32 37 9 4 3 23 39 31 41 5 17 20 7 44 49 11 14 48 43 34 50 29 2 19 21 36 6 18 15 13 33 40 46 30 45 
Sat Apr 05 16:23:10 2014
times:2
solution is:5242.000000.       temperature is:999.950001
ans array:
28 35 24 27 14 46 16 29 2 25 10 47 22 1 12 37 33 44 8 21 41 5 50 34 3 32 20 49 4 30 39 9 13 40 19 31 6 23 15 36 42 7 11 26 18 43 48 17 38 45 
Sat Apr 05 16:23:15 2014
times:3
solution is:5158.000000.       temperature is:999.930002
ans array:
10 28 35 47 22 13 21 39 3 26 37 38 16 25 6 4 36 9 7 29 5 49 1 44 17 11 43 19 34 48 12 42 20 40 32 27 30 18 15 33 24 50 41 8 46 14 23 31 2 45 
Sat Apr 05 16:23:20 2014
times:4
solution is:5231.000000.       temperature is:999.930002
ans array:
10 28 35 2 29 16 33 4 38 6 1 7 8 31 21 48 43 25 32 26 22 47 3 37 13 12 19 46 11 5 39 34 49 24 14 9 20 50 41 23 17 15 42 45 44 27 36 40 18 30 
Sat Apr 05 16:23:25 2014
times:5
solution is:5136.000000.       temperature is:999.950001
ans array:
24 4 22 28 21 35 8 25 49 12 48 42 39 47 38 20 37 32 14 27 46 5 6 36 9 1 3 30 41 44 16 17 34 40 23 31 10 33 29 43 15 19 13 50 11 7 26 18 2 45 
Sat Apr 05 16:23:31 2014
times:6
solution is:5276.000000.       temperature is:999.980000
ans array:
30 4 46 10 16 25 39 28 41 21 27 35 3 37 17 36 9 6 18 24 5 15 12 1 44 11 20 29 33 38 42 19 48 49 7 14 32 43 26 8 34 22 40 31 23 50 2 45 47 13 
Sat Apr 05 16:23:36 2014
times:7
solution is:5137.000000.       temperature is:999.950001
ans array:
18 24 22 28 25 10 35 46 26 4 12 33 48 47 32 21 20 3 44 39 1 37 27 16 30 31 14 6 43 8 15 29 36 9 38 42 41 17 2 49 7 5 19 50 11 23 34 40 13 45 
Sat Apr 05 16:23:41 2014
times:8
solution is:5206.000000.       temperature is:999.910004
ans array:
24 16 10 28 45 35 27 22 14 46 47 34 3 37 32 20 36 25 50 29 39 8 38 1 4 15 11 49 43 5 12 48 6 42 26 9 2 19 31 21 23 7 30 33 41 17 18 40 44 13 
Sat Apr 05 16:23:46 2014
times:9
solution is:5220.000000.       temperature is:999.910004
ans array:
10 45 28 35 4 8 48 6 25 26 46 16 36 12 27 9 39 21 1 3 14 47 37 32 22 24 49 34 19 42 2 7 31 38 20 29 15 50 44 11 41 5 40 18 43 17 30 33 23 13 
Sat Apr 05 16:23:52 2014
times:10
solution is:5182.000000.       temperature is:999.900004
ans array:
24 28 35 6 22 45 21 8 16 25 12 4 47 15 44 1 27 36 32 11 3 41 42 5 39 37 49 31 38 50 10 34 20 7 23 18 33 17 29 46 14 43 48 19 9 13 40 26 2 30 
Sat Apr 05 16:23:57 2014
times:11
solution is:5224.000000.       temperature is:999.950001
ans array:
24 28 10 36 35 16 39 49 25 27 29 23 13 6 31 43 4 7 5 14 46 3 30 12 37 9 18 1 22 33 21 17 15 38 26 34 47 20 44 48 40 50 32 19 42 2 11 41 8 45 
Sat Apr 05 16:24:02 2014
times:12
solution is:5149.000000.       temperature is:999.970000
ans array:
24 10 28 35 26 22 29 14 46 25 27 47 6 5 11 15 36 12 21 38 1 37 13 20 32 4 9 7 16 44 41 33 8 50 39 49 48 17 43 34 18 3 19 2 42 40 30 31 23 45 
Sat Apr 05 16:24:07 2014
times:13
solution is:5179.000000.       temperature is:999.910004
ans array:
28 35 8 45 16 12 24 25 6 9 39 49 5 32 4 36 34 20 27 48 42 47 7 1 46 14 29 3 44 15 22 26 37 33 43 17 21 10 18 19 50 11 38 41 31 23 40 13 2 30 
Sat Apr 05 16:24:12 2014
times:14
solution is:5173.000000.       temperature is:999.940001
ans array:
24 48 16 39 28 35 49 10 25 27 14 23 43 11 42 7 29 31 40 44 37 22 12 34 32 20 9 4 5 18 3 36 6 1 19 17 38 33 21 15 41 13 50 47 46 30 45 8 26 2 
Sat Apr 05 16:24:18 2014
times:15
solution is:5157.000000.       temperature is:999.930002
ans array:
10 28 41 8 16 22 12 35 25 38 17 45 46 14 32 37 4 21 20 31 3 29 26 24 44 11 33 48 39 1 27 49 43 5 6 36 15 34 47 50 30 9 2 19 42 7 18 40 13 23 
Sat Apr 05 16:24:23 2014
times:16
solution is:5300.000000.       temperature is:999.950001
ans array:
8 10 13 40 35 39 16 7 6 11 41 5 22 26 46 29 24 14 12 15 32 18 25 4 3 17 36 37 44 20 1 9 50 38 33 21 34 47 49 19 23 42 43 48 27 30 31 2 45 28 
Sat Apr 05 16:24:28 2014
times:17
solution is:5139.000000.       temperature is:999.900004
ans array:
24 35 27 28 10 41 5 6 14 8 46 25 23 37 22 31 38 3 18 50 1 4 12 33 32 34 21 19 2 29 9 17 43 30 20 48 44 47 15 42 39 49 40 16 7 13 36 26 11 45 
Sat Apr 05 16:24:33 2014
times:18
solution is:5187.000000.       temperature is:999.900004
ans array:
24 10 16 25 8 22 35 23 12 14 44 31 27 47 9 29 42 39 4 37 20 1 46 30 3 33 49 7 48 26 32 43 11 34 40 50 21 13 19 5 38 15 6 17 36 45 2 18 41 28 
Sat Apr 05 16:24:38 2014
times:19
solution is:5263.000000.       temperature is:999.930002
ans array:
28 10 36 35 16 6 7 26 4 31 5 39 49 27 13 38 25 11 20 12 29 15 8 46 14 32 3 45 2 22 9 37 47 34 21 19 18 43 30 17 1 24 50 48 44 33 40 42 41 23 
Sat Apr 05 16:24:44 2014
The average run time for the algorithm is : 5.232000
The average solution for the algorithm is : 5199.800000
The maxx solution for the algorithm is : 5300.000000
The minn solution for the algorithm is : 5136.000000
