period=5.000000
Sat Apr 05 16:24:44 2014

N=50 M=20
times:0
solution is:5695.000000.       temperature is:999.930002
ans array:
44 30 1 47 38 33 37 39 8 14 45 17 26 13 25 21 34 15 20 35 19 31 27 32 12 11 24 6 16 7 50 43 46 29 4 3 10 36 5 48 28 42 22 18 9 49 2 40 23 41 
Sat Apr 05 16:24:49 2014
times:1
solution is:5726.000000.       temperature is:999.940001
ans array:
44 30 1 25 37 14 43 16 13 19 38 24 11 21 32 8 33 29 31 47 20 50 12 27 39 17 22 3 6 46 10 26 35 15 36 4 18 42 7 40 28 48 5 45 49 9 2 41 34 23 
Sat Apr 05 16:24:54 2014
times:2
solution is:5640.000000.       temperature is:999.930002
ans array:
44 30 35 47 20 39 21 38 14 49 11 8 9 50 43 19 24 29 3 17 12 16 32 28 48 36 10 37 31 46 25 33 15 26 45 13 5 27 6 7 42 40 18 23 34 41 4 2 22 1 
Sat Apr 05 16:25:00 2014
times:3
solution is:5648.000000.       temperature is:999.900004
ans array:
44 30 35 8 20 39 14 21 36 49 11 37 32 10 38 43 16 45 12 26 3 24 7 48 13 25 18 34 42 5 17 29 19 40 46 6 31 47 27 50 15 28 23 33 9 41 4 2 22 1 
Sat Apr 05 16:25:05 2014
times:4
solution is:5665.000000.       temperature is:999.940001
ans array:
36 44 30 47 39 14 16 13 24 34 20 38 49 45 18 8 35 17 37 25 43 3 50 15 7 32 42 23 10 21 46 28 19 11 5 29 27 31 26 6 12 48 33 40 9 41 4 2 22 1 
Sat Apr 05 16:25:10 2014
times:5
solution is:5736.000000.       temperature is:999.910004
ans array:
1 37 14 38 25 36 20 44 2 16 43 32 24 47 22 29 46 6 5 8 18 27 33 45 12 13 48 7 28 31 35 11 49 41 15 34 3 19 17 21 42 26 9 40 10 39 4 50 23 30 
Sat Apr 05 16:25:16 2014
times:6
solution is:5740.000000.       temperature is:999.910004
ans array:
44 30 1 47 20 31 33 9 25 8 21 50 46 24 2 28 18 38 49 12 11 16 32 26 36 40 41 48 29 19 17 27 3 5 43 35 42 4 15 39 6 10 34 13 22 7 45 14 37 23 
Sat Apr 05 16:25:21 2014
times:7
solution is:5737.000000.       temperature is:999.920003
ans array:
44 1 50 30 20 21 24 14 47 39 36 29 19 26 28 18 5 43 10 16 8 38 4 37 11 13 27 31 17 25 40 46 33 32 12 6 48 7 34 42 3 15 41 35 23 45 22 2 49 9 
Sat Apr 05 16:25:26 2014
times:8
solution is:5671.000000.       temperature is:999.920003
ans array:
36 30 21 47 20 31 25 37 6 38 11 28 5 26 14 34 29 32 12 48 44 16 50 8 18 15 9 41 13 19 17 35 33 40 7 43 42 3 24 4 27 2 10 39 49 46 23 45 22 1 
Sat Apr 05 16:25:32 2014
times:9
solution is:5654.000000.       temperature is:999.950001
ans array:
36 9 14 43 30 19 38 35 8 20 6 33 31 40 5 11 25 21 12 26 29 24 47 13 45 37 16 17 3 27 28 32 44 49 23 10 46 15 48 18 42 7 50 39 34 41 4 2 22 1 
Sat Apr 05 16:25:37 2014
times:10
solution is:5774.000000.       temperature is:999.920003
ans array:
1 37 14 38 44 47 20 5 13 33 36 8 16 24 9 25 3 45 12 27 17 28 46 31 41 48 19 6 11 18 50 15 4 26 29 43 22 32 2 21 42 49 39 10 23 35 40 34 7 30 
Sat Apr 05 16:25:42 2014
times:11
solution is:5738.000000.       temperature is:999.960001
ans array:
41 47 44 30 34 14 38 20 39 4 17 25 21 11 24 13 15 2 29 16 8 46 19 43 6 27 3 42 33 32 36 49 22 40 12 31 10 26 18 9 28 50 7 35 5 23 45 37 48 1 
Sat Apr 05 16:25:48 2014
times:12
solution is:5654.000000.       temperature is:999.910004
ans array:
44 30 39 14 47 37 8 4 50 36 25 28 19 21 11 33 32 12 29 24 5 20 13 18 17 26 27 38 16 10 43 46 31 6 22 3 45 7 42 35 15 41 23 49 9 40 2 34 48 1 
Sat Apr 05 16:25:53 2014
times:13
solution is:5730.000000.       temperature is:999.990000
ans array:
44 1 7 35 37 43 25 49 20 39 38 6 21 16 11 28 33 24 13 45 32 8 5 36 14 2 15 26 29 18 46 27 12 10 42 17 48 3 31 19 41 9 50 22 23 4 40 47 34 30 
Sat Apr 05 16:25:59 2014
times:14
solution is:5736.000000.       temperature is:999.910004
ans array:
44 1 30 25 37 47 38 50 39 2 8 29 32 21 22 43 20 17 26 4 18 33 11 41 24 16 19 45 13 46 6 15 49 36 27 23 5 42 3 48 28 34 10 12 31 35 7 40 9 14 
Sat Apr 05 16:26:04 2014
times:15
solution is:5713.000000.       temperature is:999.920003
ans array:
44 30 38 39 49 9 47 42 16 14 43 11 34 5 3 36 48 8 4 50 27 18 22 41 13 10 15 46 23 32 26 12 33 40 24 25 31 28 7 45 19 6 17 37 2 21 20 29 35 1 
Sat Apr 05 16:26:09 2014
times:16
solution is:5642.000000.       temperature is:999.930002
ans array:
44 30 35 8 20 39 14 4 16 38 25 29 43 19 24 47 21 37 11 6 12 13 17 31 33 28 26 36 10 34 48 50 15 41 18 32 42 22 3 46 7 27 40 23 45 5 2 49 9 1 
Sat Apr 05 16:26:15 2014
times:17
solution is:5703.000000.       temperature is:999.950001
ans array:
36 23 34 14 8 43 48 38 45 47 35 20 32 49 39 27 46 16 42 33 3 5 11 29 24 13 15 6 26 21 12 25 40 7 18 31 17 44 28 10 2 41 37 9 19 50 4 30 22 1 
Sat Apr 05 16:26:20 2014
times:18
solution is:5667.000000.       temperature is:999.900004
ans array:
44 30 35 8 20 39 17 45 26 16 38 37 10 36 41 34 13 43 19 6 33 11 25 32 5 47 50 18 31 28 15 27 23 12 14 24 3 46 7 49 21 29 4 9 42 48 40 2 22 1 
Sat Apr 05 16:26:25 2014
times:19
solution is:5669.000000.       temperature is:999.920003
ans array:
44 30 38 39 14 25 37 47 31 8 9 50 48 43 16 5 46 32 11 10 18 42 49 3 13 33 28 15 21 26 7 27 6 35 29 19 34 45 17 24 20 12 23 41 36 40 4 22 2 1 
Sat Apr 05 16:26:31 2014
The average run time for the algorithm is : 5.347050
The average solution for the algorithm is : 5696.900000
The maxx solution for the algorithm is : 5774.000000
The minn solution for the algorithm is : 5640.000000
