period=5.000000
Sat Apr 05 16:26:31 2014

N=50 M=20
times:0
solution is:5242.000000.       temperature is:999.910004
ans array:
9 43 21 29 49 4 30 32 47 19 35 2 50 28 20 27 40 31 18 34 45 23 25 39 11 10 13 12 8 33 22 6 3 26 36 16 42 5 44 41 15 1 14 17 38 7 46 37 24 48 
Sat Apr 05 16:26:36 2014
times:1
solution is:5217.000000.       temperature is:999.910004
ans array:
40 35 24 12 9 5 21 25 4 19 45 20 8 47 18 22 33 10 48 28 2 50 7 44 27 14 43 16 31 26 37 39 41 15 46 1 6 49 13 17 34 32 42 11 30 3 38 23 29 36 
Sat Apr 05 16:26:41 2014
times:2
solution is:5301.000000.       temperature is:999.900004
ans array:
9 35 36 25 32 47 48 4 24 8 3 20 45 12 49 13 21 39 10 16 19 29 2 30 34 27 7 40 42 15 50 31 44 41 17 1 26 46 43 33 18 23 28 11 22 37 6 14 5 38 
Sat Apr 05 16:26:46 2014
times:3
solution is:5249.000000.       temperature is:999.930002
ans array:
21 48 4 2 28 50 32 47 46 9 27 43 20 30 3 45 18 37 22 31 40 44 49 13 6 5 23 12 10 15 41 38 7 33 11 36 19 24 8 39 14 35 16 26 1 17 34 42 29 25 
Sat Apr 05 16:26:52 2014
times:4
solution is:5197.000000.       temperature is:999.970000
ans array:
25 48 24 32 34 5 40 27 26 20 45 29 2 23 4 10 50 47 19 35 33 44 49 7 28 31 16 38 13 43 39 6 14 41 18 8 15 1 46 9 42 21 37 30 3 22 11 17 12 36 
Sat Apr 05 16:26:57 2014
times:5
solution is:5261.000000.       temperature is:999.920003
ans array:
9 35 36 21 48 4 23 50 20 26 40 24 12 19 5 34 42 18 13 47 17 33 30 31 44 27 45 25 41 37 2 10 14 8 49 28 15 1 29 7 46 11 16 39 22 43 6 32 3 38 
Sat Apr 05 16:27:02 2014
times:6
solution is:5145.000000.       temperature is:999.940001
ans array:
48 35 24 9 27 21 45 50 31 40 4 32 41 47 17 25 28 2 43 19 18 42 6 23 29 30 33 13 49 39 37 14 20 26 46 16 12 15 5 11 10 22 1 34 44 8 3 38 7 36 
Sat Apr 05 16:27:08 2014
times:7
solution is:5307.000000.       temperature is:999.930002
ans array:
34 5 23 27 9 43 4 30 21 42 26 29 33 41 24 22 44 25 35 16 20 49 17 28 40 31 18 32 50 36 45 15 10 48 19 12 11 2 47 13 39 14 37 6 8 3 38 7 46 1 
Sat Apr 05 16:27:13 2014
times:8
solution is:5219.000000.       temperature is:999.900004
ans array:
9 43 27 21 8 4 47 18 28 42 29 39 34 45 16 40 35 2 6 19 7 46 41 31 36 38 20 5 22 25 32 13 33 49 10 26 14 50 15 30 11 12 1 17 3 44 23 37 24 48 
Sat Apr 05 16:27:18 2014
times:9
solution is:5268.000000.       temperature is:999.910004
ans array:
21 48 4 36 39 28 26 30 35 20 44 43 2 22 5 23 33 27 18 45 10 19 47 25 34 50 14 7 49 40 31 16 8 12 29 11 13 15 32 6 1 46 41 3 42 17 38 37 24 9 
Sat Apr 05 16:27:23 2014
times:10
solution is:5112.000000.       temperature is:999.900004
ans array:
25 48 35 32 24 47 46 30 50 45 27 9 4 33 29 34 42 2 31 10 41 22 39 28 40 18 12 43 6 20 23 11 13 49 15 17 38 19 16 8 21 26 37 3 14 5 44 7 36 1 
Sat Apr 05 16:27:29 2014
times:11
solution is:5220.000000.       temperature is:999.900004
ans array:
21 48 50 23 34 45 8 40 2 15 17 44 42 27 37 30 20 33 9 39 22 47 4 49 18 19 16 28 35 43 24 26 41 36 11 10 14 31 5 32 6 13 38 3 7 46 12 29 1 25 
Sat Apr 05 16:27:34 2014
times:12
solution is:5201.000000.       temperature is:999.900004
ans array:
25 48 4 17 34 7 40 24 2 42 28 35 47 27 10 9 12 43 18 22 5 33 19 23 49 20 16 15 41 38 37 6 31 46 45 44 13 21 50 11 14 8 26 36 39 30 3 32 29 1 
Sat Apr 05 16:27:39 2014
times:13
solution is:5263.000000.       temperature is:999.920003
ans array:
48 9 35 23 36 25 49 45 27 18 28 10 42 47 39 31 37 6 20 34 4 41 11 22 3 24 13 12 17 33 8 1 7 15 16 19 38 29 2 32 30 14 5 50 40 26 46 44 21 43 
Sat Apr 05 16:27:44 2014
times:14
solution is:5248.000000.       temperature is:999.910004
ans array:
21 48 17 30 28 35 24 27 45 32 25 40 2 23 20 50 47 4 42 37 3 12 18 13 46 33 7 44 31 41 36 16 49 15 19 38 39 10 43 34 6 22 5 1 26 11 14 8 9 29 
Sat Apr 05 16:27:50 2014
times:15
solution is:5159.000000.       temperature is:999.910004
ans array:
25 49 32 30 23 4 5 17 34 47 40 2 13 3 12 42 27 43 20 18 28 45 9 35 6 50 22 31 33 19 41 1 11 7 15 39 16 46 29 38 10 26 14 8 21 37 44 24 48 36 
Sat Apr 05 16:27:55 2014
times:16
solution is:5225.000000.       temperature is:999.930002
ans array:
48 35 24 36 25 39 27 45 12 28 50 7 20 3 32 49 30 37 31 19 47 4 16 18 8 33 22 40 11 2 15 10 46 41 14 17 1 9 34 26 42 5 13 21 44 29 6 23 43 38 
Sat Apr 05 16:28:00 2014
times:17
solution is:5119.000000.       temperature is:999.950001
ans array:
25 48 35 23 30 27 50 24 33 4 47 19 49 32 45 18 28 29 2 13 3 6 37 40 31 12 42 41 39 15 44 43 10 38 34 11 16 22 17 14 5 26 20 9 46 7 1 8 21 36 
Sat Apr 05 16:28:05 2014
times:18
solution is:5198.000000.       temperature is:999.900004
ans array:
25 48 24 12 5 22 28 40 18 35 45 23 47 20 32 6 29 27 2 19 50 34 33 7 4 49 31 10 41 44 8 36 26 11 13 21 14 17 16 46 42 15 37 3 1 38 39 30 43 9 
Sat Apr 05 16:28:11 2014
times:19
solution is:5248.000000.       temperature is:999.900004
ans array:
9 40 4 27 23 5 34 50 47 32 48 24 14 42 31 41 18 36 33 43 30 45 38 19 6 7 20 8 3 13 2 15 49 29 10 12 44 28 17 35 1 16 11 26 39 22 21 37 46 25 
Sat Apr 05 16:28:16 2014
The average run time for the algorithm is : 5.268400
The average solution for the algorithm is : 5219.950000
The maxx solution for the algorithm is : 5307.000000
The minn solution for the algorithm is : 5112.000000
