period=5.000000
Sat Apr 05 16:28:16 2014

N=50 M=20
times:0
solution is:5749.000000.       temperature is:999.950001
ans array:
22 8 13 29 40 14 43 11 34 3 50 5 20 46 16 31 47 41 48 24 39 44 10 36 15 19 17 32 18 7 9 28 30 37 26 35 6 25 38 4 49 23 12 27 1 2 21 42 33 45 
Sat Apr 05 16:28:22 2014
times:1
solution is:5645.000000.       temperature is:999.990000
ans array:
21 11 48 14 23 8 37 38 41 20 32 45 34 3 50 10 46 18 17 40 49 28 13 47 33 43 1 9 36 26 27 7 35 30 12 6 15 25 39 16 31 4 5 42 24 2 44 19 22 29 
Sat Apr 05 16:28:27 2014
times:2
solution is:5678.000000.       temperature is:1000.000000
ans array:
22 11 48 8 3 50 14 45 40 4 10 17 7 31 28 32 9 39 18 46 37 19 20 41 13 44 49 16 1 36 26 27 23 2 47 24 6 43 35 5 33 38 25 15 12 30 21 42 34 29 
Sat Apr 05 16:28:32 2014
times:3
solution is:5707.000000.       temperature is:999.940001
ans array:
29 8 27 11 1 41 3 40 4 14 45 50 49 20 10 47 17 31 24 32 19 13 43 33 46 30 5 28 35 42 6 23 37 36 39 16 7 26 18 25 44 2 38 34 15 9 12 21 48 22 
Sat Apr 05 16:28:38 2014
times:4
solution is:5677.000000.       temperature is:999.920003
ans array:
21 8 11 14 48 40 50 41 3 33 9 32 10 47 1 26 16 20 23 7 43 36 35 5 44 37 6 25 24 46 31 28 13 2 39 30 17 34 19 18 27 38 29 49 42 12 4 22 15 45 
Sat Apr 05 16:28:43 2014
times:5
solution is:5639.000000.       temperature is:999.900004
ans array:
22 11 14 48 8 40 31 47 45 50 5 3 28 16 23 20 10 17 15 46 35 37 41 33 2 38 27 18 1 36 43 34 32 6 26 13 49 24 25 19 30 42 7 12 4 9 44 39 21 29 
Sat Apr 05 16:28:48 2014
times:6
solution is:5726.000000.       temperature is:999.970000
ans array:
45 48 8 11 43 3 50 28 38 21 14 20 13 9 40 32 4 6 22 26 41 39 37 46 30 34 5 47 19 2 49 23 10 27 17 24 18 35 16 44 1 36 31 25 12 42 29 33 15 7 
Sat Apr 05 16:28:54 2014
times:7
solution is:5645.000000.       temperature is:999.980000
ans array:
21 11 8 14 48 50 19 31 47 5 22 3 28 23 32 16 37 36 46 10 38 20 13 43 9 27 45 7 17 34 2 1 26 49 33 40 18 25 30 42 6 4 35 12 15 41 24 44 39 29 
Sat Apr 05 16:28:59 2014
times:8
solution is:5626.000000.       temperature is:999.950001
ans array:
22 11 14 48 8 38 40 50 10 16 46 47 28 33 18 9 32 3 5 37 45 13 39 17 36 43 27 4 2 35 26 7 25 30 6 23 44 41 42 31 12 24 34 20 49 1 19 15 21 29 
Sat Apr 05 16:29:05 2014
times:9
solution is:5627.000000.       temperature is:1000.000000
ans array:
22 8 11 48 38 47 50 33 17 14 27 46 40 20 23 43 16 4 6 10 36 1 5 13 26 37 32 3 19 31 25 28 7 9 2 15 45 18 24 35 30 49 34 42 12 21 41 44 39 29 
Sat Apr 05 16:29:10 2014
times:10
solution is:5676.000000.       temperature is:999.940001
ans array:
29 8 48 11 33 40 35 50 14 46 32 37 28 36 16 20 9 21 10 23 5 13 43 47 39 41 3 7 44 49 17 27 31 2 30 1 18 45 6 4 24 42 38 26 34 12 25 15 19 22 
Sat Apr 05 16:29:16 2014
times:11
solution is:5722.000000.       temperature is:999.960001
ans array:
29 48 8 40 32 14 11 38 18 50 3 9 41 33 20 22 46 28 36 26 39 13 1 43 37 35 27 17 5 10 49 2 23 47 16 7 31 44 4 6 45 34 30 42 24 19 12 25 15 21 
Sat Apr 05 16:29:21 2014
times:12
solution is:5627.000000.       temperature is:999.970000
ans array:
21 14 48 11 24 47 46 8 39 20 1 36 50 43 32 49 13 19 26 28 23 37 45 25 18 16 4 38 31 5 10 42 6 41 3 27 17 9 35 44 7 2 33 30 40 12 34 22 15 29 
Sat Apr 05 16:29:26 2014
times:13
solution is:5625.000000.       temperature is:999.950001
ans array:
21 48 11 40 14 46 50 9 32 45 8 37 16 3 47 28 19 38 43 34 10 23 17 18 49 13 30 24 25 2 6 31 35 44 5 20 41 39 36 27 1 4 12 26 42 7 33 22 15 29 
Sat Apr 05 16:29:32 2014
times:14
solution is:5676.000000.       temperature is:999.980000
ans array:
29 8 48 11 24 50 40 43 14 47 32 45 34 3 7 37 31 46 26 1 36 28 33 10 5 42 4 18 20 17 39 38 6 27 23 35 49 30 16 41 9 2 44 13 21 12 25 15 19 22 
Sat Apr 05 16:29:37 2014
times:15
solution is:5635.000000.       temperature is:999.930002
ans array:
22 11 48 50 8 14 39 1 36 10 16 41 45 31 13 3 26 34 24 46 28 38 44 9 20 32 19 23 6 30 43 5 47 4 49 27 17 40 15 2 35 18 12 37 7 25 33 42 21 29 
Sat Apr 05 16:29:43 2014
times:16
solution is:5677.000000.       temperature is:999.970000
ans array:
45 48 11 8 28 40 50 43 16 3 46 47 37 32 20 13 39 36 5 17 27 1 23 41 44 4 49 31 6 18 35 24 9 10 38 30 29 34 7 26 14 2 33 42 21 25 15 12 19 22 
Sat Apr 05 16:29:48 2014
times:17
solution is:5683.000000.       temperature is:999.910004
ans array:
45 48 11 8 50 19 37 32 41 23 20 13 1 3 31 16 40 46 26 43 28 35 33 5 27 47 6 39 36 14 24 18 10 17 9 49 4 44 7 21 2 42 25 30 38 34 22 29 15 12 
Sat Apr 05 16:29:54 2014
times:18
solution is:5722.000000.       temperature is:999.990000
ans array:
45 48 8 19 11 22 50 14 41 20 31 26 13 28 39 46 16 40 37 29 32 3 23 10 17 43 44 5 6 27 36 35 24 47 25 38 30 42 12 4 2 1 18 33 9 7 49 34 15 21 
Sat Apr 05 16:29:59 2014
times:19
solution is:5607.000000.       temperature is:999.970000
ans array:
22 11 48 50 8 14 41 31 19 39 16 23 3 6 28 32 47 27 5 26 37 24 13 45 43 46 38 10 35 36 42 20 49 18 1 4 33 17 2 30 7 9 25 15 12 34 44 40 21 29 
Sat Apr 05 16:30:04 2014
The average run time for the algorithm is : 5.420050
The average solution for the algorithm is : 5668.450000
The maxx solution for the algorithm is : 5749.000000
The minn solution for the algorithm is : 5607.000000
