period=5.000000
Sat Apr 05 16:30:04 2014

N=50 M=20
times:0
solution is:5751.000000.       temperature is:999.940001
ans array:
15 27 38 25 4 29 8 5 33 44 32 3 14 26 28 11 22 21 19 35 31 48 1 43 30 2 47 50 40 20 7 46 39 10 9 42 49 24 23 41 18 37 45 12 34 13 16 17 36 6 
Sat Apr 05 16:30:10 2014
times:1
solution is:5669.000000.       temperature is:999.920003
ans array:
15 11 5 23 17 25 29 4 8 19 37 14 20 27 30 33 34 46 13 12 41 31 35 10 48 7 38 36 1 45 9 44 6 40 28 42 32 16 50 18 24 39 49 47 2 3 26 22 43 21 
Sat Apr 05 16:30:15 2014
times:2
solution is:5673.000000.       temperature is:999.910004
ans array:
15 19 16 27 36 25 4 31 8 21 7 23 45 2 13 20 12 38 14 30 11 46 1 10 22 37 44 6 48 32 47 50 18 24 35 40 49 28 42 41 29 17 26 9 39 33 34 3 43 5 
Sat Apr 05 16:30:20 2014
times:3
solution is:5712.000000.       temperature is:999.920003
ans array:
15 27 25 20 3 38 29 28 11 33 46 47 12 48 8 1 14 35 26 37 31 39 10 7 50 5 6 2 16 24 4 34 44 30 36 18 13 32 41 9 40 49 19 17 45 42 23 22 43 21 
Sat Apr 05 16:30:26 2014
times:4
solution is:5660.000000.       temperature is:999.920003
ans array:
15 11 5 38 27 17 29 33 6 4 19 44 2 3 8 46 10 49 9 32 13 18 30 14 40 45 39 34 24 31 1 12 50 48 47 20 42 28 26 41 37 25 35 23 7 36 16 22 43 21 
Sat Apr 05 16:30:31 2014
times:5
solution is:5651.000000.       temperature is:999.910004
ans array:
15 11 5 23 17 25 29 8 27 3 2 38 4 14 46 26 19 30 7 31 32 41 45 47 40 20 50 33 48 44 9 39 13 49 37 18 24 10 6 35 42 28 1 34 12 36 16 22 43 21 
Sat Apr 05 16:30:36 2014
times:6
solution is:5720.000000.       temperature is:999.980000
ans array:
15 38 27 25 33 29 5 8 34 1 21 3 44 48 46 32 30 47 4 39 24 20 37 35 28 31 2 49 11 41 22 40 18 50 26 9 13 14 42 23 12 45 19 6 10 7 36 16 43 17 
Sat Apr 05 16:30:41 2014
times:7
solution is:5708.000000.       temperature is:999.950001
ans array:
15 19 22 21 4 8 27 3 24 11 37 46 23 7 29 20 14 44 39 33 32 45 30 41 38 9 1 31 35 48 6 50 34 10 28 12 13 25 40 26 47 49 18 42 36 2 5 16 43 17 
Sat Apr 05 16:30:47 2014
times:8
solution is:5691.000000.       temperature is:999.930002
ans array:
15 19 45 23 17 3 4 42 7 44 38 27 48 25 33 14 8 29 20 24 41 37 28 9 13 46 32 12 36 26 40 47 30 34 18 50 11 22 1 31 35 49 21 10 16 39 2 6 43 5 
Sat Apr 05 16:30:52 2014
times:9
solution is:5739.000000.       temperature is:999.970000
ans array:
15 19 9 3 8 2 29 33 11 46 6 24 5 4 38 44 22 26 48 27 12 23 13 34 35 14 42 41 45 40 28 18 7 37 31 20 50 32 16 30 25 39 47 10 49 21 1 36 43 17 
Sat Apr 05 16:30:57 2014
times:10
solution is:5678.000000.       temperature is:999.900004
ans array:
15 19 16 27 36 17 2 4 38 33 7 29 8 32 30 11 14 12 23 20 48 22 25 6 49 40 44 46 21 31 47 41 24 26 13 45 50 28 35 18 42 10 37 34 1 39 9 3 43 5 
Sat Apr 05 16:31:03 2014
times:11
solution is:5669.000000.       temperature is:999.920003
ans array:
15 38 27 5 29 8 19 45 1 13 30 23 4 34 25 12 11 20 3 44 31 50 47 26 49 33 46 39 48 28 32 9 42 18 24 41 40 35 36 37 6 7 10 17 14 2 16 22 43 21 
Sat Apr 05 16:31:08 2014
times:12
solution is:5738.000000.       temperature is:999.900004
ans array:
16 27 38 25 4 17 23 12 37 48 8 20 33 3 44 19 7 11 32 47 36 5 30 26 13 46 28 35 2 42 14 34 31 45 1 10 39 49 24 41 40 9 6 50 18 29 15 22 43 21 
Sat Apr 05 16:31:14 2014
times:13
solution is:5651.000000.       temperature is:999.950001
ans array:
15 11 5 38 27 29 25 44 33 14 4 3 8 32 28 37 9 46 48 19 20 13 34 23 12 45 30 41 17 31 42 26 1 47 6 50 18 2 40 49 39 24 35 10 7 36 16 22 43 21 
Sat Apr 05 16:31:19 2014
times:14
solution is:5692.000000.       temperature is:999.960001
ans array:
15 19 22 29 11 4 38 28 17 1 37 31 25 42 27 20 3 44 7 48 23 12 6 10 46 14 34 49 33 32 35 8 13 9 41 40 18 24 30 26 39 50 16 47 2 36 45 5 43 21 
Sat Apr 05 16:31:24 2014
times:15
solution is:5700.000000.       temperature is:999.960001
ans array:
15 25 27 3 29 8 2 33 44 4 11 38 47 45 24 46 41 12 28 49 42 14 31 32 48 37 6 20 23 30 17 18 40 7 34 50 9 13 26 19 22 10 39 16 21 35 1 36 43 5 
Sat Apr 05 16:31:30 2014
times:16
solution is:5725.000000.       temperature is:999.970000
ans array:
15 27 5 21 49 42 11 19 16 4 25 48 20 30 26 17 28 24 46 41 36 32 37 47 31 35 2 50 34 6 14 23 12 29 22 40 7 18 8 10 3 45 13 1 38 39 44 9 33 43 
Sat Apr 05 16:31:35 2014
times:17
solution is:5760.000000.       temperature is:999.970000
ans array:
15 27 38 25 33 17 3 24 29 11 28 14 4 42 6 1 13 44 8 9 10 20 31 46 7 19 26 35 41 5 50 48 45 12 23 34 32 47 30 40 16 49 21 18 37 2 36 43 22 39 
Sat Apr 05 16:31:40 2014
times:18
solution is:5727.000000.       temperature is:999.900004
ans array:
15 38 27 25 33 29 4 3 21 8 17 11 18 48 46 23 9 24 41 14 30 37 34 45 6 10 7 50 12 36 28 32 44 47 35 40 1 31 39 20 49 19 42 13 26 22 2 16 5 43 
Sat Apr 05 16:31:46 2014
times:19
solution is:5723.000000.       temperature is:999.930002
ans array:
15 38 27 21 17 1 29 3 8 11 20 19 4 45 41 31 32 7 30 39 24 35 48 46 23 37 22 14 12 49 40 28 34 42 47 2 50 10 18 26 13 25 16 36 5 6 44 9 33 43 
Sat Apr 05 16:31:51 2014
The average run time for the algorithm is : 5.333750
The average solution for the algorithm is : 5701.850000
The maxx solution for the algorithm is : 5760.000000
The minn solution for the algorithm is : 5651.000000
