period=5.000000
Sat Apr 05 16:31:51 2014

N=50 M=20
times:0
solution is:5500.000000.       temperature is:999.900004
ans array:
31 32 12 46 37 13 18 43 39 10 28 6 9 27 5 1 20 47 4 40 16 41 44 50 33 21 35 24 26 48 45 30 17 25 22 14 49 8 11 38 42 23 36 34 15 7 3 19 29 2 
Sat Apr 05 16:31:56 2014
times:1
solution is:5445.000000.       temperature is:999.900004
ans array:
13 19 1 28 2 4 26 32 18 20 10 17 11 38 24 12 43 39 46 47 30 9 49 37 33 36 25 31 29 8 40 35 7 27 48 15 44 16 22 14 45 6 41 50 21 42 5 3 34 23 
Sat Apr 05 16:32:02 2014
times:2
solution is:5514.000000.       temperature is:999.910004
ans array:
2 1 19 34 31 32 48 12 36 25 30 33 42 20 4 26 17 39 41 40 44 43 14 21 10 50 5 46 24 9 49 47 15 27 6 16 18 11 38 8 35 45 37 28 7 22 3 29 13 23 
Sat Apr 05 16:32:07 2014
times:3
solution is:5525.000000.       temperature is:999.960001
ans array:
3 13 34 11 12 30 32 35 7 46 47 24 31 18 16 33 20 17 8 45 38 26 27 10 4 6 9 28 48 50 23 41 39 40 14 49 25 36 15 42 22 21 37 44 43 29 1 5 19 2 
Sat Apr 05 16:32:12 2014
times:4
solution is:5497.000000.       temperature is:999.950001
ans array:
13 3 11 34 42 26 31 24 32 4 39 48 8 47 7 28 9 38 6 27 35 41 49 10 15 36 30 23 46 45 14 18 20 21 33 50 44 25 16 37 17 40 12 22 43 29 1 5 19 2 
Sat Apr 05 16:32:17 2014
times:5
solution is:5529.000000.       temperature is:999.900004
ans array:
13 2 11 1 38 32 29 31 48 33 19 43 24 20 6 28 4 9 47 14 10 40 17 7 37 35 27 49 30 22 12 45 16 18 26 15 50 25 36 21 8 39 44 41 34 46 23 42 5 3 
Sat Apr 05 16:32:23 2014
times:6
solution is:5431.000000.       temperature is:999.910004
ans array:
7 1 19 28 2 4 26 10 25 36 38 30 46 12 27 32 41 39 18 5 47 14 9 33 6 21 35 8 48 11 20 49 45 50 40 16 24 17 44 37 29 43 31 22 15 3 13 42 34 23 
Sat Apr 05 16:32:28 2014
times:7
solution is:5632.000000.       temperature is:1000.000000
ans array:
29 2 19 6 27 48 34 3 24 7 35 10 20 21 42 39 26 38 9 37 40 47 17 33 4 5 45 1 32 36 25 30 49 8 11 14 18 16 13 22 12 43 50 44 41 15 46 23 28 31 
Sat Apr 05 16:32:33 2014
times:8
solution is:5496.000000.       temperature is:999.910004
ans array:
12 19 28 32 2 25 48 4 26 1 36 47 10 40 24 20 6 21 14 50 5 46 7 39 27 15 9 18 16 35 43 44 33 42 45 22 37 38 17 13 30 8 41 49 3 31 29 11 34 23 
Sat Apr 05 16:32:39 2014
times:9
solution is:5496.000000.       temperature is:999.950001
ans array:
34 31 32 19 18 20 6 21 25 38 11 30 4 48 26 40 50 47 7 24 46 35 45 10 1 49 36 5 16 43 37 17 14 39 41 33 12 9 22 15 28 13 8 44 27 3 23 29 42 2 
Sat Apr 05 16:32:44 2014
times:10
solution is:5517.000000.       temperature is:999.920003
ans array:
12 19 2 48 30 21 35 26 47 11 18 20 10 4 32 38 6 27 28 9 24 46 41 39 23 15 44 36 17 14 31 50 16 49 25 22 1 33 8 40 7 45 42 37 5 3 29 13 43 34 
Sat Apr 05 16:32:49 2014
times:11
solution is:5560.000000.       temperature is:999.900004
ans array:
34 11 3 14 2 48 21 40 37 32 24 49 20 17 4 26 10 33 19 45 18 30 22 1 47 35 39 9 28 6 38 7 8 27 36 31 16 25 15 44 41 5 46 42 23 50 12 43 29 13 
Sat Apr 05 16:32:55 2014
times:12
solution is:5526.000000.       temperature is:999.900004
ans array:
12 19 18 11 2 48 30 26 24 32 9 3 33 20 28 1 39 4 17 43 38 42 10 50 45 36 15 49 47 27 5 37 6 16 25 41 8 40 35 7 22 29 13 31 44 34 21 14 46 23 
Sat Apr 05 16:33:00 2014
times:13
solution is:5491.000000.       temperature is:999.900004
ans array:
34 3 13 12 11 26 18 17 9 44 37 41 4 32 30 21 25 48 35 38 33 20 47 39 8 36 6 43 24 10 19 16 1 5 45 50 22 27 40 15 7 31 29 49 14 46 42 28 2 23 
Sat Apr 05 16:33:05 2014
times:14
solution is:5495.000000.       temperature is:999.960001
ans array:
12 42 2 32 28 37 48 3 33 31 21 24 19 38 26 17 20 1 9 10 5 6 41 14 43 39 46 30 4 47 15 27 49 22 16 18 36 29 25 35 44 45 50 34 7 40 8 11 13 23 
Sat Apr 05 16:33:10 2014
times:15
solution is:5514.000000.       temperature is:999.900004
ans array:
11 34 25 2 40 32 48 36 15 28 20 24 4 39 46 3 45 33 8 30 7 26 17 35 38 6 41 43 27 29 44 9 10 31 50 47 18 49 16 21 37 1 5 22 14 13 42 23 12 19 
Sat Apr 05 16:33:16 2014
times:16
solution is:5524.000000.       temperature is:999.950001
ans array:
31 19 1 28 22 12 6 45 42 26 41 24 16 48 44 23 30 35 32 4 47 17 20 40 21 14 7 50 39 36 25 5 46 8 33 43 38 37 15 13 49 27 9 10 11 18 34 3 29 2 
Sat Apr 05 16:33:21 2014
times:17
solution is:5424.000000.       temperature is:999.920003
ans array:
7 19 28 3 32 24 11 4 50 48 43 12 6 9 27 18 33 20 30 38 45 26 10 46 25 15 47 36 5 14 17 1 31 8 49 16 41 39 40 22 37 44 29 21 35 13 23 42 34 2 
Sat Apr 05 16:33:26 2014
times:18
solution is:5571.000000.       temperature is:999.900004
ans array:
34 31 32 19 48 1 28 20 3 6 24 7 17 4 43 26 39 8 12 33 13 42 41 5 14 9 47 10 45 30 44 25 22 35 40 27 29 49 15 36 37 11 38 50 21 16 18 2 46 23 
Sat Apr 05 16:33:31 2014
times:19
solution is:5499.000000.       temperature is:999.900004
ans array:
2 12 19 18 13 20 32 31 50 17 38 9 28 39 37 46 27 47 48 5 4 33 21 35 26 40 30 25 10 36 8 7 1 16 41 44 45 24 6 22 14 15 43 49 11 29 3 42 34 23 
Sat Apr 05 16:33:37 2014
The average run time for the algorithm is : 5.280050
The average solution for the algorithm is : 5509.300000
The maxx solution for the algorithm is : 5632.000000
The minn solution for the algorithm is : 5424.000000
