period=5.000000
Sat Apr 05 16:33:37 2014

N=50 M=20
times:0
solution is:5253.000000.       temperature is:999.940001
ans array:
21 37 11 10 14 17 4 5 20 19 34 41 25 35 39 7 13 32 47 1 27 8 15 26 28 38 23 43 36 40 22 49 46 9 24 16 45 31 48 29 42 12 50 30 3 2 6 33 18 44 
Sat Apr 05 16:33:42 2014
times:1
solution is:5278.000000.       temperature is:999.900004
ans array:
21 37 27 39 35 48 11 31 12 22 43 32 41 8 15 46 18 40 25 49 34 1 20 6 5 13 33 47 7 16 45 17 24 10 36 19 29 26 38 2 23 42 3 50 28 44 30 9 14 4 
Sat Apr 05 16:33:47 2014
times:2
solution is:5155.000000.       temperature is:999.930002
ans array:
37 12 22 11 5 44 32 4 49 41 7 14 33 19 20 17 34 13 38 23 43 47 15 46 6 36 29 26 35 25 50 1 9 24 39 48 31 16 40 45 21 27 18 3 8 2 42 28 30 10 
Sat Apr 05 16:33:53 2014
times:3
solution is:5155.000000.       temperature is:999.900004
ans array:
37 14 11 5 34 6 41 7 28 31 22 40 36 8 32 25 15 21 17 35 38 27 20 50 3 26 42 13 45 19 12 48 29 46 24 9 43 1 47 4 23 39 2 16 49 30 33 10 18 44 
Sat Apr 05 16:33:58 2014
times:4
solution is:5245.000000.       temperature is:999.940001
ans array:
44 10 7 35 22 41 14 50 34 36 28 24 5 33 19 8 47 13 27 43 17 37 26 38 49 15 32 1 20 40 39 25 46 2 16 31 48 12 6 29 23 9 30 21 42 45 18 3 11 4 
Sat Apr 05 16:34:03 2014
times:5
solution is:5283.000000.       temperature is:999.960001
ans array:
11 4 10 48 21 25 6 41 35 15 1 14 7 50 34 39 3 40 36 5 42 19 17 44 32 26 49 12 23 46 22 16 33 47 13 20 24 8 9 30 28 38 45 43 37 29 27 31 18 2 
Sat Apr 05 16:34:09 2014
times:6
solution is:5220.000000.       temperature is:999.960001
ans array:
28 11 10 37 12 5 7 22 14 41 32 1 3 38 36 39 13 46 21 48 49 25 20 26 50 40 15 33 34 35 29 17 18 24 16 45 19 47 27 8 43 9 6 23 30 31 42 2 4 44 
Sat Apr 05 16:34:14 2014
times:7
solution is:5233.000000.       temperature is:999.900004
ans array:
37 11 10 5 12 22 32 40 34 36 50 21 25 15 3 45 1 30 7 6 35 39 46 8 33 13 2 49 16 27 48 47 19 29 26 17 24 20 31 38 41 4 23 9 14 18 28 42 43 44 
Sat Apr 05 16:34:19 2014
times:8
solution is:5273.000000.       temperature is:999.920003
ans array:
9 11 10 44 37 12 23 41 22 46 29 32 26 49 7 25 13 43 47 17 14 45 6 24 15 34 1 50 20 3 5 33 18 35 36 16 31 39 27 19 38 48 40 28 8 2 42 30 21 4 
Sat Apr 05 16:34:24 2014
times:9
solution is:5157.000000.       temperature is:999.920003
ans array:
37 14 11 32 6 12 5 22 41 29 28 35 34 9 25 20 23 4 40 17 15 21 24 38 36 19 27 8 50 3 45 33 26 13 49 16 2 7 47 48 1 10 39 46 30 43 31 42 18 44 
Sat Apr 05 16:34:30 2014
times:10
solution is:5224.000000.       temperature is:999.910004
ans array:
11 10 22 32 12 7 41 47 16 17 14 6 34 50 13 38 20 19 24 46 1 5 42 15 49 25 21 37 26 45 3 36 8 28 30 39 40 48 29 27 31 18 33 2 23 43 9 35 4 44 
Sat Apr 05 16:34:35 2014
times:11
solution is:5156.000000.       temperature is:999.900004
ans array:
37 12 22 11 5 7 32 28 14 41 38 19 13 46 34 20 47 17 16 26 8 50 36 35 6 29 21 27 15 40 31 25 45 9 1 48 43 49 4 39 30 24 23 42 2 3 18 33 10 44 
Sat Apr 05 16:34:40 2014
times:12
solution is:5309.000000.       temperature is:999.970000
ans array:
9 27 22 21 3 2 46 30 8 4 5 20 50 28 11 13 39 31 12 16 35 26 17 7 47 33 25 32 45 15 24 6 29 41 36 49 23 34 19 38 48 14 42 1 18 40 43 10 37 44 
Sat Apr 05 16:34:46 2014
times:13
solution is:5187.000000.       temperature is:999.900004
ans array:
37 14 11 5 4 7 32 12 47 22 36 38 13 21 28 20 46 26 35 8 19 24 39 29 30 34 48 41 31 50 15 1 27 16 49 2 33 17 3 45 6 23 42 18 40 43 25 9 10 44 
Sat Apr 05 16:34:51 2014
times:14
solution is:5207.000000.       temperature is:999.910004
ans array:
37 14 11 32 6 12 5 41 44 7 3 48 8 34 22 24 31 2 46 20 26 49 38 25 36 21 23 19 13 33 50 29 17 16 15 9 40 27 45 28 30 47 4 39 35 1 10 43 42 18 
Sat Apr 05 16:34:56 2014
times:15
solution is:5193.000000.       temperature is:999.910004
ans array:
37 11 27 22 5 14 7 31 32 41 28 26 25 15 30 38 29 13 20 48 47 42 45 3 17 21 6 46 24 8 36 12 19 50 23 34 1 9 40 18 43 35 39 4 49 2 16 33 10 44 
Sat Apr 05 16:35:02 2014
times:16
solution is:5295.000000.       temperature is:999.960001
ans array:
37 28 11 14 5 26 22 6 45 46 29 9 16 17 30 32 31 41 20 38 15 40 25 21 48 42 19 24 33 50 8 36 13 43 35 2 1 39 10 3 12 18 49 23 34 47 4 7 27 44 
Sat Apr 05 16:35:07 2014
times:17
solution is:5192.000000.       temperature is:999.960001
ans array:
37 12 22 11 32 8 10 14 28 13 21 4 41 38 48 23 15 27 29 20 47 19 17 33 26 36 3 50 40 46 5 1 9 24 16 45 43 39 49 25 7 35 6 34 18 30 31 42 2 44 
Sat Apr 05 16:35:12 2014
times:18
solution is:5208.000000.       temperature is:999.970000
ans array:
37 28 11 10 22 5 26 6 14 36 49 12 41 29 7 3 13 27 8 2 50 19 38 40 32 17 43 16 45 9 25 47 46 20 24 15 1 33 23 48 31 30 18 39 34 21 35 4 42 44 
Sat Apr 05 16:35:17 2014
times:19
solution is:5202.000000.       temperature is:999.900004
ans array:
11 4 14 5 20 28 22 41 46 8 24 15 9 1 50 32 40 43 36 21 19 17 34 47 25 7 38 26 3 18 13 29 6 16 45 35 27 49 12 48 39 30 23 33 31 2 42 37 10 44 
Sat Apr 05 16:35:23 2014
The average run time for the algorithm is : 5.302050
The average solution for the algorithm is : 5221.250000
The maxx solution for the algorithm is : 5309.000000
The minn solution for the algorithm is : 5155.000000
