period=5.000000
Sat Apr 05 16:35:23 2014

N=50 M=20
times:0
solution is:5451.000000.       temperature is:999.920003
ans array:
43 19 14 1 41 5 32 31 3 15 28 27 50 24 25 36 34 10 45 23 20 22 6 40 13 39 47 11 37 4 21 18 17 30 12 16 46 42 38 2 7 29 35 33 26 49 44 9 8 48 
Sat Apr 05 16:35:28 2014
times:1
solution is:5583.000000.       temperature is:999.900004
ans array:
19 14 1 5 48 31 50 28 47 37 8 3 22 2 6 40 41 23 24 15 13 33 35 32 36 27 45 21 4 12 10 38 34 25 9 20 16 29 39 11 17 26 44 49 18 42 7 30 46 43 
Sat Apr 05 16:35:34 2014
times:2
solution is:5467.000000.       temperature is:999.940001
ans array:
12 14 19 3 15 5 22 47 4 27 37 32 36 40 34 25 31 6 50 41 43 28 17 20 24 45 23 44 33 49 1 38 29 2 42 35 16 26 9 8 10 46 13 39 18 21 11 30 7 48 
Sat Apr 05 16:35:39 2014
times:3
solution is:5590.000000.       temperature is:999.900004
ans array:
48 14 15 43 50 20 28 9 41 1 17 3 36 4 30 32 37 35 40 47 29 23 31 49 45 34 44 25 33 39 8 38 16 5 42 10 6 2 18 22 11 27 12 13 46 26 24 21 7 19 
Sat Apr 05 16:35:44 2014
times:4
solution is:5467.000000.       temperature is:999.900004
ans array:
14 19 41 22 5 32 4 37 47 23 20 3 34 17 26 28 1 6 2 31 45 50 13 10 16 29 11 36 39 38 12 27 25 33 42 46 43 15 18 35 24 30 49 44 40 7 21 8 9 48 
Sat Apr 05 16:35:50 2014
times:5
solution is:5409.000000.       temperature is:999.910004
ans array:
43 19 14 20 5 31 46 27 22 32 41 18 13 2 45 28 47 37 50 36 1 10 3 4 29 42 23 6 38 9 17 34 44 12 25 16 33 24 21 26 15 35 8 49 11 40 30 39 7 48 
Sat Apr 05 16:35:55 2014
times:6
solution is:5427.000000.       temperature is:999.980000
ans array:
43 19 14 1 41 20 5 32 10 30 6 4 40 22 36 47 45 12 37 31 27 35 2 29 23 3 16 42 50 38 15 24 17 28 34 25 21 26 44 39 11 33 49 18 46 9 13 8 7 48 
Sat Apr 05 16:36:01 2014
times:7
solution is:5483.000000.       temperature is:999.970000
ans array:
14 43 19 1 47 3 26 15 5 22 32 39 2 11 37 34 36 38 16 49 45 31 8 20 27 28 17 6 50 4 13 25 29 41 7 44 33 42 12 46 10 23 24 35 40 30 21 18 9 48 
Sat Apr 05 16:36:06 2014
times:8
solution is:5440.000000.       temperature is:999.950001
ans array:
43 19 14 1 47 9 3 22 15 34 38 50 30 42 23 17 29 2 4 28 37 32 36 27 39 35 24 33 12 16 10 8 41 45 44 31 11 25 6 40 49 13 5 18 21 20 46 26 7 48 
Sat Apr 05 16:36:12 2014
times:9
solution is:5471.000000.       temperature is:999.930002
ans array:
12 14 19 41 1 5 3 22 34 16 15 50 45 17 40 37 36 32 47 31 28 23 2 9 38 49 30 43 24 46 25 39 13 18 6 29 42 10 27 4 8 21 11 44 35 33 26 20 7 48 
Sat Apr 05 16:36:17 2014
times:10
solution is:5459.000000.       temperature is:999.940001
ans array:
43 14 1 30 5 50 20 6 22 4 3 34 36 41 37 47 18 32 44 27 28 26 13 23 24 2 45 33 35 42 10 46 12 16 31 29 49 21 25 15 38 40 11 17 9 8 19 39 7 48 
Sat Apr 05 16:36:22 2014
times:11
solution is:5451.000000.       temperature is:999.900004
ans array:
43 19 14 20 41 4 22 28 50 31 6 24 36 47 5 3 37 9 2 16 39 10 34 29 1 21 32 25 38 45 8 49 44 23 33 18 42 46 17 30 35 13 12 27 15 11 40 26 7 48 
Sat Apr 05 16:36:28 2014
times:12
solution is:5546.000000.       temperature is:999.950001
ans array:
19 14 5 20 47 48 37 10 32 26 18 13 15 43 45 41 2 50 38 36 22 34 1 16 8 23 17 40 31 6 42 28 27 39 24 25 35 12 29 33 49 46 4 30 11 21 44 9 7 3 
Sat Apr 05 16:36:33 2014
times:13
solution is:5535.000000.       temperature is:999.900004
ans array:
12 14 48 15 43 5 40 16 41 20 27 36 29 32 37 34 25 2 31 3 35 22 38 1 28 6 50 39 4 9 47 24 17 45 30 8 13 10 42 44 23 33 18 21 26 46 11 49 7 19 
Sat Apr 05 16:36:39 2014
times:14
solution is:5427.000000.       temperature is:999.960001
ans array:
43 19 14 1 47 5 3 31 37 18 32 2 26 6 16 22 39 34 24 45 46 30 42 41 23 10 40 17 20 28 38 4 50 25 15 27 36 12 35 33 49 29 44 11 21 9 13 8 7 48 
Sat Apr 05 16:36:44 2014
times:15
solution is:5451.000000.       temperature is:999.920003
ans array:
43 19 14 1 47 5 30 11 22 3 36 32 45 15 41 27 50 40 31 7 2 6 42 44 25 12 28 16 37 24 10 23 38 13 17 39 33 34 26 46 35 29 4 20 21 18 49 9 8 48 
Sat Apr 05 16:36:49 2014
times:16
solution is:5484.000000.       temperature is:999.930002
ans array:
14 43 19 1 47 5 32 16 29 49 15 23 8 39 50 13 37 28 17 27 45 12 38 42 44 4 41 2 22 6 40 10 36 26 20 34 21 35 30 24 25 31 7 11 46 33 3 18 9 48 
Sat Apr 05 16:36:55 2014
times:17
solution is:5458.000000.       temperature is:999.990000
ans array:
43 19 14 31 47 5 32 4 27 28 39 50 22 6 40 1 45 10 12 36 37 24 3 23 15 34 17 26 38 41 16 42 30 2 13 44 18 11 49 35 29 25 20 33 46 7 21 9 8 48 
Sat Apr 05 16:37:00 2014
times:18
solution is:5440.000000.       temperature is:999.950001
ans array:
43 19 14 15 5 10 40 1 3 32 6 22 45 38 17 9 31 39 23 28 24 37 47 27 12 36 35 25 49 44 34 33 41 8 16 29 2 42 20 50 13 18 21 4 30 46 11 26 7 48 
Sat Apr 05 16:37:06 2014
times:19
solution is:5461.000000.       temperature is:999.900004
ans array:
12 14 19 17 5 9 15 47 3 27 30 36 37 50 13 1 45 32 28 7 31 6 41 22 20 4 2 24 26 39 34 16 23 21 29 11 35 38 10 25 40 42 18 49 44 33 8 46 43 48 
Sat Apr 05 16:37:11 2014
The average run time for the algorithm is : 5.410250
The average solution for the algorithm is : 5475.000000
The maxx solution for the algorithm is : 5590.000000
The minn solution for the algorithm is : 5409.000000
