period=10.000000
Sat Apr 05 19:51:39 2014

N=100 M=5
times:0
solution is:5837.000000.       temperature is:999.980000
ans array:
10 87 96 85 62 67 6 31 40 18 33 90 75 20 81 1 13 59 79 86 21 71 43 76 72 45 27 26 48 98 5 7 50 54 12 84 15 97 44 64 38 49 100 32 11 61 60 23 28 22 91 73 77 70 53 39 63 9 58 82 46 34 17 25 65 89 41 29 94 52 30 69 83 56 66 74 92 24 19 42 78 68 16 51 14 95 57 35 55 80 4 2 88 36 47 8 3 37 99 93 
Sat Apr 05 19:51:49 2014
times:1
solution is:5837.000000.       temperature is:999.990000
ans array:
10 87 96 98 75 31 49 62 60 5 20 93 88 30 76 27 46 40 51 43 39 72 6 64 82 58 9 97 84 19 18 80 57 85 61 59 11 90 32 7 73 38 83 15 94 13 53 41 26 55 71 12 66 28 24 78 16 29 79 14 74 37 23 35 47 70 99 63 34 95 92 2 91 52 4 42 21 56 25 45 48 81 65 54 22 100 8 69 68 3 1 33 50 86 36 77 44 67 89 17 
Sat Apr 05 19:51:59 2014
times:2
solution is:5837.000000.       temperature is:999.990000
ans array:
10 87 96 58 32 62 39 84 5 91 53 31 56 46 51 26 72 60 12 83 94 15 88 65 85 41 59 54 100 9 90 40 76 29 38 37 52 95 28 6 11 68 8 44 17 23 73 67 13 19 25 70 75 82 24 57 64 16 50 27 97 77 45 99 61 3 49 4 55 18 89 33 81 63 48 80 69 2 43 42 35 98 20 78 74 21 79 66 92 86 30 22 34 7 1 14 47 36 71 93 
Sat Apr 05 19:52:09 2014
times:3
solution is:5837.000000.       temperature is:1000.000000
ans array:
10 87 96 32 90 54 75 81 1 9 22 86 84 15 4 69 58 94 43 44 91 27 99 2 80 12 92 73 28 39 35 37 85 72 20 31 97 49 25 46 11 53 23 50 95 56 6 24 7 48 74 70 59 62 89 71 41 13 18 64 16 60 51 36 29 78 38 65 79 40 3 5 34 93 21 67 63 100 76 33 83 55 19 30 98 77 42 52 57 82 68 66 61 8 26 45 88 47 14 17 
Sat Apr 05 19:52:19 2014
times:4
solution is:5837.000000.       temperature is:1000.000000
ans array:
10 87 96 85 75 59 76 84 28 99 49 81 27 18 38 54 53 6 39 60 9 2 3 24 62 15 58 40 91 31 82 33 5 43 29 97 44 71 36 13 34 86 20 92 80 90 14 25 48 72 51 78 73 70 61 19 21 16 69 41 64 65 56 98 52 11 74 22 57 95 89 45 66 26 83 12 67 68 63 100 55 93 79 94 42 23 8 77 37 47 46 50 4 30 32 88 1 7 35 17 
Sat Apr 05 19:52:29 2014
times:5
solution is:5836.000000.       temperature is:999.980000
ans array:
83 10 71 94 87 72 85 96 81 65 82 31 2 28 69 41 39 76 36 97 15 21 40 27 95 16 34 55 73 20 7 44 78 59 58 50 74 25 3 32 93 57 26 13 90 75 67 38 35 77 52 30 45 18 5 9 14 91 61 64 60 89 68 56 6 23 53 19 84 22 43 51 80 4 46 98 99 29 100 42 8 92 24 49 86 37 11 12 54 70 47 1 62 66 63 48 33 79 88 17 
Sat Apr 05 19:52:39 2014
times:6
solution is:5837.000000.       temperature is:1000.000000
ans array:
10 87 96 85 98 94 5 84 38 39 6 40 73 71 15 90 13 9 42 78 30 76 44 34 81 46 11 41 93 16 80 49 69 64 25 50 45 18 86 72 4 58 19 21 61 63 97 36 31 14 99 27 56 2 51 23 29 54 66 37 95 32 62 20 70 7 3 12 83 53 88 57 24 35 89 55 67 77 28 82 65 100 43 22 60 52 91 74 79 1 68 59 48 26 75 8 92 47 33 17 
Sat Apr 05 19:52:49 2014
times:7
solution is:5837.000000.       temperature is:1000.000000
ans array:
10 87 96 40 20 94 31 48 95 22 53 86 16 72 78 50 27 9 41 33 38 15 75 97 37 2 58 24 56 18 85 76 73 54 59 34 3 63 25 49 62 45 90 57 65 32 26 11 39 42 70 89 13 1 84 28 12 64 91 52 51 46 29 35 74 83 55 88 99 82 67 6 77 79 5 8 92 36 80 71 68 81 44 19 66 21 43 47 4 93 60 69 98 100 30 61 23 7 14 17 
Sat Apr 05 19:52:59 2014
times:8
solution is:5837.000000.       temperature is:1000.000000
ans array:
10 87 96 94 40 91 62 9 15 23 85 65 24 14 90 4 38 32 61 67 84 29 76 3 25 39 75 78 33 19 37 28 72 49 42 52 16 81 58 18 69 43 44 31 12 79 99 56 73 21 63 100 82 60 20 74 35 27 77 95 71 53 48 57 93 66 86 88 22 30 36 34 97 68 26 45 55 59 51 98 54 46 70 41 1 50 5 47 6 2 80 11 13 92 64 8 89 7 83 17 
Sat Apr 05 19:53:09 2014
times:9
solution is:5837.000000.       temperature is:999.980000
ans array:
10 87 96 94 38 49 20 91 62 29 51 99 31 16 44 84 76 15 73 19 85 27 97 32 60 70 1 57 36 93 95 90 40 24 81 28 63 48 34 5 56 23 58 68 100 64 59 92 9 82 43 30 83 4 11 33 45 22 8 72 42 86 55 54 78 46 69 41 74 2 67 13 98 39 75 26 47 88 77 65 18 80 21 52 66 53 3 6 12 50 61 37 25 71 35 79 14 7 89 17 
Sat Apr 05 19:53:19 2014
The average run time for the algorithm is : 10.053400
The average solution for the algorithm is : 5836.900000
The maxx solution for the algorithm is : 5837.000000
The minn solution for the algorithm is : 5836.000000
