period=10.000000
Sat Apr 05 19:53:19 2014

N=100 M=5
times:0
solution is:5367.000000.       temperature is:1000.000000
ans array:
79 69 77 33 8 7 3 30 41 83 12 23 1 97 59 55 58 36 64 6 67 95 99 13 66 22 81 86 88 78 48 4 84 39 21 80 54 100 87 35 71 2 42 96 40 61 24 32 9 15 29 57 51 20 45 93 65 50 63 82 56 92 73 19 46 76 52 28 90 49 94 27 62 26 74 11 16 37 34 85 14 53 38 43 10 91 5 89 44 47 70 31 25 18 17 98 75 68 72 60 
Sat Apr 05 19:53:29 2014
times:1
solution is:5366.000000.       temperature is:1000.000000
ans array:
79 69 16 29 83 8 3 21 18 4 93 14 54 85 66 7 63 84 50 74 52 35 55 65 17 27 9 6 51 31 95 59 22 40 49 77 23 45 86 33 34 41 56 37 11 13 61 71 30 47 72 75 90 57 28 38 46 76 67 78 92 97 62 53 15 1 68 12 81 5 80 2 64 10 96 39 98 91 87 89 24 88 20 43 44 25 100 94 26 48 19 36 70 99 82 73 42 58 32 60 
Sat Apr 05 19:53:39 2014
times:2
solution is:5366.000000.       temperature is:1000.000000
ans array:
79 69 16 29 40 21 18 8 54 12 56 93 14 98 7 80 64 91 61 20 49 46 1 3 45 6 11 24 31 87 75 37 65 43 17 72 25 39 30 92 86 95 35 19 4 59 15 78 22 34 67 33 85 36 82 94 50 90 97 47 73 96 63 27 28 84 74 55 76 71 83 81 42 41 70 66 23 53 44 51 10 58 88 2 100 77 13 62 32 57 26 5 38 99 89 48 52 9 68 60 
Sat Apr 05 19:53:49 2014
times:3
solution is:5368.000000.       temperature is:999.980000
ans array:
77 15 8 7 11 33 21 83 76 3 37 49 41 23 69 29 4 54 18 36 47 22 58 16 66 39 40 87 86 24 56 84 53 28 31 95 98 61 46 45 2 35 74 71 85 43 17 14 5 20 91 100 99 12 1 50 27 96 90 64 75 10 70 65 48 89 52 25 55 78 79 42 94 97 59 34 63 62 72 88 51 73 6 82 38 32 92 93 13 30 44 26 81 19 80 67 68 9 57 60 
Sat Apr 05 19:53:59 2014
times:4
solution is:5368.000000.       temperature is:999.990000
ans array:
77 16 76 8 7 21 55 3 27 22 4 95 2 48 93 26 85 54 65 82 56 78 40 98 71 38 63 28 45 35 5 80 49 41 33 30 43 64 89 12 69 90 23 83 51 74 79 9 14 46 84 17 96 91 53 66 100 10 19 88 18 31 75 11 24 47 68 59 62 50 25 70 13 1 6 15 67 42 39 61 92 87 57 58 34 72 20 32 73 37 29 94 97 36 86 44 52 99 81 60 
Sat Apr 05 19:54:09 2014
times:5
solution is:5365.000000.       temperature is:1000.000000
ans array:
79 69 16 59 8 12 40 95 27 85 46 49 92 7 37 30 29 3 78 4 42 94 18 32 67 81 72 20 90 14 2 54 84 96 11 75 10 52 33 50 31 83 45 28 76 36 47 68 62 65 87 58 17 80 6 38 63 86 74 48 55 26 97 61 82 99 98 73 91 5 93 25 15 41 21 77 71 51 88 89 1 22 34 70 100 64 24 66 23 19 53 44 56 35 9 43 13 39 57 60 
Sat Apr 05 19:54:19 2014
times:6
solution is:5368.000000.       temperature is:999.990000
ans array:
77 93 29 7 3 74 92 12 59 63 22 83 15 2 8 55 69 33 94 72 11 27 56 38 100 48 1 28 76 23 35 66 87 10 67 31 30 54 20 99 80 49 88 13 58 4 78 18 98 47 82 97 43 90 96 75 79 46 41 25 81 42 16 86 21 44 32 50 34 62 64 53 95 5 52 91 39 37 45 6 36 57 68 14 24 40 85 19 9 70 89 65 71 26 17 84 73 61 51 60 
Sat Apr 05 19:54:30 2014
times:7
solution is:5366.000000.       temperature is:1000.000000
ans array:
79 69 16 29 8 3 55 41 84 15 40 64 95 7 74 11 20 91 9 52 34 18 92 94 42 43 21 83 90 66 54 93 27 87 100 25 33 14 82 67 2 5 96 23 6 39 63 73 49 45 70 13 57 80 86 59 88 30 62 48 12 77 35 78 75 72 50 4 38 10 46 99 58 71 97 76 36 56 51 31 81 1 37 26 68 89 65 44 24 85 22 28 17 98 32 19 61 53 47 60 
Sat Apr 05 19:54:40 2014
times:8
solution is:5366.000000.       temperature is:1000.000000
ans array:
79 69 16 29 54 8 92 11 3 95 78 40 41 74 67 80 6 82 59 43 76 21 23 99 57 18 33 7 75 48 50 27 87 93 61 38 2 66 35 15 1 28 96 22 63 47 83 81 91 85 4 39 90 19 49 45 64 89 58 98 17 71 94 72 84 31 77 37 46 30 10 13 88 53 42 12 97 36 51 26 9 70 55 62 100 34 32 73 86 20 65 52 14 24 68 44 56 5 25 60 
Sat Apr 05 19:54:50 2014
times:9
solution is:5368.000000.       temperature is:1000.000000
ans array:
77 15 16 54 27 29 12 14 7 4 98 69 11 52 3 23 95 33 74 40 48 18 31 17 49 97 86 1 59 94 8 41 72 93 62 51 30 28 55 71 61 64 68 91 50 85 76 20 19 92 34 80 82 88 79 89 75 24 26 90 56 81 99 58 57 2 66 83 70 43 21 46 63 67 45 78 10 37 84 87 13 65 22 42 25 100 9 6 47 39 36 32 44 38 5 35 96 73 53 60 
Sat Apr 05 19:55:00 2014
The average run time for the algorithm is : 10.041100
The average solution for the algorithm is : 5366.800000
The maxx solution for the algorithm is : 5368.000000
The minn solution for the algorithm is : 5365.000000
