period=10.000000
Sat Apr 05 19:55:00 2014

N=100 M=5
times:0
solution is:5341.000000.       temperature is:1000.000000
ans array:
28 55 82 70 41 12 25 22 81 37 63 27 80 48 32 84 97 31 23 46 34 54 59 66 11 35 62 8 93 65 91 40 86 52 3 14 30 7 56 1 51 49 6 100 92 16 58 60 78 26 44 33 21 53 87 72 9 94 10 69 85 5 43 67 73 88 68 74 71 47 96 4 18 76 99 89 15 13 38 42 79 83 29 50 19 57 45 98 64 20 90 77 24 75 61 17 39 95 36 2 
Sat Apr 05 19:55:10 2014
times:1
solution is:5348.000000.       temperature is:1000.000000
ans array:
43 90 42 40 68 49 60 29 30 41 14 10 32 11 52 70 4 100 54 99 97 92 91 37 35 1 64 16 15 81 67 69 8 62 71 74 44 33 59 56 66 65 63 80 26 3 50 5 95 38 12 98 58 55 22 79 73 48 89 53 93 86 36 19 88 78 18 84 27 20 46 96 25 21 77 83 6 61 57 17 45 24 34 94 47 72 31 76 13 9 23 75 87 7 28 51 39 85 82 2 
Sat Apr 05 19:55:20 2014
times:2
solution is:5341.000000.       temperature is:1000.000000
ans array:
28 55 82 89 10 14 41 40 93 54 84 74 59 99 42 81 37 30 35 13 98 63 96 95 52 62 80 47 31 44 26 17 32 78 4 22 86 23 6 73 39 57 97 5 92 56 67 58 100 87 75 72 34 53 76 21 66 46 85 29 18 12 20 16 68 48 83 71 45 51 27 64 69 9 25 90 50 70 49 15 94 61 1 33 11 91 19 38 79 65 8 7 60 43 24 77 3 88 36 2 
Sat Apr 05 19:55:30 2014
times:3
solution is:5344.000000.       temperature is:1000.000000
ans array:
28 16 62 14 42 1 58 92 89 80 81 68 27 7 40 29 41 54 44 38 100 10 52 67 60 51 64 93 72 96 12 13 15 6 74 84 24 70 69 99 87 91 86 59 50 5 34 23 98 35 20 46 71 61 56 43 82 66 4 30 22 11 18 75 97 90 53 33 57 37 63 21 19 32 79 76 65 47 49 77 9 48 83 25 55 78 73 17 8 88 31 45 26 94 39 3 85 95 36 2 
Sat Apr 05 19:55:40 2014
times:4
solution is:5348.000000.       temperature is:999.990000
ans array:
43 90 25 89 63 5 27 54 62 93 29 64 1 41 22 92 69 68 38 74 59 28 30 81 100 65 14 8 18 37 4 58 32 61 47 75 71 7 55 86 72 98 53 52 3 99 6 31 84 35 80 34 60 66 15 12 85 56 76 23 13 96 46 67 97 44 10 50 42 87 40 73 19 49 39 33 45 48 9 16 21 51 20 78 26 57 11 83 91 70 17 88 77 24 95 79 94 36 82 2 
Sat Apr 05 19:55:50 2014
times:5
solution is:5341.000000.       temperature is:999.980000
ans array:
28 55 82 14 93 37 90 54 71 81 1 32 9 89 63 33 61 20 46 35 70 87 76 12 84 22 80 98 51 41 29 6 43 30 94 48 95 75 97 57 18 73 47 91 99 65 74 3 56 68 31 64 26 44 67 16 25 77 23 15 79 53 62 19 21 59 4 39 96 66 52 49 72 58 8 69 40 10 83 60 85 45 5 11 100 78 86 7 92 34 38 42 13 27 17 88 24 50 36 2 
Sat Apr 05 19:56:00 2014
times:6
solution is:5348.000000.       temperature is:1000.000000
ans array:
43 90 55 68 89 14 40 62 29 78 11 93 92 97 23 20 84 76 81 38 74 19 65 8 28 21 63 46 30 94 15 83 100 72 73 12 64 5 95 91 4 24 44 69 16 41 96 59 80 58 70 75 25 56 7 51 54 86 1 49 60 61 33 98 32 9 88 13 35 42 37 66 57 79 10 6 85 67 53 77 48 22 99 3 34 50 47 18 71 17 26 45 87 27 52 31 39 36 82 2 
Sat Apr 05 19:56:10 2014
times:7
solution is:5341.000000.       temperature is:1000.000000
ans array:
28 55 82 43 10 14 37 63 58 78 27 62 67 19 84 100 54 89 64 30 81 40 24 9 66 12 29 13 80 59 94 3 20 60 75 51 23 1 22 50 52 74 76 26 11 79 49 42 56 34 71 38 32 70 31 65 21 87 35 93 15 68 33 48 92 86 18 6 47 4 99 8 73 97 96 98 69 41 45 72 61 44 91 7 39 85 46 5 95 90 25 83 53 57 88 17 77 16 36 2 
Sat Apr 05 19:56:20 2014
times:8
solution is:5344.000000.       temperature is:999.990000
ans array:
28 16 41 92 100 97 22 26 94 40 12 59 14 80 25 81 21 39 84 10 32 48 15 8 87 49 34 62 53 55 11 35 3 44 54 46 77 43 63 91 70 20 93 4 98 56 27 52 68 31 78 38 50 37 23 58 71 29 1 42 64 30 83 76 24 66 33 6 74 75 99 85 17 45 95 73 86 9 89 67 69 13 90 5 57 82 72 18 51 65 60 19 96 7 47 61 79 88 36 2 
Sat Apr 05 19:56:30 2014
times:9
solution is:5348.000000.       temperature is:999.990000
ans array:
43 90 40 37 86 92 62 58 70 14 6 16 85 30 74 23 80 22 1 41 53 7 68 93 54 63 3 61 100 73 60 18 57 55 76 81 31 77 84 94 97 19 12 72 49 46 83 75 65 20 79 9 47 28 29 38 89 64 35 26 71 8 50 87 48 11 98 44 33 66 32 42 5 59 78 36 99 25 95 27 96 34 39 10 51 67 21 15 91 4 56 13 69 24 45 52 17 88 82 2 
Sat Apr 05 19:56:40 2014
The average run time for the algorithm is : 10.033300
The average solution for the algorithm is : 5344.400000
The maxx solution for the algorithm is : 5348.000000
The minn solution for the algorithm is : 5341.000000
