period=10.000000
Sat Apr 05 19:56:40 2014

N=100 M=5
times:0
solution is:5321.000000.       temperature is:1000.000000
ans array:
59 83 95 88 71 7 22 70 67 9 20 2 68 11 24 45 51 50 18 44 19 62 33 73 75 99 3 29 69 66 74 82 58 27 49 46 56 6 23 53 43 79 94 15 39 100 47 16 21 4 90 65 41 76 92 38 84 48 91 26 31 57 81 54 13 80 98 42 12 14 60 89 1 36 28 25 77 93 64 55 35 78 72 97 30 96 61 52 40 34 17 32 85 10 5 86 63 87 8 37 
Sat Apr 05 19:56:50 2014
times:1
solution is:5328.000000.       temperature is:1000.000000
ans array:
37 81 71 51 28 19 32 4 47 96 11 63 75 77 45 5 55 99 13 74 24 21 31 100 12 30 33 53 67 54 7 91 22 92 64 35 23 73 40 97 27 26 83 48 20 66 50 15 2 18 1 29 89 56 6 62 34 41 44 69 95 86 61 42 3 57 46 43 59 82 68 39 79 9 98 70 88 52 76 49 25 16 78 38 87 8 94 72 85 36 90 17 60 65 84 80 58 10 14 93 
Sat Apr 05 19:57:00 2014
times:2
solution is:5321.000000.       temperature is:1000.000000
ans array:
59 51 21 30 33 64 70 54 20 4 7 98 32 18 82 49 88 75 9 40 100 27 62 23 69 74 94 86 53 87 26 2 79 92 5 99 58 81 55 46 25 71 31 29 85 39 96 90 48 56 45 10 19 36 93 91 24 67 16 47 22 6 84 41 89 13 73 44 80 63 52 50 60 15 34 11 83 43 3 97 77 14 72 66 12 95 8 28 57 78 1 42 76 17 38 68 61 65 35 37 
Sat Apr 05 19:57:10 2014
times:3
solution is:5321.000000.       temperature is:1000.000000
ans array:
37 96 82 57 2 70 21 54 97 100 72 68 79 19 69 51 90 11 52 22 65 92 24 83 36 95 80 84 78 35 74 53 6 7 10 61 26 31 18 15 20 40 32 9 41 12 1 94 66 73 64 81 39 3 98 14 85 45 55 34 63 42 87 91 28 29 33 49 75 4 99 62 48 5 71 23 13 16 30 76 67 27 86 44 38 50 88 47 8 56 89 17 60 46 25 43 77 93 58 59 
Sat Apr 05 19:57:20 2014
times:4
solution is:5321.000000.       temperature is:999.990000
ans array:
37 82 91 51 72 96 38 18 64 21 57 79 1 29 85 69 33 81 12 95 94 2 74 22 35 9 36 88 75 23 11 87 49 66 8 73 40 71 99 47 44 41 7 58 67 15 25 19 43 65 90 48 53 86 34 62 98 52 55 20 83 100 68 6 32 60 24 70 39 4 97 77 17 63 45 50 92 27 10 76 42 78 46 28 26 61 13 16 84 30 3 54 31 89 93 14 80 5 56 59 
Sat Apr 05 19:57:30 2014
times:5
solution is:5321.000000.       temperature is:999.990000
ans array:
59 19 81 82 10 92 24 27 29 4 30 62 7 55 91 84 16 12 96 6 87 40 28 32 75 49 93 25 45 68 79 38 70 13 100 83 36 9 85 46 97 66 88 39 67 48 94 72 69 22 89 31 5 35 53 8 1 78 47 71 77 56 80 18 23 44 98 17 20 63 51 54 34 2 26 76 15 33 42 73 52 95 41 3 43 11 64 74 57 65 99 58 60 50 21 61 86 90 14 37 
Sat Apr 05 19:57:40 2014
times:6
solution is:5321.000000.       temperature is:1000.000000
ans array:
37 64 72 40 67 66 92 20 44 69 12 87 45 85 51 81 55 68 32 70 91 48 89 82 38 35 56 36 77 47 30 33 28 6 7 24 4 100 23 97 61 62 49 96 25 98 75 2 95 46 18 76 99 19 74 17 83 54 3 41 60 80 42 9 8 84 27 79 43 34 11 22 10 93 57 26 13 21 63 31 29 53 88 94 58 52 50 39 1 71 78 73 15 5 65 86 14 16 90 59 
Sat Apr 05 19:57:50 2014
times:7
solution is:5321.000000.       temperature is:1000.000000
ans array:
37 28 95 21 81 72 7 45 33 55 20 18 67 71 38 49 96 3 87 2 51 100 11 88 40 82 54 92 74 57 4 24 69 75 68 48 27 6 86 34 62 30 91 22 98 19 25 85 99 9 39 65 83 66 5 13 79 1 16 97 35 44 61 23 77 89 36 60 8 12 52 29 80 73 70 90 15 84 46 31 56 94 32 43 50 41 93 64 53 10 17 42 63 26 47 14 76 78 58 59 
Sat Apr 05 19:58:00 2014
times:8
solution is:5328.000000.       temperature is:1000.000000
ans array:
37 64 7 56 71 25 38 98 83 18 12 32 6 21 97 45 100 75 35 36 70 40 87 92 96 79 58 23 82 52 26 30 48 22 27 15 44 95 90 31 69 3 86 91 88 16 29 66 85 74 10 84 78 55 80 62 1 99 73 42 4 81 67 24 51 57 89 54 13 19 5 43 59 94 20 47 17 28 33 77 72 49 9 2 65 34 11 41 61 53 63 68 50 46 39 60 76 8 14 93 
Sat Apr 05 19:58:10 2014
times:9
solution is:5321.000000.       temperature is:1000.000000
ans array:
37 64 79 95 33 82 45 9 24 12 87 98 70 32 40 57 74 2 4 69 53 18 42 55 54 92 8 67 47 41 11 20 56 16 61 73 7 48 85 93 3 17 90 26 21 75 44 63 19 88 51 34 46 1 23 72 81 13 99 100 10 62 27 80 77 49 6 71 89 38 83 52 60 30 66 31 78 84 28 29 97 50 58 25 43 94 68 76 91 39 22 35 86 15 36 5 65 14 96 59 
Sat Apr 05 19:58:20 2014
The average run time for the algorithm is : 10.047800
The average solution for the algorithm is : 5322.400000
The maxx solution for the algorithm is : 5328.000000
The minn solution for the algorithm is : 5321.000000
