period=10.000000
Sat Apr 05 19:58:20 2014

N=100 M=5
times:0
solution is:5832.000000.       temperature is:1000.000000
ans array:
68 82 12 67 44 3 100 57 30 74 66 48 93 54 41 40 22 4 34 33 11 15 75 37 38 87 43 6 65 2 90 79 14 49 45 39 32 60 71 69 24 95 27 29 17 52 81 35 99 10 16 80 20 50 64 13 92 76 62 85 56 78 19 47 23 1 77 86 7 61 8 59 51 94 46 42 25 89 9 26 88 21 98 84 83 31 73 58 18 96 28 91 70 63 53 36 55 5 97 72 
Sat Apr 05 19:58:31 2014
times:1
solution is:5833.000000.       temperature is:1000.000000
ans array:
68 89 71 24 21 93 70 12 38 41 56 86 99 77 35 7 23 65 19 32 40 37 10 1 66 34 48 90 31 8 9 4 47 78 80 75 39 97 54 92 27 15 59 91 43 64 55 95 85 50 42 67 6 84 57 16 79 88 26 76 83 61 17 52 98 53 28 96 46 94 3 45 49 60 63 87 20 58 51 30 100 14 13 72 81 73 82 33 62 25 29 18 69 2 44 74 11 22 36 5 
Sat Apr 05 19:58:41 2014
times:2
solution is:5833.000000.       temperature is:1000.000000
ans array:
68 66 100 78 72 21 2 84 39 75 93 9 51 29 7 45 60 10 26 15 11 83 82 47 96 77 74 99 71 86 97 14 12 32 37 46 53 55 59 65 50 64 43 36 28 63 23 42 40 76 27 31 56 48 19 33 24 20 17 38 22 81 89 52 8 62 70 79 92 90 54 44 49 69 41 94 88 1 57 85 3 91 34 18 35 25 4 67 30 58 61 16 95 6 73 80 98 13 87 5 
Sat Apr 05 19:58:51 2014
times:3
solution is:5832.000000.       temperature is:999.990000
ans array:
68 82 77 3 29 45 96 10 84 34 50 66 4 12 37 100 61 17 69 14 35 11 22 33 15 88 67 24 26 65 92 49 76 94 30 91 60 64 99 16 36 18 86 20 32 79 98 54 55 53 70 90 52 38 6 39 78 8 46 47 83 85 44 2 7 71 40 21 57 87 48 93 1 73 51 13 19 23 41 27 74 56 59 62 25 28 42 31 63 43 58 9 80 95 89 75 81 5 97 72 
Sat Apr 05 19:59:01 2014
times:4
solution is:5832.000000.       temperature is:1000.000000
ans array:
68 50 82 1 54 67 100 37 66 23 47 94 52 44 36 39 93 27 32 17 64 21 98 45 2 9 80 73 6 69 70 95 71 51 30 4 24 88 34 19 77 25 41 60 46 91 65 84 15 29 13 56 74 26 79 53 11 14 33 38 59 16 49 92 83 86 58 43 40 76 12 97 75 22 55 90 8 10 7 31 20 81 35 42 18 48 99 28 89 96 61 85 78 3 57 62 63 5 87 72 
Sat Apr 05 19:59:11 2014
times:5
solution is:5833.000000.       temperature is:1000.000000
ans array:
68 50 58 82 10 12 100 78 24 18 37 29 59 80 19 9 15 61 47 23 38 88 4 91 71 42 64 20 6 94 86 75 72 14 30 95 49 53 51 40 43 2 69 55 31 22 39 25 33 3 84 73 70 48 54 45 96 98 11 76 60 87 56 67 57 65 1 92 99 32 28 7 17 90 16 35 85 21 89 13 79 26 74 44 34 83 77 52 8 36 46 97 41 93 27 63 62 81 66 5 
Sat Apr 05 19:59:21 2014
times:6
solution is:5833.000000.       temperature is:1000.000000
ans array:
68 10 41 2 7 24 29 40 50 84 48 15 72 11 82 17 47 37 26 65 45 71 52 90 70 67 21 54 96 44 62 9 79 51 28 23 39 8 22 20 99 87 35 13 76 42 92 1 53 58 77 38 19 100 64 6 55 57 60 78 27 16 56 43 14 33 34 85 73 88 97 69 95 25 83 31 93 66 94 74 32 30 98 18 86 61 4 12 75 80 91 3 63 49 59 46 36 81 89 5 
Sat Apr 05 19:59:31 2014
times:7
solution is:5833.000000.       temperature is:1000.000000
ans array:
68 10 72 2 18 21 71 94 78 45 4 34 62 19 47 1 93 51 32 31 56 11 20 98 100 25 67 49 36 41 12 84 26 96 74 82 83 35 53 44 37 91 85 89 3 16 69 73 38 55 27 48 40 43 61 22 42 24 46 86 29 52 92 70 99 64 50 39 60 58 95 54 13 77 80 33 57 66 81 28 88 97 15 63 8 23 17 7 65 6 59 90 9 75 76 14 87 79 30 5 
Sat Apr 05 19:59:41 2014
times:8
solution is:5832.000000.       temperature is:1000.000000
ans array:
72 22 12 10 30 15 77 71 24 41 96 82 51 94 100 93 7 64 65 44 56 21 87 57 69 3 36 11 83 99 90 70 55 6 2 47 38 86 14 78 31 46 39 92 26 75 60 23 37 34 91 48 88 52 80 54 66 40 73 1 76 9 84 62 17 13 27 67 58 95 33 29 45 35 81 50 42 63 18 59 5 19 4 28 20 8 98 32 53 49 16 74 25 61 85 89 43 97 79 68 
Sat Apr 05 19:59:51 2014
times:9
solution is:5833.000000.       temperature is:1000.000000
ans array:
68 1 2 67 94 12 39 4 100 75 51 52 90 62 98 69 86 30 10 77 95 72 37 84 57 65 78 64 47 26 81 73 87 7 23 11 88 24 99 83 19 50 45 34 85 13 38 63 58 80 9 93 29 44 53 43 35 14 54 15 74 41 61 49 71 70 91 18 40 16 55 32 42 3 21 31 28 36 60 97 25 48 27 82 20 96 92 59 46 8 33 66 6 76 89 17 56 79 22 5 
Sat Apr 05 20:00:01 2014
The average run time for the algorithm is : 10.051100
The average solution for the algorithm is : 5832.600000
The maxx solution for the algorithm is : 5833.000000
The minn solution for the algorithm is : 5832.000000
