period=10.000000
Sat Apr 05 20:00:01 2014

N=100 M=5
times:0
solution is:5288.000000.       temperature is:999.990000
ans array:
44 83 49 21 82 66 35 8 11 1 47 27 61 28 37 98 93 92 81 24 88 33 84 20 97 75 56 13 76 59 72 96 60 94 7 31 71 63 73 6 70 52 64 16 2 42 99 9 3 85 69 25 55 54 19 68 38 22 30 29 90 34 57 86 14 77 17 15 74 100 65 79 87 51 5 32 95 12 48 80 50 43 62 46 23 18 41 10 36 39 26 45 89 67 53 58 78 91 40 4 
Sat Apr 05 20:00:11 2014
times:1
solution is:5288.000000.       temperature is:999.980000
ans array:
44 83 49 8 16 92 47 70 88 43 5 75 6 93 94 35 19 28 9 99 21 41 72 33 30 32 11 81 27 60 52 82 85 3 98 56 7 29 54 73 24 95 14 71 31 38 17 97 66 20 13 63 18 36 25 77 76 37 61 55 50 46 59 68 100 34 1 62 57 15 96 87 22 80 39 10 84 90 48 51 65 69 42 26 74 2 23 12 79 45 64 86 89 53 67 58 78 91 40 4 
Sat Apr 05 20:00:21 2014
times:2
solution is:5299.000000.       temperature is:1000.000000
ans array:
54 20 21 49 28 57 13 70 47 93 65 11 96 6 84 86 97 56 82 81 5 25 75 1 16 31 41 52 24 18 63 37 59 44 50 100 43 19 68 78 83 53 8 15 22 62 74 61 66 2 7 12 36 95 42 30 85 60 72 29 73 58 48 55 99 89 34 23 35 9 87 27 76 3 38 40 88 67 64 80 92 14 51 17 94 46 39 71 98 10 26 33 69 91 77 90 79 45 32 4 
Sat Apr 05 20:00:31 2014
times:3
solution is:5299.000000.       temperature is:1000.000000
ans array:
54 20 83 9 72 70 82 1 81 13 27 15 98 97 3 88 90 43 16 94 50 24 28 49 93 19 8 25 61 7 10 42 47 77 92 36 57 33 41 2 23 55 29 68 85 95 18 75 52 21 5 31 71 35 91 99 56 37 69 39 96 74 40 60 46 63 51 66 84 14 87 30 22 38 100 59 26 65 45 80 76 64 34 86 6 78 73 48 79 58 89 17 62 12 53 11 67 44 32 4 
Sat Apr 05 20:00:41 2014
times:4
solution is:5287.000000.       temperature is:999.980000
ans array:
54 20 21 49 35 5 6 88 82 22 13 83 8 71 19 17 37 15 33 55 77 80 29 3 51 85 24 95 76 93 84 67 87 60 43 57 99 59 40 91 25 45 36 9 61 14 31 68 64 56 50 78 23 1 81 53 72 47 73 52 97 27 74 42 62 75 28 11 41 48 96 90 92 39 63 7 89 2 26 16 70 34 100 98 32 65 30 94 66 18 46 38 12 10 69 79 58 44 86 4 
Sat Apr 05 20:00:51 2014
times:5
solution is:5285.000000.       temperature is:999.990000
ans array:
54 20 85 88 82 93 36 35 64 5 92 72 22 97 59 14 34 6 28 11 43 3 71 1 60 42 51 84 81 21 77 75 68 96 8 80 25 2 95 9 99 13 16 24 7 47 46 57 49 89 56 18 73 55 61 87 19 30 62 70 39 63 29 50 33 31 23 83 44 45 53 58 17 10 27 98 94 37 52 26 32 66 79 74 65 41 90 76 48 15 12 78 100 38 67 86 69 91 40 4 
Sat Apr 05 20:01:01 2014
times:6
solution is:5287.000000.       temperature is:999.990000
ans array:
54 20 47 85 21 22 83 72 99 34 8 27 1 49 70 56 3 60 93 11 71 81 43 5 31 94 7 24 87 68 2 52 35 40 6 12 37 9 61 96 97 13 69 73 25 15 75 78 33 18 19 42 67 23 50 91 64 89 17 28 88 95 48 36 77 57 26 66 65 51 92 63 82 98 84 62 46 45 32 38 39 10 29 55 59 14 30 74 80 76 90 41 16 100 53 79 58 44 86 4 
Sat Apr 05 20:01:11 2014
times:7
solution is:5293.000000.       temperature is:999.980000
ans array:
44 83 20 49 88 14 92 13 47 1 82 74 22 61 71 84 11 64 6 85 80 17 75 54 86 48 63 25 39 93 24 70 57 27 55 35 72 73 7 99 79 56 21 3 91 38 78 100 62 12 31 59 60 97 9 81 45 95 77 41 42 23 43 96 15 98 65 28 33 36 18 68 5 2 50 89 29 94 16 34 69 52 10 40 32 8 19 87 67 46 76 66 30 37 53 26 58 90 51 4 
Sat Apr 05 20:01:21 2014
times:8
solution is:5285.000000.       temperature is:999.980000
ans array:
54 20 73 51 49 82 21 27 43 97 59 92 70 91 28 10 93 24 1 8 9 61 81 83 13 88 2 95 94 5 60 80 76 6 74 14 3 11 63 57 84 22 17 35 50 66 42 26 7 87 18 37 19 65 67 79 75 100 98 90 55 33 15 99 72 85 71 53 32 25 47 16 68 31 30 69 12 34 29 48 96 89 46 23 39 86 56 52 62 38 41 64 77 44 58 78 36 45 40 4 
Sat Apr 05 20:01:31 2014
times:9
solution is:5287.000000.       temperature is:1000.000000
ans array:
54 20 73 8 49 30 88 72 40 70 41 29 16 57 3 21 15 61 9 93 97 11 24 56 71 95 17 28 94 6 39 35 60 2 69 75 34 62 47 13 14 63 96 67 81 68 1 37 80 52 87 27 79 92 42 26 22 76 25 89 100 99 55 48 74 82 45 83 32 66 77 38 33 84 31 59 64 50 85 98 7 36 5 51 65 43 10 12 53 46 90 19 58 23 91 78 18 44 86 4 
Sat Apr 05 20:01:41 2014
The average run time for the algorithm is : 10.034700
The average solution for the algorithm is : 5289.800000
The maxx solution for the algorithm is : 5299.000000
The minn solution for the algorithm is : 5285.000000
