period=10.000000
Sat Apr 05 20:01:41 2014

N=100 M=5
times:0
solution is:5724.000000.       temperature is:1000.000000
ans array:
100 79 77 85 75 16 37 49 59 54 50 63 41 45 44 30 51 76 5 64 89 53 57 95 56 91 9 18 26 10 68 23 6 35 81 62 13 66 2 24 1 90 21 33 27 93 71 39 3 36 65 55 74 7 19 72 46 73 40 60 12 58 20 82 15 61 14 17 84 11 25 99 98 83 8 87 29 96 88 78 38 67 86 43 80 42 94 92 70 52 47 48 97 34 31 32 69 4 22 28 
Sat Apr 05 20:01:51 2014
times:1
solution is:5724.000000.       temperature is:1000.000000
ans array:
46 77 44 61 86 99 12 41 80 89 49 6 29 90 95 30 2 51 73 58 76 1 59 84 14 62 66 18 7 87 40 17 8 88 43 70 68 21 19 65 50 52 5 78 37 94 3 81 11 27 79 23 13 83 34 75 45 38 100 9 10 35 31 85 48 56 16 47 63 71 60 25 82 98 39 92 96 93 57 20 33 4 26 74 67 55 54 15 53 36 69 91 42 97 72 24 32 64 22 28 
Sat Apr 05 20:02:01 2014
times:2
solution is:5724.000000.       temperature is:1000.000000
ans array:
100 79 53 7 42 46 6 86 16 23 57 81 36 99 41 98 13 9 83 8 50 24 87 11 93 3 2 97 10 14 75 63 32 66 56 74 96 51 60 35 49 18 17 80 61 5 89 62 34 52 64 12 91 85 73 30 27 95 82 84 29 37 20 67 48 1 25 43 72 70 65 90 19 77 69 68 38 55 54 92 44 40 45 26 39 31 21 15 33 47 94 71 58 88 76 59 78 4 22 28 
Sat Apr 05 20:02:12 2014
times:3
solution is:5724.000000.       temperature is:1000.000000
ans array:
100 79 41 71 67 78 29 59 86 15 33 96 8 20 11 26 50 21 95 90 62 53 3 10 37 39 40 80 92 14 98 74 55 61 36 25 93 30 89 57 6 7 91 12 60 54 13 2 65 9 27 34 68 17 35 45 77 49 5 97 64 1 73 51 56 82 85 19 63 58 16 48 88 42 75 38 84 83 18 87 23 52 94 47 81 69 43 76 44 72 99 66 70 32 31 24 46 4 22 28 
Sat Apr 05 20:02:22 2014
times:4
solution is:5724.000000.       temperature is:1000.000000
ans array:
46 55 50 27 18 85 87 7 59 26 31 16 56 76 11 90 92 89 41 9 32 10 3 99 86 23 91 74 29 37 1 78 88 30 70 83 48 66 17 33 5 60 14 25 73 75 15 95 35 57 52 2 43 51 13 97 47 19 24 39 93 20 79 81 64 62 84 40 65 69 63 96 61 100 67 12 36 94 58 42 44 8 72 6 38 71 49 54 77 98 82 80 34 68 45 53 21 4 22 28 
Sat Apr 05 20:02:32 2014
times:5
solution is:5724.000000.       temperature is:999.990000
ans array:
100 12 79 66 54 13 99 86 92 5 80 35 29 56 60 50 85 11 87 94 19 34 78 83 44 6 9 70 98 62 23 48 51 15 81 14 24 7 27 2 3 47 49 77 59 76 26 74 17 89 55 69 18 63 36 39 57 45 97 30 82 41 58 38 88 21 52 65 4 90 16 42 43 53 40 75 31 25 10 61 68 37 84 8 96 95 72 91 93 20 32 1 46 73 71 33 67 64 22 28 
Sat Apr 05 20:02:42 2014
times:6
solution is:5724.000000.       temperature is:1000.000000
ans array:
100 19 50 35 12 77 5 96 95 89 57 73 4 16 26 55 66 90 18 79 74 78 13 52 69 24 36 72 23 75 82 54 86 51 15 93 11 6 39 68 67 43 33 25 49 63 71 85 56 42 98 14 60 61 76 41 94 44 97 65 3 30 7 59 1 58 84 17 40 53 88 99 92 81 8 21 80 91 27 29 9 10 62 2 46 20 38 70 37 87 45 31 48 34 83 47 32 64 22 28 
Sat Apr 05 20:02:52 2014
times:7
solution is:5724.000000.       temperature is:1000.000000
ans array:
46 57 11 13 37 5 32 53 41 34 80 76 19 60 31 85 82 86 48 91 68 95 87 100 54 30 90 45 27 62 10 36 40 20 33 58 92 93 51 50 56 3 64 59 65 43 81 17 2 18 96 1 8 7 55 12 77 99 63 47 21 39 52 98 79 15 35 78 14 70 16 72 38 6 26 88 24 61 44 29 75 69 84 83 49 23 89 97 74 94 66 73 42 9 71 25 67 4 22 28 
Sat Apr 05 20:03:02 2014
times:8
solution is:5724.000000.       temperature is:999.990000
ans array:
100 79 46 55 77 56 87 49 51 58 86 85 54 98 92 30 18 8 24 2 50 10 83 70 91 45 78 17 19 72 11 68 32 61 74 12 36 5 75 76 31 6 37 60 29 40 35 80 27 7 15 26 14 88 93 97 57 67 64 34 16 43 47 90 99 62 41 96 38 82 73 9 1 21 65 44 33 69 53 95 52 23 13 89 25 81 94 42 3 20 48 59 39 63 66 84 71 4 22 28 
Sat Apr 05 20:03:12 2014
times:9
solution is:5724.000000.       temperature is:1000.000000
ans array:
46 66 44 97 86 38 70 3 68 29 4 30 95 45 80 89 20 71 92 69 43 72 51 19 49 12 75 85 26 76 78 36 77 55 98 18 52 7 90 48 42 50 84 99 39 65 94 60 1 6 9 57 62 83 21 40 33 15 25 67 13 74 10 14 11 53 27 93 37 87 8 16 59 35 23 17 73 31 24 2 100 79 81 96 88 32 34 54 61 91 82 56 41 63 47 58 5 64 22 28 
Sat Apr 05 20:03:22 2014
The average run time for the algorithm is : 10.055700
The average solution for the algorithm is : 5724.000000
The maxx solution for the algorithm is : 5724.000000
The minn solution for the algorithm is : 5724.000000
