period=10.000000
Sat Apr 05 20:03:22 2014

N=100 M=5
times:0
solution is:5175.000000.       temperature is:1000.000000
ans array:
14 21 90 86 74 42 80 26 51 4 10 60 56 91 93 83 46 31 48 81 87 29 7 9 98 13 92 57 20 65 96 37 54 61 36 23 59 12 41 70 53 49 44 28 77 6 82 69 58 19 50 63 27 75 62 8 94 76 85 72 47 67 1 30 88 100 38 35 78 32 25 97 33 39 68 45 71 3 18 17 52 84 89 2 43 99 55 11 22 15 73 24 79 16 34 64 66 40 5 95 
Sat Apr 05 20:03:32 2014
times:1
solution is:5175.000000.       temperature is:1000.000000
ans array:
14 21 83 51 29 2 75 74 4 100 80 87 12 98 54 73 27 7 88 42 17 44 10 85 60 97 57 13 23 31 63 26 3 70 45 72 99 91 35 58 55 9 6 30 59 38 68 19 18 67 41 89 49 69 93 86 71 65 50 56 28 64 37 48 20 52 84 8 79 40 77 82 11 96 61 76 22 94 46 53 62 25 47 1 33 43 34 81 36 66 32 39 92 15 5 78 24 16 90 95 
Sat Apr 05 20:03:42 2014
times:2
solution is:5175.000000.       temperature is:1000.000000
ans array:
14 21 12 29 44 80 81 27 56 51 31 46 54 49 36 92 69 4 18 89 91 86 82 57 98 10 17 26 32 39 47 96 74 60 78 93 100 55 79 6 9 24 75 76 83 68 94 45 48 42 16 20 84 30 50 35 87 13 77 71 41 59 11 62 28 37 19 23 43 73 15 63 97 53 2 65 64 1 61 99 85 88 38 33 7 8 72 90 34 58 66 70 22 52 67 25 40 3 5 95 
Sat Apr 05 20:03:52 2014
times:3
solution is:5175.000000.       temperature is:1000.000000
ans array:
14 21 12 86 74 57 13 38 68 32 54 44 73 77 55 17 28 23 10 36 19 51 30 49 53 11 29 37 70 46 91 27 62 71 94 83 88 96 40 92 3 18 35 67 93 26 82 61 85 31 63 47 22 45 42 48 8 60 76 79 100 66 75 87 72 90 99 1 4 33 25 97 52 78 50 24 9 43 15 80 20 89 98 58 65 84 81 6 69 34 7 2 56 59 16 41 39 64 5 95 
Sat Apr 05 20:04:02 2014
times:4
solution is:5181.000000.       temperature is:1000.000000
ans array:
53 46 42 83 91 26 29 49 65 10 52 31 80 74 4 13 12 6 1 56 2 59 19 58 85 51 21 27 54 93 71 38 57 60 87 24 86 47 36 64 32 44 11 89 23 28 48 100 84 73 98 8 15 99 35 68 17 77 33 18 67 78 72 63 9 90 3 81 62 76 96 34 88 30 61 37 14 97 7 20 69 94 92 40 75 16 50 70 79 25 43 39 45 5 41 22 66 55 82 95 
Sat Apr 05 20:04:12 2014
times:5
solution is:5175.000000.       temperature is:999.990000
ans array:
14 21 69 96 91 74 29 46 42 32 49 90 92 26 44 68 34 59 83 1 18 28 33 6 57 86 10 76 81 78 53 85 12 54 23 13 8 75 73 56 77 60 36 30 80 38 87 16 98 9 17 39 72 79 70 89 52 99 48 51 97 58 61 100 62 50 2 3 65 47 94 25 35 20 5 19 31 43 45 27 40 37 88 63 84 71 7 22 11 24 55 82 93 64 66 4 67 41 15 95 
Sat Apr 05 20:04:22 2014
times:6
solution is:5198.000000.       temperature is:1000.000000
ans array:
80 26 74 10 49 91 60 14 32 47 100 42 52 72 87 20 95 38 84 83 53 81 75 31 24 76 71 8 86 19 70 88 73 6 33 79 7 23 77 67 78 29 12 17 5 50 85 92 13 58 11 51 90 68 36 93 61 89 21 28 43 27 57 48 37 56 94 55 64 59 15 98 96 54 4 65 18 41 46 1 22 39 30 69 82 99 44 63 62 40 2 25 35 34 97 3 16 66 45 9 
Sat Apr 05 20:04:32 2014
times:7
solution is:5198.000000.       temperature is:1000.000000
ans array:
80 49 26 74 14 65 54 95 23 91 96 46 19 44 71 30 18 97 69 8 47 57 20 73 31 60 92 32 29 24 52 84 94 43 72 70 58 93 10 6 33 42 67 51 85 100 63 90 61 11 17 25 55 98 37 82 62 2 76 79 1 27 45 87 35 39 21 3 4 12 88 68 83 89 81 22 16 53 7 99 59 34 86 13 78 66 40 38 50 48 77 5 75 36 56 64 28 41 15 9 
Sat Apr 05 20:04:42 2014
times:8
solution is:5175.000000.       temperature is:1000.000000
ans array:
14 21 2 91 42 69 44 31 77 74 75 80 54 92 26 61 85 10 57 70 88 6 38 23 20 86 89 12 95 35 79 19 51 39 49 100 25 58 98 63 29 7 13 18 59 97 87 15 73 84 76 16 56 96 64 32 65 52 37 34 71 17 93 9 4 43 83 90 60 46 94 82 3 24 45 48 78 81 67 27 68 30 99 8 36 1 47 62 40 55 41 11 33 50 5 28 72 66 22 53 
Sat Apr 05 20:04:52 2014
times:9
solution is:5181.000000.       temperature is:999.990000
ans array:
53 46 42 83 91 49 21 12 87 8 69 74 23 86 7 9 62 25 84 82 94 79 31 26 81 80 99 65 29 44 88 20 30 59 34 43 57 10 45 92 50 54 96 64 75 78 67 76 85 63 14 13 60 77 48 90 98 38 52 51 3 1 35 58 16 24 73 93 41 72 47 89 2 5 33 68 11 100 15 28 71 56 18 37 6 97 40 17 32 61 70 4 36 55 39 27 19 66 22 95 
Sat Apr 05 20:05:02 2014
The average run time for the algorithm is : 10.044800
The average solution for the algorithm is : 5180.800000
The maxx solution for the algorithm is : 5198.000000
The minn solution for the algorithm is : 5175.000000
