period=10.000000
Sat Apr 05 20:05:02 2014

N=100 M=5
times:0
solution is:5584.000000.       temperature is:999.980000
ans array:
70 40 73 57 33 71 37 59 83 91 27 51 60 98 35 19 86 67 74 24 1 28 75 64 9 26 92 8 34 29 22 21 48 85 99 87 68 93 54 100 30 77 43 47 11 76 5 32 16 80 31 25 90 3 23 6 7 44 66 97 84 39 63 81 2 56 41 89 69 10 65 61 17 94 96 36 58 88 12 13 55 38 52 4 53 50 79 14 15 72 42 62 45 20 78 82 46 49 18 95 
Sat Apr 05 20:05:12 2014
times:1
solution is:5584.000000.       temperature is:1000.000000
ans array:
70 40 47 73 96 6 37 42 9 100 31 71 81 32 19 72 26 57 2 77 14 88 64 98 25 67 86 41 59 93 69 78 43 33 49 51 92 66 74 34 3 50 1 54 10 13 23 53 48 16 87 62 97 44 24 21 84 46 35 83 15 76 27 5 28 82 30 11 75 60 52 55 39 29 90 20 85 58 45 17 63 36 68 80 99 89 18 12 38 91 4 61 65 94 56 7 22 8 79 95 
Sat Apr 05 20:05:22 2014
times:2
solution is:5595.000000.       temperature is:999.990000
ans array:
60 70 73 57 77 47 32 6 33 5 87 41 65 24 51 25 74 45 21 67 16 44 7 75 54 28 22 76 88 96 20 58 2 4 97 53 37 36 23 100 1 94 17 27 40 61 29 13 26 52 9 56 81 71 11 92 98 19 55 91 42 30 82 93 12 59 86 69 63 49 83 31 38 68 89 50 3 35 46 64 18 10 84 14 39 99 48 85 78 90 15 66 62 34 80 43 72 8 79 95 
Sat Apr 05 20:05:32 2014
times:3
solution is:5586.000000.       temperature is:1000.000000
ans array:
70 40 66 33 28 73 34 9 67 42 19 53 35 25 75 71 57 54 30 74 32 83 14 86 27 24 37 59 93 69 38 3 47 31 7 85 77 6 87 68 88 20 41 23 36 13 62 94 50 1 48 92 80 96 49 5 52 64 51 76 4 29 98 8 22 60 81 91 10 100 44 11 90 72 16 21 46 12 89 18 99 45 39 97 79 78 82 65 43 55 2 56 95 84 15 58 61 26 17 63 
Sat Apr 05 20:05:43 2014
times:4
solution is:5584.000000.       temperature is:999.990000
ans array:
70 40 73 96 5 80 33 56 57 71 64 1 6 28 32 16 3 53 47 92 55 11 35 31 12 62 59 93 90 98 7 48 30 15 21 42 91 45 67 17 2 37 60 66 8 77 9 75 58 72 54 24 29 89 87 20 51 23 63 14 13 19 27 94 88 22 49 52 34 83 86 25 50 81 46 100 76 78 65 84 68 97 82 74 61 85 43 26 39 44 69 99 36 38 4 10 41 18 79 95 
Sat Apr 05 20:05:53 2014
times:5
solution is:5584.000000.       temperature is:1000.000000
ans array:
70 40 73 19 35 33 31 23 37 59 100 30 86 57 24 5 71 74 55 47 27 2 20 80 51 6 12 28 69 14 81 90 1 96 34 54 78 72 43 58 22 88 41 13 75 52 98 87 89 3 94 92 26 7 61 67 76 63 29 93 48 11 36 42 60 77 84 44 18 68 21 82 8 64 50 25 97 85 56 32 53 99 38 46 65 91 45 83 62 9 15 39 49 79 4 66 16 17 10 95 
Sat Apr 05 20:06:03 2014
times:6
solution is:5584.000000.       temperature is:999.990000
ans array:
70 40 73 57 19 33 5 64 6 16 76 1 77 35 14 51 50 55 83 60 67 3 62 74 37 96 87 21 48 15 29 65 9 34 11 100 88 56 90 72 44 20 39 28 17 4 81 42 23 58 98 92 27 41 53 47 52 25 24 94 7 71 13 32 86 97 91 10 31 49 30 22 89 69 2 36 26 12 93 75 84 59 43 63 99 45 82 68 38 54 66 46 8 18 85 61 78 80 79 95 
Sat Apr 05 20:06:13 2014
times:7
solution is:5584.000000.       temperature is:1000.000000
ans array:
70 40 58 19 16 6 71 74 32 30 76 12 49 83 57 33 31 55 88 67 34 69 14 51 27 37 81 73 77 23 89 72 66 63 48 98 53 60 38 90 92 54 1 7 84 44 35 26 80 87 18 85 86 5 65 50 13 59 3 21 75 42 29 41 2 20 91 100 43 28 47 24 8 97 4 25 11 15 93 64 36 99 94 62 78 10 9 22 79 39 17 46 96 45 52 68 56 82 61 95 
Sat Apr 05 20:06:23 2014
times:8
solution is:5595.000000.       temperature is:1000.000000
ans array:
60 70 63 32 19 59 16 80 43 28 6 33 92 25 97 48 75 30 31 84 67 96 76 34 9 40 8 68 27 77 86 65 23 7 42 5 47 74 26 57 91 53 62 20 1 44 13 17 64 83 61 50 2 54 41 24 89 94 81 66 56 3 11 49 21 69 71 45 88 14 12 10 35 18 29 55 73 85 37 87 51 90 4 82 22 15 98 72 93 36 52 99 39 46 38 78 58 100 79 95 
Sat Apr 05 20:06:33 2014
times:9
solution is:5585.000000.       temperature is:1000.000000
ans array:
70 40 65 16 28 5 9 6 14 37 25 63 33 51 47 59 54 71 31 87 29 57 39 60 92 74 32 17 43 67 19 89 61 12 75 26 96 34 58 72 42 73 64 24 90 35 30 8 20 78 94 27 7 55 100 88 81 23 79 50 41 53 77 15 13 84 83 3 21 2 11 62 86 69 56 18 80 95 22 48 4 10 1 98 76 97 45 99 91 93 44 68 46 36 49 85 38 82 52 66 
Sat Apr 05 20:06:43 2014
The average run time for the algorithm is : 10.041900
The average solution for the algorithm is : 5586.500000
The maxx solution for the algorithm is : 5595.000000
The minn solution for the algorithm is : 5584.000000
