period=10.000000
Sat Apr 05 20:06:43 2014

N=100 M=5
times:0
solution is:5492.000000.       temperature is:999.990000
ans array:
75 90 95 71 32 94 17 47 100 62 88 40 84 69 60 57 15 25 78 83 30 45 31 19 9 46 54 64 63 6 18 89 13 24 34 44 68 41 20 85 36 7 92 51 29 3 72 86 50 73 39 26 70 12 65 99 33 74 98 59 53 5 23 14 55 79 76 91 49 96 42 82 56 58 11 77 52 28 43 61 37 38 67 16 4 22 93 21 97 66 1 8 80 87 81 48 10 27 35 2 
Sat Apr 05 20:06:53 2014
times:1
solution is:5488.000000.       temperature is:1000.000000
ans array:
75 90 69 31 10 20 29 56 85 93 47 42 43 30 54 64 44 22 15 92 50 2 63 40 6 41 36 19 79 86 59 16 18 25 17 100 14 9 49 48 82 91 95 4 24 94 70 11 77 33 78 26 32 52 23 21 68 13 39 38 71 83 12 58 53 61 84 51 72 45 81 89 46 96 74 28 7 73 5 88 67 97 3 8 37 55 57 99 35 80 76 98 34 27 60 1 87 65 66 62 
Sat Apr 05 20:07:03 2014
times:2
solution is:5477.000000.       temperature is:999.980000
ans array:
75 47 92 2 69 88 71 31 6 37 29 52 12 86 82 20 79 96 41 55 72 57 21 10 63 36 77 64 43 35 100 68 30 14 51 94 19 32 22 24 33 58 9 42 3 73 93 81 97 25 85 95 78 40 61 80 84 13 90 83 48 98 56 15 23 39 50 45 76 44 87 70 4 27 67 60 5 46 91 34 7 99 89 28 17 11 16 53 49 59 54 74 18 1 65 66 8 38 26 62 
Sat Apr 05 20:07:13 2014
times:3
solution is:5488.000000.       temperature is:1000.000000
ans array:
75 90 88 64 99 20 12 2 95 37 63 80 30 43 84 70 60 45 19 42 23 93 92 16 94 6 21 89 57 82 10 55 83 81 24 62 27 22 15 78 58 3 50 32 18 48 87 77 49 86 11 4 44 38 100 39 73 96 72 34 5 14 68 56 41 53 28 36 76 17 29 71 91 9 7 33 31 52 13 59 69 85 25 61 54 1 79 51 98 40 46 8 97 67 74 65 35 47 26 66 
Sat Apr 05 20:07:23 2014
times:4
solution is:5480.000000.       temperature is:999.990000
ans array:
75 47 2 20 17 24 83 69 56 46 19 84 6 58 91 29 53 40 97 94 71 92 57 64 37 21 4 63 13 61 90 38 12 31 95 59 78 9 25 70 82 55 43 10 99 86 48 72 100 74 36 89 22 15 28 27 87 26 23 33 32 18 41 76 11 42 3 30 96 34 93 52 77 39 45 54 8 80 5 16 14 73 50 44 66 85 51 98 49 65 79 68 67 88 81 1 35 7 60 62 
Sat Apr 05 20:07:33 2014
times:5
solution is:5483.000000.       temperature is:999.980000
ans array:
75 20 63 57 73 69 27 85 64 95 46 25 54 43 71 6 84 90 18 21 3 41 77 8 83 53 5 4 22 82 89 50 48 42 79 34 24 56 23 55 70 67 100 15 76 1 60 16 47 39 81 74 86 36 32 40 45 10 29 94 30 52 80 44 19 51 14 11 87 98 26 49 88 31 93 17 9 96 59 91 99 66 78 58 72 28 13 7 61 33 68 37 38 97 35 65 92 12 62 2 
Sat Apr 05 20:07:43 2014
times:6
solution is:5486.000000.       temperature is:1000.000000
ans array:
62 2 20 24 31 83 69 74 18 78 15 29 72 73 9 36 16 99 60 4 87 50 64 63 96 70 34 94 17 23 28 100 48 6 42 85 11 51 95 80 81 84 53 43 93 55 75 46 41 89 77 21 92 45 19 5 86 49 54 22 44 56 32 71 98 13 59 82 39 27 14 91 10 7 12 88 79 57 97 58 90 3 25 38 33 40 30 52 67 76 8 47 61 37 1 68 35 65 26 66 
Sat Apr 05 20:07:53 2014
times:7
solution is:5477.000000.       temperature is:999.980000
ans array:
75 90 29 84 2 64 94 5 20 15 86 82 42 73 27 92 95 63 9 83 31 68 17 80 53 43 24 21 85 67 11 93 69 79 70 44 30 51 39 71 13 78 3 25 57 8 59 36 10 72 23 50 14 89 49 41 96 1 54 37 6 74 22 16 99 61 100 18 47 52 12 32 88 45 38 19 91 40 77 55 60 7 26 87 34 76 98 56 48 58 33 65 66 4 28 35 81 97 46 62 
Sat Apr 05 20:08:03 2014
times:8
solution is:5477.000000.       temperature is:999.980000
ans array:
75 2 20 93 51 41 16 31 32 80 46 69 48 73 86 87 83 14 94 23 98 96 84 67 90 7 56 36 52 39 64 95 18 50 4 30 82 1 10 9 60 76 21 74 71 66 24 47 45 65 27 40 22 59 6 17 53 15 43 54 19 49 78 99 91 25 72 11 63 42 12 33 77 61 79 70 55 92 29 68 34 57 88 58 81 3 85 100 97 8 44 89 5 37 28 13 35 38 26 62 
Sat Apr 05 20:08:13 2014
times:9
solution is:5478.000000.       temperature is:999.980000
ans array:
75 20 63 71 45 43 54 78 56 64 7 22 69 59 19 21 14 31 2 61 27 92 84 12 42 1 93 77 30 76 16 40 4 73 68 24 70 11 8 72 94 29 32 15 55 95 86 89 38 41 47 6 100 36 51 17 34 23 33 3 28 80 57 5 48 81 49 79 60 98 91 50 88 87 85 99 53 90 39 44 37 82 18 58 97 25 52 83 96 74 46 67 9 66 13 10 65 35 26 62 
Sat Apr 05 20:08:23 2014
The average run time for the algorithm is : 10.048000
The average solution for the algorithm is : 5482.600000
The maxx solution for the algorithm is : 5492.000000
The minn solution for the algorithm is : 5477.000000
