period=10.000000
Sat Apr 05 20:08:23 2014

N=100 M=10
times:0
solution is:6760.000000.       temperature is:1000.000000
ans array:
93 58 65 21 57 37 56 42 55 22 68 2 6 1 23 77 96 32 48 80 39 71 44 36 46 9 45 81 76 19 50 62 64 83 54 79 90 99 60 63 59 41 67 94 31 33 15 92 73 35 78 100 97 75 98 29 70 40 27 20 7 26 14 25 24 18 49 72 28 66 82 17 61 86 89 13 11 3 43 10 53 85 87 88 52 95 51 69 8 16 74 4 30 84 47 34 5 38 91 12 
Sat Apr 05 20:08:33 2014
times:1
solution is:6789.000000.       temperature is:999.990000
ans array:
93 44 58 15 95 37 54 6 80 78 65 96 22 48 85 52 34 77 61 83 94 55 2 67 38 79 56 64 42 97 1 41 20 32 10 57 5 46 53 35 72 73 16 88 71 11 68 3 62 98 69 29 59 17 50 12 90 99 28 92 86 13 81 9 31 60 49 14 75 7 40 100 70 89 18 63 76 43 25 24 66 84 82 33 47 36 91 30 74 87 39 23 19 4 27 8 26 51 21 45 
Sat Apr 05 20:08:44 2014
times:2
solution is:6768.000000.       temperature is:999.990000
ans array:
44 5 58 95 21 32 48 85 10 96 57 50 94 26 71 60 34 56 54 47 88 67 15 59 6 70 55 74 77 41 66 64 73 40 83 61 24 38 79 17 80 37 19 16 3 52 23 9 35 78 87 42 97 13 69 92 39 49 18 53 25 98 22 62 1 72 31 2 14 12 33 8 86 68 81 4 30 28 46 99 82 43 29 89 76 84 51 63 75 36 100 65 11 20 91 27 93 90 7 45 
Sat Apr 05 20:08:54 2014
times:3
solution is:6804.000000.       temperature is:1000.000000
ans array:
70 58 95 2 45 54 21 6 10 40 88 62 15 72 14 37 60 97 42 66 96 56 29 32 55 71 48 64 65 12 5 1 50 39 17 23 94 85 82 59 22 93 92 19 11 75 36 67 69 80 49 31 68 9 18 33 53 34 61 27 51 98 73 26 46 28 86 100 83 41 4 79 74 81 99 16 78 20 3 89 30 38 35 25 8 24 52 63 76 57 77 13 87 7 43 84 47 90 44 91 
Sat Apr 05 20:09:04 2014
times:4
solution is:6767.000000.       temperature is:999.990000
ans array:
58 95 45 6 65 37 25 56 85 57 83 2 68 54 15 55 80 72 60 47 62 1 97 22 92 10 61 79 34 17 67 96 46 77 41 29 14 90 40 28 100 64 18 35 71 50 23 88 36 4 39 52 66 42 94 81 74 98 3 48 32 27 13 82 43 87 86 76 49 63 12 9 69 38 73 89 59 75 7 24 19 84 31 78 16 99 33 8 53 30 11 20 91 70 26 51 93 5 44 21 
Sat Apr 05 20:09:14 2014
times:5
solution is:6800.000000.       temperature is:1000.000000
ans array:
44 27 58 65 45 21 37 57 54 94 68 77 6 50 14 70 56 66 15 22 97 60 32 96 2 1 36 61 95 62 23 40 64 92 7 29 35 39 10 85 71 30 9 26 55 83 42 86 91 28 47 34 41 49 67 99 51 73 72 38 93 31 80 81 74 20 63 87 16 75 59 33 13 3 69 88 82 79 53 100 46 76 18 43 17 90 78 19 84 8 11 98 48 89 24 4 5 52 25 12 
Sat Apr 05 20:09:24 2014
times:6
solution is:6756.000000.       temperature is:1000.000000
ans array:
93 58 15 95 6 72 56 21 44 37 68 10 54 61 48 96 71 65 57 85 80 97 86 64 40 41 34 3 7 77 83 67 66 32 60 49 31 22 53 17 36 42 25 39 35 70 38 50 13 1 75 55 24 92 82 90 88 30 100 52 79 23 29 18 4 19 94 51 87 26 74 46 14 11 5 73 78 99 28 12 33 91 2 89 43 98 76 20 59 63 69 16 9 27 8 81 62 84 47 45 
Sat Apr 05 20:09:34 2014
times:7
solution is:6764.000000.       temperature is:999.990000
ans array:
44 52 58 5 37 21 6 1 56 50 54 60 66 40 15 68 62 64 29 2 57 31 61 10 23 100 69 48 97 79 42 77 22 80 72 67 86 85 82 89 41 96 11 38 94 73 12 74 88 20 16 75 36 17 95 3 34 53 28 35 91 90 14 70 26 19 49 39 25 59 83 7 4 92 13 87 71 43 18 55 78 76 30 63 46 51 8 9 32 33 47 65 93 84 99 27 24 98 81 45 
Sat Apr 05 20:09:44 2014
times:8
solution is:6774.000000.       temperature is:1000.000000
ans array:
44 37 95 21 48 65 54 61 56 34 94 15 6 1 59 67 92 64 3 58 10 50 17 55 35 12 36 91 57 85 19 93 31 68 69 52 86 79 96 29 80 46 22 81 53 20 14 77 7 74 43 66 60 49 2 98 13 83 32 76 87 41 4 38 97 40 71 27 73 25 23 42 70 39 51 33 90 28 18 8 88 9 63 30 78 11 100 82 62 75 84 24 16 99 89 26 5 72 47 45 
Sat Apr 05 20:09:54 2014
times:9
solution is:6780.000000.       temperature is:999.990000
ans array:
93 21 6 56 32 14 70 37 95 78 59 10 41 15 85 74 48 55 60 64 83 62 77 81 52 65 43 94 54 89 68 47 67 58 61 80 9 57 23 34 38 96 19 98 79 92 40 28 35 71 20 2 33 72 17 86 100 22 90 50 36 11 63 12 31 1 39 73 82 4 18 49 42 88 29 46 76 66 75 97 87 24 16 27 3 30 25 7 91 99 13 53 84 69 8 26 5 51 44 45 
Sat Apr 05 20:10:04 2014
The average run time for the algorithm is : 10.071000
The average solution for the algorithm is : 6776.200000
The maxx solution for the algorithm is : 6804.000000
The minn solution for the algorithm is : 6756.000000
