period=10.000000
Sat Apr 05 20:10:04 2014

N=100 M=10
times:0
solution is:6190.000000.       temperature is:1000.000000
ans array:
46 12 66 44 59 21 24 87 61 47 89 69 54 35 49 99 98 40 80 32 95 8 94 96 74 29 25 45 64 90 6 88 65 48 37 16 82 2 3 9 97 28 62 5 1 77 7 4 41 53 39 68 56 14 72 15 17 52 10 73 55 23 57 18 93 11 34 58 22 85 51 78 63 70 75 38 76 13 60 91 83 30 86 50 31 19 20 81 67 92 42 27 33 71 79 26 36 84 43 100 
Sat Apr 05 20:10:14 2014
times:1
solution is:6189.000000.       temperature is:1000.000000
ans array:
46 98 87 66 59 39 3 8 57 69 35 15 25 49 82 42 48 75 90 40 10 51 47 54 53 81 37 7 55 77 60 64 21 76 74 92 6 27 61 73 45 13 86 29 80 68 4 1 78 17 95 62 50 28 5 14 32 20 71 22 72 89 41 96 18 19 83 63 26 24 94 79 34 9 52 91 11 36 88 97 30 44 99 16 93 58 38 65 70 33 84 85 100 12 23 31 43 2 56 67 
Sat Apr 05 20:10:24 2014
times:2
solution is:6190.000000.       temperature is:1000.000000
ans array:
46 12 60 66 96 95 92 39 74 69 4 65 24 25 59 42 45 48 57 72 94 52 7 37 35 49 18 15 87 73 21 40 10 55 75 41 54 9 61 2 32 47 29 36 89 71 5 64 76 51 99 13 3 93 85 58 80 22 50 8 17 23 33 88 6 81 19 11 28 83 1 20 82 30 56 98 68 77 90 78 70 62 63 34 86 97 84 14 38 79 53 26 27 16 31 67 91 44 43 100 
Sat Apr 05 20:10:34 2014
times:3
solution is:6189.000000.       temperature is:1000.000000
ans array:
46 98 66 39 49 69 25 43 45 75 12 61 54 22 73 28 96 48 64 76 94 30 37 95 59 42 10 99 9 97 87 82 1 38 53 4 47 90 35 58 89 40 33 60 29 14 70 3 13 24 92 8 68 15 72 44 7 51 16 80 18 27 17 52 93 41 65 77 79 74 88 23 6 32 85 21 86 26 55 57 2 83 36 63 11 84 5 19 62 20 71 78 34 81 91 50 31 100 56 67 
Sat Apr 05 20:10:44 2014
times:4
solution is:6189.000000.       temperature is:1000.000000
ans array:
46 98 66 87 61 8 47 69 7 73 57 49 95 71 80 99 26 39 29 88 90 40 75 48 74 94 12 16 85 62 4 37 35 97 51 2 96 25 72 52 19 60 18 59 10 81 78 63 9 55 3 28 1 6 21 45 53 20 32 76 42 33 15 5 31 82 64 27 83 14 13 92 24 91 100 22 68 38 89 54 77 44 93 84 50 23 34 17 58 11 56 36 70 86 43 65 30 41 79 67 
Sat Apr 05 20:10:55 2014
times:5
solution is:6190.000000.       temperature is:1000.000000
ans array:
46 12 95 66 54 87 98 24 39 2 64 42 72 38 47 40 53 59 25 37 28 15 44 6 57 7 4 58 49 14 35 8 1 61 99 20 29 32 69 79 82 22 51 9 73 75 76 52 19 80 10 94 26 48 3 5 34 36 62 65 90 93 74 88 81 84 86 96 56 92 13 63 89 67 60 27 97 11 18 68 78 33 91 23 85 77 83 45 71 55 17 70 30 21 50 16 31 41 43 100 
Sat Apr 05 20:11:05 2014
times:6
solution is:6190.000000.       temperature is:999.990000
ans array:
46 12 66 69 60 25 59 65 61 88 98 32 77 96 50 99 1 21 7 10 74 40 97 57 83 29 92 72 28 38 54 47 4 37 13 35 64 20 89 93 82 26 87 68 39 9 86 49 94 24 8 58 52 6 45 11 73 41 5 90 63 3 48 95 80 42 76 55 34 22 78 27 30 75 16 70 14 19 71 36 15 84 44 53 91 31 33 81 62 17 56 23 2 18 51 79 85 67 43 100 
Sat Apr 05 20:11:15 2014
times:7
solution is:6190.000000.       temperature is:1000.000000
ans array:
46 12 65 66 99 45 74 10 61 25 87 29 59 73 42 32 95 8 52 35 82 88 4 40 11 96 97 28 92 39 77 72 69 90 37 49 80 18 56 21 24 89 22 58 13 54 94 15 19 7 44 76 3 78 2 57 64 51 53 85 23 9 68 17 20 67 62 93 47 71 63 5 48 27 36 75 6 33 1 38 26 79 91 16 98 86 34 50 60 83 30 70 55 31 84 14 41 43 81 100 
Sat Apr 05 20:11:25 2014
times:8
solution is:6189.000000.       temperature is:1000.000000
ans array:
46 98 66 61 87 59 12 21 7 69 60 39 58 47 24 1 2 17 43 57 88 28 76 54 72 48 45 4 14 49 22 10 53 74 8 71 64 89 29 55 50 32 3 25 51 73 81 80 56 16 35 90 15 94 86 37 18 65 68 82 85 9 77 93 41 97 92 62 63 42 95 5 27 13 52 40 75 11 84 20 78 44 38 96 83 99 79 70 100 33 34 19 23 91 30 36 6 31 26 67 
Sat Apr 05 20:11:35 2014
times:9
solution is:6190.000000.       temperature is:1000.000000
ans array:
46 12 49 60 98 38 95 28 39 71 65 24 8 25 22 54 66 90 52 15 14 40 7 18 21 87 59 48 69 3 96 64 76 61 5 26 57 4 74 41 35 73 32 78 82 37 1 62 63 27 68 11 17 42 50 29 51 72 70 53 19 94 89 80 99 33 92 10 30 79 2 9 20 47 13 97 77 88 75 93 55 86 56 34 81 23 84 31 91 44 45 58 6 67 16 85 36 83 43 100 
Sat Apr 05 20:11:45 2014
The average run time for the algorithm is : 10.088100
The average solution for the algorithm is : 6189.600000
The maxx solution for the algorithm is : 6190.000000
The minn solution for the algorithm is : 6189.000000
