period=10.000000
Sat Apr 05 20:11:45 2014

N=100 M=10
times:0
solution is:6751.000000.       temperature is:1000.000000
ans array:
45 25 55 50 13 74 52 94 67 80 32 35 62 36 33 75 5 66 34 71 7 83 95 6 98 41 19 54 22 21 42 79 17 76 48 73 8 29 56 3 91 58 53 30 59 92 68 51 64 40 37 89 47 23 12 44 46 43 38 4 88 90 10 26 78 93 57 96 2 20 63 14 72 39 49 99 100 16 86 28 24 97 9 61 31 84 11 1 15 70 85 87 77 60 82 69 27 65 18 81 
Sat Apr 05 20:11:55 2014
times:1
solution is:6764.000000.       temperature is:1000.000000
ans array:
45 94 81 96 62 73 84 3 6 9 93 66 44 52 92 11 10 49 8 31 67 74 42 53 91 46 13 56 71 30 99 14 4 70 50 65 22 47 59 58 54 25 72 1 88 76 100 21 68 83 38 29 87 35 20 19 63 2 85 40 57 75 16 41 5 97 51 36 32 95 82 39 23 98 28 61 43 12 90 78 79 15 34 48 64 60 33 26 89 24 27 7 69 77 80 37 86 17 18 55 
Sat Apr 05 20:12:05 2014
times:2
solution is:6751.000000.       temperature is:1000.000000
ans array:
45 25 39 87 56 94 92 74 4 42 6 18 76 84 50 49 78 10 3 32 100 22 72 13 63 90 20 53 29 7 93 46 2 96 89 23 58 61 67 11 68 21 1 24 35 43 91 62 26 65 54 47 38 8 19 73 83 64 71 88 79 77 17 98 66 14 59 44 86 34 99 51 40 12 70 27 41 48 37 30 36 95 57 82 33 28 31 69 85 97 75 80 5 16 9 60 15 52 55 81 
Sat Apr 05 20:12:15 2014
times:3
solution is:6753.000000.       temperature is:999.990000
ans array:
45 94 39 96 74 38 49 13 67 35 70 4 41 91 52 86 42 22 62 34 14 83 21 43 78 10 93 7 9 11 6 47 77 61 53 3 51 59 72 26 88 99 89 1 66 58 82 46 57 56 85 65 12 71 76 29 25 50 48 5 87 54 19 27 2 75 32 23 20 90 84 31 63 73 16 44 92 80 98 97 79 36 100 30 33 40 60 28 24 68 15 64 69 8 95 17 37 55 18 81 
Sat Apr 05 20:12:25 2014
times:4
solution is:6751.000000.       temperature is:1000.000000
ans array:
45 25 55 31 74 96 49 76 58 16 88 90 6 43 53 80 21 85 3 52 39 60 8 20 26 35 12 28 34 89 13 72 27 38 51 42 37 70 83 10 71 93 41 59 92 62 14 22 54 11 63 30 73 9 78 79 100 84 68 7 17 19 1 23 2 91 99 86 67 56 66 33 44 65 46 5 29 47 95 32 48 57 61 4 50 64 97 94 75 82 36 24 15 98 87 40 69 77 18 81 
Sat Apr 05 20:12:35 2014
times:5
solution is:6764.000000.       temperature is:1000.000000
ans array:
45 94 81 96 67 39 42 74 14 38 43 73 62 13 50 48 22 58 3 35 21 12 88 31 91 7 71 33 49 89 95 28 29 76 16 100 26 53 99 9 65 84 77 80 75 2 19 23 54 51 34 78 83 30 6 46 17 93 36 5 20 63 24 60 70 64 86 97 68 1 25 79 90 72 41 59 87 8 11 56 4 98 61 92 32 10 82 15 44 52 47 66 85 40 69 27 37 57 18 55 
Sat Apr 05 20:12:46 2014
times:6
solution is:6766.000000.       temperature is:1000.000000
ans array:
45 25 81 38 52 74 67 3 59 10 88 32 50 2 4 22 62 35 70 17 44 49 56 58 23 21 73 14 26 93 15 54 85 42 78 80 9 94 40 48 79 82 96 89 7 91 76 84 99 8 92 66 77 90 13 100 28 31 75 39 24 97 12 51 47 57 72 71 63 98 11 60 68 36 16 5 19 33 87 43 29 6 46 53 83 61 34 30 64 20 27 1 95 37 69 65 41 86 18 55 
Sat Apr 05 20:12:56 2014
times:7
solution is:6751.000000.       temperature is:1000.000000
ans array:
45 25 39 31 49 58 67 56 13 11 3 68 91 8 92 96 83 50 85 60 6 74 54 9 16 82 95 14 73 84 48 79 34 35 26 94 51 32 64 93 42 22 27 12 4 97 53 17 87 61 21 10 23 41 98 89 46 5 38 28 63 19 24 52 90 88 30 36 66 43 62 75 100 71 40 72 2 80 37 47 29 1 76 70 57 44 7 78 33 59 99 20 15 86 65 69 55 77 18 81 
Sat Apr 05 20:13:06 2014
times:8
solution is:6759.000000.       temperature is:1000.000000
ans array:
45 94 39 96 22 92 31 3 21 52 6 66 32 63 14 55 93 88 54 2 38 10 73 76 100 87 71 53 58 62 25 49 18 75 28 74 12 56 27 16 36 89 91 19 5 86 47 40 60 61 17 13 57 97 33 11 24 72 44 83 8 4 7 85 37 29 90 26 67 51 68 41 43 23 9 35 42 79 99 46 64 30 1 95 50 84 34 78 20 80 82 77 70 48 98 59 69 65 15 81 
Sat Apr 05 20:13:16 2014
times:9
solution is:6751.000000.       temperature is:1000.000000
ans array:
45 25 39 74 31 49 56 1 21 4 48 87 38 88 22 13 76 83 98 93 58 42 46 26 32 67 71 53 73 14 96 61 97 37 55 23 86 27 100 40 6 91 62 52 85 20 57 90 34 72 84 10 51 65 7 94 70 92 63 82 30 11 28 68 5 3 24 33 44 66 59 79 29 50 35 17 15 16 19 75 54 8 95 9 2 99 89 47 36 43 64 78 12 80 60 41 69 77 18 81 
Sat Apr 05 20:13:26 2014
The average run time for the algorithm is : 10.086300
The average solution for the algorithm is : 6756.100000
The maxx solution for the algorithm is : 6766.000000
The minn solution for the algorithm is : 6751.000000
