period=10.000000
Sat Apr 05 20:13:26 2014

N=100 M=10
times:0
solution is:6508.000000.       temperature is:999.990000
ans array:
5 95 24 87 80 49 76 32 46 63 81 78 2 8 25 53 39 82 75 96 27 14 99 47 86 84 93 69 92 51 4 62 10 54 9 71 28 77 45 66 58 89 67 36 16 23 91 48 43 11 70 56 17 59 72 40 90 26 94 1 41 7 83 55 85 60 15 18 19 12 68 88 100 37 74 3 73 6 57 42 31 97 29 30 34 50 21 65 52 33 20 22 44 61 13 79 38 98 35 64 
Sat Apr 05 20:13:36 2014
times:1
solution is:6554.000000.       temperature is:999.990000
ans array:
5 53 47 89 69 87 2 25 75 100 78 96 48 8 49 76 34 23 54 97 93 72 95 85 63 42 15 88 14 19 80 99 94 26 71 66 60 21 58 27 4 35 24 83 56 18 37 7 46 45 12 59 51 17 10 81 90 1 39 86 82 70 62 3 77 92 68 16 67 38 9 40 84 50 55 57 74 79 33 29 44 28 11 31 6 61 30 73 20 43 22 91 36 52 41 32 13 98 65 64 
Sat Apr 05 20:13:46 2014
times:2
solution is:6507.000000.       temperature is:999.990000
ans array:
5 95 2 100 30 86 87 11 49 14 80 72 25 69 56 62 40 53 24 21 17 34 76 89 47 68 26 90 71 67 46 92 88 60 45 83 8 7 91 33 48 61 43 63 19 84 93 23 50 96 59 74 77 39 37 99 16 75 54 52 73 55 66 78 3 9 57 18 1 81 27 65 35 82 6 36 42 85 58 12 10 31 94 51 44 4 98 22 38 20 97 13 32 28 29 41 70 15 79 64 
Sat Apr 05 20:13:56 2014
times:3
solution is:6511.000000.       temperature is:1000.000000
ans array:
5 95 80 8 87 25 86 48 72 24 49 99 23 88 96 78 79 14 97 47 81 76 51 39 26 10 4 52 15 53 93 58 82 9 46 68 71 66 74 89 17 2 37 34 56 19 83 92 69 90 77 42 40 75 28 70 67 7 30 94 27 55 36 100 16 21 6 85 11 20 63 38 18 31 54 84 41 73 62 35 1 50 43 98 65 45 57 59 12 60 3 13 44 29 61 22 91 33 32 64 
Sat Apr 05 20:14:06 2014
times:4
solution is:6568.000000.       temperature is:1000.000000
ans array:
5 75 58 14 87 48 46 26 2 69 89 80 25 93 27 95 8 82 35 96 47 4 23 12 76 56 24 72 40 21 53 92 42 94 15 71 83 57 7 33 81 97 98 79 88 34 3 70 91 65 10 43 54 49 30 86 17 18 85 19 6 77 37 52 99 39 67 63 51 59 74 11 66 29 22 73 61 16 60 78 28 90 36 84 38 55 45 1 50 62 9 41 13 100 31 44 20 64 68 32 
Sat Apr 05 20:14:16 2014
times:5
solution is:6517.000000.       temperature is:1000.000000
ans array:
5 24 95 2 89 25 93 53 92 80 7 34 20 63 47 87 75 72 49 96 97 78 88 8 45 48 76 46 39 50 30 1 86 23 71 15 77 17 74 31 85 51 56 61 11 83 60 67 99 21 94 100 28 65 33 42 57 14 91 4 12 35 26 69 6 55 3 68 54 19 44 62 66 43 58 79 9 10 84 40 81 16 70 29 38 73 27 82 22 59 13 36 37 98 52 18 41 90 32 64 
Sat Apr 05 20:14:26 2014
times:6
solution is:6520.000000.       temperature is:1000.000000
ans array:
5 95 81 87 49 25 8 48 84 24 58 2 82 54 89 47 90 34 4 46 96 76 69 31 17 14 71 26 80 12 51 63 94 1 88 15 77 9 10 27 83 78 21 62 40 33 56 92 55 72 53 41 93 3 85 75 97 39 68 59 74 19 20 22 100 60 67 99 43 16 98 45 70 61 38 6 7 73 18 52 30 28 86 36 50 35 11 66 23 79 57 29 37 42 13 65 91 44 32 64 
Sat Apr 05 20:14:36 2014
times:7
solution is:6534.000000.       temperature is:999.990000
ans array:
5 75 8 87 89 24 80 25 2 58 93 33 72 56 14 69 46 48 84 47 82 27 26 92 21 99 39 86 53 19 83 32 55 43 7 61 40 9 71 4 49 90 34 88 100 3 23 76 66 11 10 97 41 57 68 45 59 15 62 81 17 96 77 78 91 29 37 12 18 51 63 31 44 36 1 6 28 67 85 50 16 64 54 94 70 74 42 65 60 30 79 35 52 22 20 38 98 13 73 95 
Sat Apr 05 20:14:46 2014
times:8
solution is:6511.000000.       temperature is:999.990000
ans array:
5 95 80 87 53 25 8 97 34 96 76 46 88 47 48 19 24 26 78 69 89 49 2 55 3 82 66 14 30 4 7 21 1 71 81 67 39 72 93 60 74 15 9 83 28 86 59 68 56 85 29 44 75 17 27 42 31 99 63 54 40 36 92 33 6 94 91 84 41 32 35 100 11 77 20 16 58 10 45 57 61 79 73 23 51 70 43 90 37 18 62 50 12 22 52 38 13 98 65 64 
Sat Apr 05 20:14:56 2014
times:9
solution is:6512.000000.       temperature is:999.990000
ans array:
5 95 24 87 80 49 8 48 96 89 4 47 25 21 67 81 53 46 92 86 26 10 69 14 23 71 34 83 51 11 75 76 63 56 91 90 33 16 57 88 55 84 45 3 82 62 39 7 2 78 72 20 6 43 93 77 99 40 17 70 97 36 1 18 66 60 28 27 54 29 58 73 50 59 31 42 44 12 35 52 85 30 68 19 74 37 100 15 13 9 41 32 79 38 61 22 65 94 64 98 
Sat Apr 05 20:15:07 2014
The average run time for the algorithm is : 10.062700
The average solution for the algorithm is : 6524.200000
The maxx solution for the algorithm is : 6568.000000
The minn solution for the algorithm is : 6507.000000
