period=10.000000
Sat Apr 05 20:15:07 2014

N=100 M=10
times:0
solution is:6415.000000.       temperature is:1000.000000
ans array:
79 33 46 72 83 57 75 35 3 28 14 100 85 84 18 11 27 94 13 26 66 77 9 92 70 61 22 12 6 34 96 97 1 88 40 5 68 78 55 41 98 38 89 8 99 74 20 4 90 36 7 2 45 31 86 54 56 16 76 58 81 80 23 53 30 71 59 24 67 50 48 82 19 10 17 21 64 42 65 39 95 52 93 47 37 44 43 69 73 51 87 25 62 60 15 91 32 63 29 49 
Sat Apr 05 20:15:17 2014
times:1
solution is:6439.000000.       temperature is:1000.000000
ans array:
33 79 28 94 100 57 95 90 83 78 84 81 39 34 17 2 30 18 75 22 42 87 96 9 6 46 40 62 71 99 8 14 48 41 31 1 64 86 38 63 5 16 35 54 67 45 60 88 51 50 76 23 65 70 97 4 53 82 44 12 20 26 77 7 29 24 66 52 43 58 61 80 72 89 68 47 85 56 27 21 74 92 36 98 49 93 19 10 13 73 55 3 69 15 32 37 25 59 11 91 
Sat Apr 05 20:15:27 2014
times:2
solution is:6403.000000.       temperature is:1000.000000
ans array:
79 33 83 81 2 18 27 65 86 13 9 40 14 51 38 61 5 96 77 31 97 8 34 48 10 20 44 94 30 67 72 47 22 42 68 53 17 70 84 3 41 19 78 12 57 23 93 99 58 82 75 71 4 24 16 46 62 37 39 1 21 66 76 90 92 98 35 63 64 95 55 80 6 15 89 73 100 69 85 54 25 28 36 7 50 88 59 26 43 32 45 11 60 56 29 52 91 74 87 49 
Sat Apr 05 20:15:37 2014
times:3
solution is:6419.000000.       temperature is:999.990000
ans array:
83 57 79 65 28 86 90 61 33 77 84 87 22 44 20 89 13 2 38 70 71 99 85 16 23 40 27 97 96 47 6 30 72 45 10 9 67 3 81 64 58 94 18 88 63 95 51 43 5 21 34 7 46 42 53 1 66 39 41 82 17 12 32 75 54 80 68 31 74 36 52 55 8 15 35 60 56 69 11 92 93 48 14 100 19 4 37 25 50 24 26 76 98 78 59 62 91 73 29 49 
Sat Apr 05 20:15:47 2014
times:4
solution is:6415.000000.       temperature is:999.990000
ans array:
83 76 2 94 86 71 97 40 79 77 38 8 13 17 46 42 80 96 57 19 10 45 61 74 50 68 22 37 32 49 66 65 35 58 18 39 48 33 36 89 5 100 30 1 4 6 27 16 21 52 34 7 56 92 24 75 43 54 53 99 47 78 72 70 55 87 11 41 28 14 44 63 12 9 3 60 67 15 20 98 85 26 23 64 88 93 91 84 82 81 62 25 59 90 73 69 51 95 31 29 
Sat Apr 05 20:15:57 2014
times:5
solution is:6447.000000.       temperature is:1000.000000
ans array:
83 57 9 13 86 6 22 90 94 27 54 21 14 48 89 51 97 87 80 77 46 5 34 92 12 30 16 10 40 55 18 78 71 68 61 63 75 8 85 35 99 52 7 66 23 96 98 72 31 100 88 38 26 70 73 28 79 20 1 39 64 53 33 44 67 2 3 42 50 91 81 17 41 84 19 29 82 93 56 43 36 47 11 45 37 65 25 76 24 58 4 49 62 60 69 15 32 74 95 59 
Sat Apr 05 20:16:07 2014
times:6
solution is:6418.000000.       temperature is:999.990000
ans array:
83 57 43 78 72 9 40 22 35 74 20 13 86 93 96 39 79 2 1 27 71 90 53 100 58 34 16 77 18 54 94 63 82 75 68 70 14 5 46 69 42 84 41 61 12 55 56 59 44 85 30 24 6 95 66 10 50 17 3 33 81 4 23 99 60 47 8 80 25 21 15 45 62 97 64 51 48 19 37 38 88 11 52 36 65 91 73 89 7 26 76 49 32 98 67 92 28 87 31 29 
Sat Apr 05 20:16:17 2014
times:7
solution is:6446.000000.       temperature is:1000.000000
ans array:
79 72 33 43 84 86 2 100 61 77 16 34 96 31 18 28 88 75 30 48 68 90 85 50 12 98 40 29 71 47 97 78 5 92 13 35 64 9 56 82 3 17 19 54 63 25 10 27 93 42 46 44 66 58 65 80 49 20 53 67 4 22 52 38 91 45 37 14 11 57 8 41 26 94 1 36 81 76 23 7 70 24 55 69 51 89 15 21 99 6 39 73 60 62 87 32 74 83 59 95 
Sat Apr 05 20:16:27 2014
times:8
solution is:6424.000000.       temperature is:999.990000
ans array:
83 57 92 72 9 63 94 22 66 97 86 13 61 35 95 74 81 48 82 71 68 70 91 40 43 18 65 90 53 58 36 46 67 75 96 50 100 33 39 55 56 16 3 79 84 17 8 1 27 42 69 99 44 14 5 2 10 47 30 31 80 54 12 7 45 34 41 37 24 6 87 76 78 20 4 98 64 23 32 62 28 52 59 77 88 73 85 19 26 21 60 15 89 38 51 11 25 93 49 29 
Sat Apr 05 20:16:37 2014
times:9
solution is:6435.000000.       temperature is:999.990000
ans array:
83 57 63 18 95 77 39 72 35 1 40 28 9 86 42 87 6 24 27 48 61 97 73 75 66 94 54 71 22 80 58 34 100 90 99 2 19 16 91 12 52 33 76 70 53 56 89 82 78 74 8 44 13 92 10 46 7 88 93 38 98 65 67 31 36 23 84 30 20 68 25 96 29 14 50 3 5 41 26 17 21 4 15 85 43 47 79 11 45 64 55 60 32 37 81 62 69 51 49 59 
Sat Apr 05 20:16:47 2014
The average run time for the algorithm is : 10.055400
The average solution for the algorithm is : 6426.100000
The maxx solution for the algorithm is : 6447.000000
The minn solution for the algorithm is : 6403.000000
