period=10.000000
Sat Apr 05 20:16:47 2014

N=100 M=10
times:0
solution is:6549.000000.       temperature is:1000.000000
ans array:
4 95 76 43 46 53 79 47 26 9 29 16 64 36 2 6 74 80 17 1 56 89 15 32 19 3 31 14 85 70 20 55 22 28 96 61 30 94 90 78 99 81 66 23 83 69 42 8 35 41 97 92 11 39 48 60 100 21 58 86 45 38 57 88 91 71 82 65 18 98 75 12 49 77 72 84 40 62 51 13 10 87 34 68 59 54 50 73 5 25 37 27 63 7 52 93 24 33 44 67 
Sat Apr 05 20:16:57 2014
times:1
solution is:6518.000000.       temperature is:999.990000
ans array:
4 65 46 64 47 41 69 28 27 15 68 76 43 18 9 79 52 33 40 57 48 97 26 31 71 86 1 3 85 53 61 60 96 2 14 35 55 20 84 74 78 70 30 72 56 36 29 6 80 23 21 88 99 58 16 89 37 8 38 34 10 90 17 39 22 66 12 77 51 95 25 19 91 81 82 5 13 67 92 98 59 50 100 83 73 11 49 62 54 94 87 93 63 75 7 42 24 32 44 45 
Sat Apr 05 20:17:07 2014
times:2
solution is:6546.000000.       temperature is:1000.000000
ans array:
4 47 43 46 22 69 52 19 2 48 18 20 53 60 45 95 36 68 84 41 13 85 71 66 78 99 96 15 100 97 35 75 28 33 8 3 67 94 30 6 86 98 62 79 27 12 23 56 31 54 61 80 91 57 9 90 39 92 11 64 1 51 38 93 7 74 50 81 76 89 17 77 40 72 55 58 82 21 70 34 14 49 5 59 88 65 26 37 87 63 25 16 10 29 73 24 83 32 44 42 
Sat Apr 05 20:17:17 2014
times:3
solution is:6536.000000.       temperature is:999.990000
ans array:
4 47 50 43 69 13 80 23 27 86 31 36 45 1 71 95 97 98 85 2 84 20 16 65 9 96 60 88 82 33 21 38 26 52 41 58 34 55 32 19 49 53 91 12 11 3 39 64 10 14 7 5 74 48 35 68 40 72 30 15 81 57 28 6 79 76 89 29 24 92 66 18 70 51 61 22 17 62 100 25 75 99 42 63 37 54 87 94 78 59 73 90 83 93 56 8 67 46 44 77 
Sat Apr 05 20:17:27 2014
times:4
solution is:6549.000000.       temperature is:1000.000000
ans array:
4 47 45 43 48 82 18 95 94 77 9 76 69 60 92 39 36 66 65 81 1 27 71 68 23 53 85 59 64 19 96 33 62 74 61 86 57 84 8 51 20 49 31 46 79 26 2 100 89 38 13 80 29 56 98 58 5 97 22 3 73 12 75 30 7 37 16 91 42 54 55 21 34 50 88 90 99 72 28 78 11 70 35 14 17 25 10 87 63 40 52 83 93 6 41 32 15 24 44 67 
Sat Apr 05 20:17:37 2014
times:5
solution is:6542.000000.       temperature is:999.990000
ans array:
4 47 33 1 53 45 48 69 26 52 68 43 22 89 35 70 11 39 64 96 2 82 65 85 38 14 55 9 12 79 77 3 63 29 42 100 40 78 97 86 30 94 58 21 81 31 8 76 7 80 6 91 98 20 66 54 95 49 75 32 88 23 90 13 83 99 15 74 5 59 34 84 73 71 16 27 72 17 61 51 87 62 37 57 92 10 41 93 67 19 24 46 28 56 44 50 25 60 18 36 
Sat Apr 05 20:17:47 2014
times:6
solution is:6518.000000.       temperature is:1000.000000
ans array:
4 47 91 36 77 48 72 71 18 43 57 82 60 6 64 80 3 9 67 1 10 17 95 74 27 76 89 65 85 68 79 39 96 22 90 7 23 19 66 78 73 56 35 31 94 30 40 51 25 69 2 100 16 20 49 33 53 59 15 97 11 75 52 5 86 58 14 84 98 54 99 61 92 34 87 50 28 21 46 41 29 70 26 8 12 38 62 42 88 37 63 81 13 55 93 24 83 32 44 45 
Sat Apr 05 20:17:58 2014
times:7
solution is:6516.000000.       temperature is:999.990000
ans array:
4 47 32 52 9 36 48 85 28 73 31 84 41 11 69 82 55 23 15 64 63 97 19 37 13 46 89 71 96 26 78 2 77 81 100 80 18 74 43 59 76 1 50 66 3 95 38 29 88 91 90 7 79 22 30 49 39 58 53 5 94 25 20 21 14 12 40 6 35 27 62 70 68 56 60 93 72 57 92 8 87 34 61 17 98 99 54 10 86 51 67 75 16 83 42 24 65 33 44 45 
Sat Apr 05 20:18:08 2014
times:8
solution is:6546.000000.       temperature is:1000.000000
ans array:
4 47 94 9 55 79 95 1 65 77 99 28 68 20 8 61 70 41 43 96 3 38 48 21 91 80 23 64 53 14 10 76 11 27 86 74 5 7 30 2 78 36 85 62 57 92 89 31 84 49 37 81 40 39 6 88 82 56 58 59 13 12 50 54 34 60 46 66 17 15 71 51 100 67 72 83 98 35 32 18 19 16 87 26 97 93 45 22 75 69 63 52 90 73 29 25 24 33 44 42 
Sat Apr 05 20:18:18 2014
times:9
solution is:6546.000000.       temperature is:1000.000000
ans array:
4 95 46 64 82 47 60 68 3 69 37 77 1 43 27 86 19 85 2 17 9 78 31 96 26 80 8 15 49 65 79 51 45 38 30 89 97 81 73 94 22 20 76 18 52 91 88 23 92 70 29 11 35 40 74 39 12 33 16 53 48 72 5 13 25 100 59 57 75 36 90 67 14 87 7 62 6 21 84 61 63 41 32 58 66 83 71 55 99 56 10 28 50 98 93 54 34 24 44 42 
Sat Apr 05 20:18:28 2014
The average run time for the algorithm is : 10.055400
The average solution for the algorithm is : 6536.600000
The maxx solution for the algorithm is : 6549.000000
The minn solution for the algorithm is : 6516.000000
