period=10.000000
Sat Apr 05 20:18:28 2014

N=100 M=10
times:0
solution is:6911.000000.       temperature is:1000.000000
ans array:
14 87 64 83 98 97 94 22 15 9 47 37 66 93 68 79 53 67 17 27 46 89 59 62 84 99 41 44 12 26 13 63 80 73 52 24 35 77 42 57 30 34 32 54 38 70 76 82 45 6 61 25 18 86 28 50 33 11 95 91 21 55 8 7 20 71 58 49 23 72 43 48 36 81 40 96 16 3 51 75 10 69 5 74 39 2 4 88 56 31 100 1 90 60 29 78 92 19 85 65 
Sat Apr 05 20:18:38 2014
times:1
solution is:6911.000000.       temperature is:1000.000000
ans array:
14 87 99 50 42 61 70 89 79 13 69 22 17 58 52 9 38 95 94 34 53 4 80 57 96 31 8 81 27 28 78 15 44 2 64 82 48 60 83 77 18 6 76 40 66 86 12 49 29 19 35 10 55 20 30 71 37 23 74 33 72 56 100 73 90 39 7 45 16 11 93 1 43 98 75 3 84 68 88 25 36 24 32 97 62 54 46 21 47 63 26 41 51 5 59 67 92 91 85 65 
Sat Apr 05 20:18:48 2014
times:2
solution is:6911.000000.       temperature is:1000.000000
ans array:
14 87 99 58 27 97 8 57 46 69 98 32 1 60 70 61 95 51 86 93 63 5 38 52 9 56 66 21 42 62 91 36 18 31 71 64 33 83 81 35 45 13 17 29 54 10 74 90 68 50 37 48 4 26 82 28 20 53 76 39 89 41 23 24 79 78 6 12 44 16 88 30 55 15 34 94 77 40 43 80 7 3 19 72 96 49 59 84 11 2 22 100 73 75 25 47 92 67 85 65 
Sat Apr 05 20:18:58 2014
times:3
solution is:6911.000000.       temperature is:1000.000000
ans array:
14 87 64 80 34 13 70 97 99 61 66 81 98 78 83 75 60 31 45 43 25 44 96 86 59 6 55 58 5 63 67 28 11 24 26 38 68 48 35 15 17 93 77 4 3 36 94 7 73 53 89 71 19 74 69 54 2 49 37 42 52 10 8 29 84 23 82 20 21 76 72 1 62 16 46 50 90 91 30 41 57 51 88 32 39 18 22 47 79 33 95 12 40 100 56 92 27 9 85 65 
Sat Apr 05 20:19:08 2014
times:4
solution is:6911.000000.       temperature is:1000.000000
ans array:
14 87 99 80 71 15 5 76 43 95 29 47 28 35 70 88 78 54 34 97 83 59 68 37 82 98 42 20 13 52 55 19 39 56 81 94 25 23 49 40 63 7 79 12 50 86 18 66 48 58 60 2 45 16 10 8 44 74 85 53 22 100 96 24 11 90 73 33 69 30 36 62 57 64 89 51 1 46 26 61 67 72 77 32 75 3 93 84 41 4 17 27 9 31 6 21 91 92 38 65 
Sat Apr 05 20:19:18 2014
times:5
solution is:6911.000000.       temperature is:1000.000000
ans array:
14 87 37 22 68 42 98 33 94 72 53 50 83 55 36 82 44 35 84 57 60 51 9 24 64 31 93 58 39 66 13 70 25 12 100 21 2 20 71 86 61 76 56 30 52 59 8 90 99 4 29 45 95 63 7 43 1 78 18 32 34 10 75 80 19 89 11 96 5 23 17 26 91 77 46 67 38 74 97 69 54 3 27 88 28 62 73 49 6 47 79 15 81 48 40 16 92 41 85 65 
Sat Apr 05 20:19:28 2014
times:6
solution is:6911.000000.       temperature is:1000.000000
ans array:
14 87 64 98 70 50 76 68 46 20 80 96 99 22 94 72 21 12 56 35 37 55 83 97 59 5 71 79 82 92 7 24 28 84 34 58 39 26 31 54 16 88 32 43 69 3 74 30 52 13 60 53 25 40 15 33 91 81 47 18 63 2 95 78 77 49 100 61 51 44 38 93 6 27 62 45 57 17 36 4 42 86 9 75 8 73 10 66 19 1 29 90 89 11 67 41 23 48 85 65 
Sat Apr 05 20:19:38 2014
times:7
solution is:6911.000000.       temperature is:1000.000000
ans array:
14 87 80 70 76 99 53 58 21 68 37 43 89 13 60 69 25 46 36 67 75 54 38 88 49 2 35 72 90 96 52 78 98 66 62 28 5 3 79 97 19 73 51 30 22 32 56 83 12 59 40 11 92 16 9 6 82 77 23 27 91 24 10 44 17 7 15 47 29 64 61 39 57 33 50 71 93 8 1 4 31 86 45 74 55 20 100 94 84 81 34 95 26 42 18 63 41 48 85 65 
Sat Apr 05 20:19:48 2014
times:8
solution is:6911.000000.       temperature is:1000.000000
ans array:
14 87 58 64 51 92 99 68 28 63 17 70 4 32 26 81 42 86 66 72 59 6 88 8 100 10 11 67 44 48 38 52 7 83 31 80 35 22 97 39 20 27 82 43 1 62 96 19 76 18 5 34 36 56 61 23 12 3 9 25 78 45 13 71 21 50 60 98 46 40 95 75 84 2 74 79 89 73 91 16 15 54 53 30 77 57 90 24 29 33 37 55 69 94 93 47 49 41 85 65 
Sat Apr 05 20:19:58 2014
times:9
solution is:6939.000000.       temperature is:1000.000000
ans array:
14 87 80 83 99 41 31 49 11 47 70 97 3 35 62 8 79 39 22 13 51 23 48 21 58 96 1 53 72 59 93 17 2 94 74 46 66 28 4 33 95 37 78 86 42 30 88 36 50 76 60 9 6 90 34 55 18 64 27 82 81 26 29 68 19 98 10 75 32 15 7 24 100 16 43 77 89 84 56 69 71 63 20 61 44 54 65 12 57 52 85 91 5 45 40 25 73 67 38 92 
Sat Apr 05 20:20:08 2014
The average run time for the algorithm is : 10.059500
The average solution for the algorithm is : 6913.800000
The maxx solution for the algorithm is : 6939.000000
The minn solution for the algorithm is : 6911.000000
