period=10.000000
Sat Apr 05 20:20:08 2014

N=100 M=10
times:0
solution is:7103.000000.       temperature is:999.990000
ans array:
67 13 10 56 37 65 45 82 54 55 73 98 14 46 64 34 41 22 15 24 9 40 32 84 29 70 95 31 60 16 62 3 1 21 76 85 99 8 42 59 57 51 39 52 93 27 63 78 5 97 48 88 4 50 81 90 19 91 23 72 53 100 18 33 43 12 83 44 87 96 69 17 36 38 74 6 75 47 92 61 89 30 80 25 79 58 71 20 77 68 35 7 28 49 2 11 26 66 94 86 
Sat Apr 05 20:20:18 2014
times:1
solution is:7083.000000.       temperature is:1000.000000
ans array:
80 22 48 10 41 73 25 67 39 11 45 37 95 16 82 61 90 46 94 56 70 88 93 76 24 54 3 1 8 15 17 60 64 87 34 42 63 50 26 75 32 69 55 74 9 96 13 58 92 53 97 59 83 77 21 36 100 5 6 51 47 31 52 65 79 86 27 85 38 66 40 98 14 99 43 20 91 12 72 19 62 23 44 84 30 71 2 68 4 35 29 28 49 89 78 81 7 18 57 33 
Sat Apr 05 20:20:28 2014
times:2
solution is:7153.000000.       temperature is:999.990000
ans array:
33 10 67 45 22 57 93 82 94 24 65 86 32 34 51 15 75 95 1 99 62 83 21 71 53 80 14 42 54 48 79 38 5 50 16 97 39 96 84 100 2 36 92 12 37 19 63 60 46 98 17 77 73 72 26 52 8 31 6 9 56 29 55 61 44 20 89 78 74 90 43 4 23 3 70 81 69 88 64 76 40 58 87 68 47 27 11 7 41 91 18 59 85 30 49 35 28 66 25 13 
Sat Apr 05 20:20:38 2014
times:3
solution is:7083.000000.       temperature is:1000.000000
ans array:
80 22 48 10 41 24 32 40 45 73 13 11 67 6 88 96 54 25 82 98 50 70 69 42 97 63 93 34 62 23 94 75 27 83 52 17 90 15 76 20 18 49 95 44 14 37 92 58 5 56 4 77 78 60 39 19 28 31 89 99 46 72 79 100 74 91 30 12 68 9 55 8 21 3 64 35 71 36 16 29 86 53 59 1 43 61 51 2 65 81 84 38 66 7 87 47 85 26 57 33 
Sat Apr 05 20:20:48 2014
times:4
solution is:7056.000000.       temperature is:999.990000
ans array:
80 22 48 10 45 41 13 25 6 36 67 24 40 75 95 27 97 53 63 73 31 43 94 21 87 9 82 88 37 64 34 51 90 39 33 96 12 70 23 16 8 61 100 99 69 85 50 76 15 20 26 19 71 78 62 32 55 46 60 93 91 29 84 42 89 92 35 79 57 72 14 54 7 98 1 4 3 52 47 11 83 44 56 5 68 30 58 38 49 28 77 81 65 2 74 18 66 59 17 86 
Sat Apr 05 20:20:59 2014
times:5
solution is:7130.000000.       temperature is:999.990000
ans array:
67 13 48 22 40 37 73 25 98 90 88 91 27 10 86 4 6 96 79 63 36 65 61 19 55 3 53 43 95 46 31 72 34 58 97 9 87 56 45 15 21 78 35 39 99 76 54 42 94 68 80 100 38 93 20 64 89 41 60 47 11 52 14 82 44 1 77 71 24 29 23 12 18 62 17 84 70 69 5 83 8 66 16 51 81 30 75 74 2 92 59 32 49 28 85 50 7 26 57 33 
Sat Apr 05 20:21:09 2014
times:6
solution is:7098.000000.       temperature is:1000.000000
ans array:
33 41 14 10 45 22 67 82 94 54 65 88 60 73 36 40 69 64 9 95 11 48 13 32 35 66 19 97 55 37 96 46 87 78 27 77 53 43 58 6 63 42 90 76 99 75 98 5 25 34 8 74 79 7 16 17 84 100 44 56 21 62 23 3 15 71 92 29 39 1 83 91 24 51 38 93 12 18 50 85 30 52 20 28 70 89 4 68 31 61 72 80 47 81 26 49 2 57 59 86 
Sat Apr 05 20:21:19 2014
times:7
solution is:7119.000000.       temperature is:1000.000000
ans array:
80 50 25 10 86 73 69 15 40 27 75 19 82 100 55 94 32 60 56 70 74 97 29 99 67 57 13 35 22 54 53 21 34 23 8 51 68 42 88 66 63 96 1 44 31 41 85 64 14 9 93 79 28 48 36 87 91 37 92 98 6 83 89 18 61 72 52 90 77 12 81 38 5 62 33 49 46 17 26 76 2 95 65 71 4 43 78 3 47 39 24 16 84 11 20 58 30 45 7 59 
Sat Apr 05 20:21:29 2014
times:8
solution is:7104.000000.       temperature is:1000.000000
ans array:
33 10 67 13 11 21 15 40 34 64 27 85 37 60 56 41 22 24 6 54 76 94 73 45 39 99 46 26 75 97 69 48 9 96 100 53 80 88 50 65 71 32 92 29 1 83 42 43 95 82 70 91 63 55 57 79 87 62 5 38 30 66 58 74 90 23 47 31 78 93 8 49 12 18 84 81 25 44 77 19 72 14 68 98 59 16 20 52 36 89 51 28 61 3 35 4 7 2 17 86 
Sat Apr 05 20:21:39 2014
times:9
solution is:7118.000000.       temperature is:999.990000
ans array:
80 22 48 10 41 50 13 27 45 6 33 40 67 73 36 72 8 86 29 94 15 90 75 62 92 61 26 1 44 82 63 21 31 100 19 76 85 99 38 60 66 56 43 37 52 64 83 55 68 59 78 46 42 18 34 24 16 74 28 69 32 84 77 5 35 4 88 96 14 57 54 97 91 53 98 65 70 87 39 9 12 71 89 17 81 2 30 58 79 3 49 95 51 23 20 93 25 7 47 11 
Sat Apr 05 20:21:49 2014
The average run time for the algorithm is : 10.062500
The average solution for the algorithm is : 7104.700000
The maxx solution for the algorithm is : 7153.000000
The minn solution for the algorithm is : 7056.000000
