period=10.000000
Sat Apr 05 20:21:49 2014

N=100 M=10
times:0
solution is:7221.000000.       temperature is:999.990000
ans array:
34 48 43 6 75 76 74 38 57 97 86 54 71 25 46 51 12 20 7 16 85 19 93 9 32 53 3 13 73 100 82 18 42 41 94 63 30 89 87 47 50 14 1 29 5 68 33 2 22 65 70 8 58 23 64 56 90 60 31 72 28 39 11 15 55 92 66 84 44 78 79 80 81 49 36 37 62 21 77 17 88 61 95 45 59 10 69 35 26 4 99 67 27 98 96 52 24 40 83 91 
Sat Apr 05 20:21:59 2014
times:1
solution is:7227.000000.       temperature is:1000.000000
ans array:
34 48 6 93 57 61 21 76 54 43 85 84 51 7 42 50 94 75 67 66 1 9 73 20 25 35 18 3 86 45 63 60 41 2 40 71 92 24 80 89 79 87 22 5 58 82 16 70 100 53 15 29 23 90 12 59 49 37 8 11 97 68 47 44 96 27 28 81 77 46 56 30 55 95 98 17 36 52 78 4 64 62 10 31 74 14 88 38 99 39 72 65 33 69 26 32 19 13 83 91 
Sat Apr 05 20:22:09 2014
times:2
solution is:7221.000000.       temperature is:999.990000
ans array:
34 48 38 54 23 3 93 25 2 40 43 76 78 51 85 86 29 73 61 75 44 64 6 89 14 42 53 45 94 63 37 50 67 35 97 81 46 92 57 87 33 11 8 79 20 30 12 84 74 88 47 80 7 22 21 66 58 90 4 49 24 32 39 28 5 71 18 55 62 82 16 65 31 99 59 15 27 70 36 95 41 60 100 19 9 68 10 98 69 56 26 17 13 72 96 52 77 1 83 91 
Sat Apr 05 20:22:19 2014
times:3
solution is:7222.000000.       temperature is:999.990000
ans array:
34 48 38 93 9 46 50 87 54 92 79 75 67 30 42 20 1 71 21 97 2 40 49 60 86 12 84 53 85 16 76 51 61 63 28 25 3 68 37 36 100 58 29 19 73 56 31 8 6 74 89 70 90 35 66 55 7 81 94 4 62 77 64 11 41 65 5 43 13 82 80 45 47 39 44 78 33 72 69 95 22 18 17 59 32 98 96 99 88 10 23 15 27 14 26 52 24 57 83 91 
Sat Apr 05 20:22:29 2014
times:4
solution is:7222.000000.       temperature is:999.990000
ans array:
34 48 23 25 54 38 75 93 50 76 7 86 3 51 40 79 28 43 53 68 22 17 21 16 2 29 15 45 11 27 61 92 80 60 20 12 19 5 87 9 77 8 78 97 81 14 82 33 56 67 6 74 41 59 55 73 63 70 18 30 32 64 58 1 66 42 84 85 100 94 37 49 71 24 95 47 10 65 46 62 39 44 69 90 36 89 26 31 99 4 13 88 35 52 72 96 98 57 83 91 
Sat Apr 05 20:22:39 2014
times:5
solution is:7221.000000.       temperature is:999.990000
ans array:
34 48 38 23 9 53 93 25 75 54 29 79 82 40 61 50 10 2 92 46 76 26 8 73 7 21 57 74 18 51 78 27 86 14 43 20 3 100 41 4 90 94 62 47 81 12 56 64 88 6 16 55 11 58 37 77 30 68 52 49 67 87 95 97 69 89 85 59 32 45 42 5 65 35 39 80 99 63 96 22 71 44 17 84 24 66 70 13 36 28 33 98 19 31 72 60 15 1 83 91 
Sat Apr 05 20:22:49 2014
times:6
solution is:7237.000000.       temperature is:1000.000000
ans array:
34 48 6 54 38 63 16 43 30 93 86 71 21 25 1 51 78 42 75 5 79 92 82 32 68 60 55 18 14 72 11 37 87 57 23 22 20 26 80 76 73 29 9 2 94 41 85 53 50 8 61 19 12 3 56 74 65 62 90 7 59 67 88 47 45 28 10 35 31 40 44 58 77 97 36 64 66 46 95 13 4 39 33 84 98 96 69 89 81 70 100 49 17 27 99 15 52 24 83 91 
Sat Apr 05 20:22:59 2014
times:7
solution is:7227.000000.       temperature is:999.990000
ans array:
34 48 6 18 50 2 61 20 38 21 51 79 85 23 92 71 76 82 14 11 35 86 40 93 75 81 73 22 25 53 94 68 44 7 12 56 54 97 31 88 32 78 30 63 15 57 9 5 36 64 74 33 66 99 90 42 59 67 1 65 84 77 8 62 10 87 3 46 19 16 24 95 41 60 49 47 89 80 72 43 29 28 39 55 52 27 58 4 17 100 98 37 45 70 26 69 96 13 83 91 
Sat Apr 05 20:23:09 2014
times:8
solution is:7227.000000.       temperature is:1000.000000
ans array:
34 48 6 75 50 7 2 20 84 26 60 53 8 74 94 51 23 57 71 80 68 86 29 11 10 49 87 93 37 73 81 35 30 22 54 44 89 32 82 9 90 25 39 55 43 88 47 18 12 16 72 42 5 52 33 63 28 21 14 38 78 3 17 97 45 79 1 62 65 61 92 76 41 67 64 58 99 4 95 36 24 85 59 40 100 70 69 15 66 77 27 46 19 56 31 98 96 13 83 91 
Sat Apr 05 20:23:19 2014
times:9
solution is:7237.000000.       temperature is:1000.000000
ans array:
34 48 6 93 23 61 75 22 86 42 7 2 29 60 80 76 38 63 56 89 68 8 1 74 79 100 78 46 37 11 50 44 13 3 9 40 71 12 81 18 55 5 19 66 90 57 32 16 20 82 54 14 30 28 53 51 73 65 97 26 31 15 33 25 94 41 17 87 58 21 77 85 69 35 39 45 62 59 10 98 67 72 70 84 27 95 64 92 36 43 99 49 88 47 4 96 52 24 83 91 
Sat Apr 05 20:23:29 2014
The average run time for the algorithm is : 10.057100
The average solution for the algorithm is : 7226.200000
The maxx solution for the algorithm is : 7237.000000
The minn solution for the algorithm is : 7221.000000
