period=10.000000
Sat Apr 05 20:23:29 2014

N=100 M=10
times:0
solution is:7334.000000.       temperature is:999.990000
ans array:
17 10 84 48 87 99 75 92 30 100 43 21 19 72 27 11 78 91 53 7 45 83 8 60 36 3 66 64 16 80 63 44 59 89 6 52 94 58 35 54 32 88 9 49 33 39 1 81 51 12 90 28 96 2 4 97 25 20 65 31 82 69 5 93 61 71 57 13 74 22 42 41 18 29 73 23 95 47 85 15 46 86 56 68 34 76 98 70 50 38 77 26 37 67 55 14 24 79 40 62 
Sat Apr 05 20:23:40 2014
times:1
solution is:7345.000000.       temperature is:999.990000
ans array:
16 14 84 15 87 89 80 92 12 75 100 58 91 72 53 99 11 10 83 33 49 63 97 36 71 52 95 77 6 7 18 8 90 61 78 19 25 86 68 54 21 98 32 30 5 46 51 47 42 69 41 31 82 37 23 65 27 66 4 1 67 94 17 13 22 20 40 56 60 88 57 76 26 93 35 81 64 70 29 44 74 73 9 43 50 59 2 24 45 28 34 55 39 38 48 85 3 79 96 62 
Sat Apr 05 20:23:50 2014
times:2
solution is:7343.000000.       temperature is:1000.000000
ans array:
75 17 10 56 84 2 92 6 30 3 1 95 77 8 100 51 63 34 99 66 81 12 68 90 59 29 35 39 71 42 43 7 27 9 67 13 22 49 91 61 20 46 25 47 11 94 97 58 5 60 78 4 80 15 93 87 41 44 18 74 33 69 54 65 45 64 57 36 28 86 89 98 72 19 23 53 52 16 38 83 76 26 88 70 85 21 32 73 31 96 82 37 50 14 48 55 24 79 40 62 
Sat Apr 05 20:24:00 2014
times:3
solution is:7327.000000.       temperature is:1000.000000
ans array:
84 48 2 75 92 87 33 17 14 42 23 63 1 11 76 71 90 31 99 51 36 49 35 7 97 68 82 58 53 52 38 29 67 89 66 4 61 93 37 18 80 34 55 8 94 73 27 88 83 70 44 16 3 25 46 30 10 21 77 5 32 65 57 78 50 13 20 59 43 69 86 6 15 98 19 54 72 60 74 22 41 12 26 100 9 85 45 56 28 39 95 47 40 91 64 81 96 62 24 79 
Sat Apr 05 20:24:10 2014
times:4
solution is:7326.000000.       temperature is:999.990000
ans array:
14 84 48 87 58 36 86 92 53 43 76 37 6 26 73 18 10 23 1 52 63 91 97 100 5 7 72 88 75 21 45 34 59 90 83 95 71 98 8 54 51 78 30 70 29 69 39 99 4 56 33 41 81 20 89 27 65 66 82 35 46 3 15 32 64 19 16 47 77 60 13 44 31 24 61 50 67 93 11 85 55 80 49 74 12 22 38 94 28 68 96 25 42 9 79 62 40 2 17 57 
Sat Apr 05 20:24:20 2014
times:5
solution is:7323.000000.       temperature is:1000.000000
ans array:
17 87 10 92 43 100 89 75 60 73 2 12 58 36 46 6 33 97 83 53 66 63 8 25 81 30 38 40 95 35 79 52 74 21 23 82 64 80 51 59 98 13 26 37 20 22 44 3 54 78 70 34 71 99 67 88 31 76 28 1 7 68 11 19 4 14 5 42 56 65 32 94 72 18 96 93 86 39 49 61 69 15 41 91 27 9 55 45 77 16 90 50 29 47 62 24 84 85 48 57 
Sat Apr 05 20:24:30 2014
times:6
solution is:7354.000000.       temperature is:1000.000000
ans array:
84 19 75 48 92 58 87 50 20 63 11 60 44 78 35 100 86 97 9 3 94 69 41 10 14 17 56 1 46 98 51 83 42 21 22 65 74 6 5 95 54 33 18 73 66 93 30 7 23 29 34 49 90 88 37 45 47 82 27 53 36 52 72 57 40 61 8 4 39 12 81 89 99 80 28 64 71 79 15 70 13 24 68 38 31 26 43 76 25 32 91 59 67 85 2 16 77 55 96 62 
Sat Apr 05 20:24:40 2014
times:7
solution is:7351.000000.       temperature is:1000.000000
ans array:
75 17 81 56 84 58 80 18 43 63 23 8 10 11 100 66 82 27 83 92 15 99 95 1 21 49 22 68 77 2 74 36 57 6 72 28 42 46 73 32 70 7 12 25 20 71 86 40 34 53 35 50 30 61 5 65 60 54 93 51 98 78 26 4 33 97 94 44 29 87 3 90 89 38 52 16 69 47 41 88 64 37 31 13 14 67 85 45 9 91 76 19 39 59 48 55 24 79 96 62 
Sat Apr 05 20:24:50 2014
times:8
solution is:7307.000000.       temperature is:999.990000
ans array:
48 87 56 58 92 78 51 89 100 53 10 69 84 33 80 66 97 19 83 59 71 42 16 63 37 81 88 23 15 4 34 28 60 27 32 7 95 45 73 1 75 21 8 13 68 14 18 99 44 39 52 72 76 46 17 20 98 77 25 38 70 61 22 94 3 6 49 47 65 96 9 11 35 74 64 29 30 86 93 90 50 26 36 54 31 41 12 82 43 85 5 55 2 67 40 91 62 24 79 57 
Sat Apr 05 20:25:00 2014
times:9
solution is:7321.000000.       temperature is:1000.000000
ans array:
57 48 87 99 18 75 92 47 46 44 39 12 11 77 23 73 49 63 45 37 58 8 43 97 20 26 51 21 30 34 25 2 1 53 72 35 82 81 94 33 50 54 95 7 17 64 80 68 98 10 59 93 56 78 89 67 13 60 76 31 86 83 70 66 100 90 32 6 14 29 42 40 69 36 5 4 74 61 19 38 3 88 52 71 27 15 41 55 91 22 84 9 96 28 65 16 85 62 24 79 
Sat Apr 05 20:25:10 2014
The average run time for the algorithm is : 10.071400
The average solution for the algorithm is : 7333.100000
The maxx solution for the algorithm is : 7354.000000
The minn solution for the algorithm is : 7307.000000
