period=10.000000
Sat Apr 05 16:58:33 2014

N=100 M=20
times:0
solution is:9462.000000.       temperature is:1000.000000
ans array:
40 54 83 5 21 100 8 58 12 89 18 97 19 88 75 72 86 74 53 26 47 87 6 96 41 38 79 68 99 51 11 1 60 3 78 42 94 61 69 30 66 4 34 76 77 13 67 82 90 80 98 45 93 20 23 52 15 14 2 91 22 71 49 46 29 28 62 36 84 44 64 17 9 35 50 65 43 32 25 7 31 57 85 63 39 70 33 55 48 56 81 16 10 27 92 24 37 73 95 59 
Sat Apr 05 16:58:43 2014
times:1
solution is:9531.000000.       temperature is:1000.000000
ans array:
59 89 86 24 58 22 41 14 48 75 1 53 82 100 99 5 15 9 35 87 88 19 40 90 69 66 39 47 60 12 97 77 25 61 84 31 74 11 57 98 78 51 55 32 36 46 67 4 45 29 38 64 43 49 18 95 96 2 16 34 26 30 17 23 71 85 42 76 70 93 28 20 44 79 72 56 21 81 50 27 62 65 91 80 37 68 13 6 7 73 92 33 63 52 54 3 8 83 10 94 
Sat Apr 05 16:58:53 2014
times:2
solution is:9382.000000.       temperature is:1000.000000
ans array:
59 83 54 1 78 75 58 79 46 72 97 74 100 12 89 22 82 86 60 38 43 11 87 69 31 88 53 40 99 19 49 90 84 3 41 26 50 42 76 47 51 77 9 17 5 21 18 29 20 23 45 35 64 61 80 36 24 44 68 57 96 34 66 48 14 4 28 10 63 65 39 25 70 71 98 67 32 55 8 6 2 15 92 16 62 81 56 93 33 95 30 27 52 73 7 13 91 85 94 37 
Sat Apr 05 16:59:03 2014
times:3
solution is:9374.000000.       temperature is:1000.000000
ans array:
59 69 58 86 75 10 39 21 72 15 55 74 54 48 31 82 83 25 42 78 89 40 12 51 11 22 45 1 9 19 79 92 46 76 35 99 50 53 20 5 17 62 49 87 97 47 2 43 26 23 28 32 96 61 52 29 84 100 34 71 64 60 90 8 38 88 44 30 57 77 41 14 27 66 6 91 3 13 68 65 63 33 7 70 67 56 95 98 16 36 80 81 18 4 93 73 85 24 94 37 
Sat Apr 05 16:59:14 2014
times:4
solution is:9399.000000.       temperature is:1000.000000
ans array:
59 79 97 72 53 82 98 99 1 89 74 100 19 12 60 58 39 86 88 41 87 5 21 31 2 8 26 47 54 22 94 69 48 84 25 43 76 45 30 46 78 40 67 32 77 28 36 24 90 3 75 83 93 51 66 71 38 23 15 65 20 4 17 96 64 27 16 63 70 42 55 18 33 68 62 11 34 35 14 92 10 49 29 6 9 56 44 95 73 61 80 7 91 50 13 85 81 57 52 37 
Sat Apr 05 16:59:24 2014
times:5
solution is:9452.000000.       temperature is:1000.000000
ans array:
98 75 58 88 74 22 54 3 51 86 5 71 87 70 79 97 11 41 100 53 8 90 18 21 27 32 25 1 19 55 49 39 47 40 76 77 9 12 72 15 78 29 84 65 96 60 82 45 69 38 26 66 2 6 20 42 13 61 67 31 4 43 59 34 91 64 93 30 62 24 36 48 28 63 46 73 44 68 81 16 23 80 92 7 35 99 50 17 95 33 14 52 56 57 37 83 10 85 89 94 
Sat Apr 05 16:59:34 2014
times:6
solution is:9367.000000.       temperature is:1000.000000
ans array:
98 75 58 74 99 89 18 10 54 63 22 86 3 39 14 34 90 1 88 41 43 42 46 76 8 45 91 72 20 35 15 9 19 40 96 2 49 47 31 55 33 5 83 51 56 12 61 38 26 87 94 64 29 67 82 62 77 78 32 100 81 84 21 11 71 53 65 25 50 6 16 97 69 36 85 66 44 70 4 30 60 28 27 57 92 79 7 24 80 13 23 68 95 73 17 93 48 37 52 59 
Sat Apr 05 16:59:44 2014
times:7
solution is:9392.000000.       temperature is:1000.000000
ans array:
13 98 74 75 72 82 79 97 53 58 10 11 86 21 99 54 90 25 5 1 52 26 41 69 22 47 84 19 63 48 65 43 76 51 60 91 77 36 88 31 35 29 94 93 9 39 38 12 71 89 40 96 83 68 56 14 78 33 4 44 64 45 81 18 42 46 20 23 15 16 61 32 8 50 80 100 67 66 6 27 2 34 55 95 17 57 30 87 3 73 7 49 92 28 62 24 70 85 59 37 
Sat Apr 05 16:59:54 2014
times:8
solution is:9426.000000.       temperature is:1000.000000
ans array:
98 58 89 99 19 74 87 84 10 54 86 22 32 67 12 24 43 41 51 90 47 46 21 3 77 70 40 85 88 9 64 69 1 82 94 97 39 60 48 11 45 6 2 25 61 23 33 53 75 78 27 31 93 68 72 83 76 20 44 42 62 50 59 30 66 26 79 63 65 4 38 49 36 15 28 29 5 92 34 55 71 13 8 96 95 52 56 91 16 80 7 35 18 17 14 57 81 73 100 37 
Sat Apr 05 17:00:04 2014
times:9
solution is:9385.000000.       temperature is:1000.000000
ans array:
59 79 58 100 74 22 12 88 97 51 9 1 3 19 60 11 69 53 99 89 21 40 82 54 72 90 38 23 96 75 10 8 39 77 78 24 50 64 43 83 31 45 76 20 87 67 25 5 6 29 71 46 66 48 84 94 61 57 47 26 63 44 68 65 15 35 14 42 17 32 52 62 30 91 34 2 33 27 92 18 7 41 80 95 36 49 81 4 93 16 70 28 56 55 98 73 85 86 13 37 
Sat Apr 05 17:00:14 2014
The average run time for the algorithm is : 10.132300
The average solution for the algorithm is : 9417.000000
The maxx solution for the algorithm is : 9531.000000
The minn solution for the algorithm is : 9367.000000
