period=10.000000
Sat Apr 05 17:00:14 2014

N=100 M=20
times:0
solution is:8309.000000.       temperature is:1000.000000
ans array:
1 50 26 68 62 92 21 70 55 7 46 82 74 3 58 63 69 78 4 36 85 97 87 28 10 75 96 40 71 29 59 65 43 66 12 32 90 30 25 60 19 49 11 54 94 23 93 79 83 27 99 51 56 80 8 81 47 13 2 5 14 67 64 6 53 45 44 15 20 89 91 33 72 86 95 34 73 31 100 17 48 77 41 22 84 16 38 24 42 98 37 76 35 61 9 39 88 52 57 18 
Sat Apr 05 17:00:24 2014
times:1
solution is:8337.000000.       temperature is:1000.000000
ans array:
42 81 55 50 14 68 63 32 73 82 26 74 87 62 2 58 31 86 53 97 7 75 10 40 8 94 71 39 96 49 78 29 92 59 79 70 19 34 93 98 56 6 66 27 61 69 46 72 36 13 28 41 51 85 4 54 43 5 83 45 60 11 3 99 91 9 89 64 23 84 47 44 38 65 100 30 17 80 77 33 25 12 67 24 76 35 15 48 90 95 16 20 22 1 37 21 88 52 57 18 
Sat Apr 05 17:00:34 2014
times:2
solution is:8368.000000.       temperature is:1000.000000
ans array:
1 96 81 62 6 7 70 88 14 92 87 53 3 82 50 73 11 8 72 45 61 5 63 36 55 46 94 19 66 80 41 49 78 60 54 93 71 21 10 85 83 59 26 75 97 69 65 43 16 4 58 35 2 22 79 9 15 25 51 33 76 48 47 89 84 100 40 38 24 68 57 20 12 90 44 91 42 34 64 67 13 28 32 86 27 77 23 18 99 29 74 30 37 98 31 52 56 95 17 39 
Sat Apr 05 17:00:45 2014
times:3
solution is:8357.000000.       temperature is:1000.000000
ans array:
42 81 54 50 26 58 62 67 8 92 75 31 46 2 87 66 45 53 82 6 72 36 97 4 18 68 88 63 79 30 94 59 78 90 85 12 10 3 60 83 98 25 32 24 41 73 70 34 23 71 29 74 44 93 86 100 89 16 15 69 91 7 19 99 33 40 49 5 51 14 28 64 61 80 38 43 35 27 76 65 47 77 56 48 11 20 95 39 57 13 37 17 1 22 84 9 52 21 96 55 
Sat Apr 05 17:00:55 2014
times:4
solution is:8435.000000.       temperature is:1000.000000
ans array:
42 45 2 53 78 88 63 50 37 6 92 93 39 87 75 3 36 38 18 29 59 70 58 12 5 8 66 97 26 7 71 25 85 73 49 62 68 10 46 16 14 86 21 80 60 61 72 79 83 31 32 43 54 64 67 35 13 51 41 34 82 57 77 98 69 74 65 4 44 99 91 30 28 11 1 47 89 19 22 15 17 24 76 52 56 100 33 48 84 20 94 27 55 40 95 23 96 9 90 81 
Sat Apr 05 17:01:05 2014
times:5
solution is:8450.000000.       temperature is:1000.000000
ans array:
31 96 62 2 74 92 30 54 6 67 93 19 14 59 86 21 46 73 68 97 58 84 50 72 29 95 26 5 75 82 81 78 3 60 7 10 25 70 45 83 41 32 79 87 99 24 98 88 80 49 85 15 63 89 71 40 28 51 38 13 27 56 69 37 1 100 43 64 90 36 20 35 53 65 48 17 42 44 76 33 52 9 23 66 22 12 47 91 34 39 77 8 18 61 16 4 11 57 94 55 
Sat Apr 05 17:01:15 2014
times:6
solution is:8462.000000.       temperature is:1000.000000
ans array:
42 1 81 96 73 67 49 14 53 28 68 50 63 75 82 3 55 2 6 100 93 19 86 54 88 89 95 72 70 32 5 27 85 16 79 78 7 21 29 47 36 15 94 11 71 31 22 26 66 30 91 34 97 99 92 87 45 61 10 41 56 62 24 40 59 58 23 17 39 43 80 83 13 8 51 74 76 84 77 44 37 38 35 46 20 90 69 25 57 9 60 65 98 12 52 33 48 64 4 18 
Sat Apr 05 17:01:25 2014
times:7
solution is:8454.000000.       temperature is:1000.000000
ans array:
45 62 21 55 6 92 74 88 11 81 68 26 53 63 95 66 10 73 75 3 97 78 54 39 87 36 82 18 44 50 17 85 12 94 72 86 40 79 8 52 29 84 46 28 4 70 31 2 51 7 23 5 9 89 19 61 98 49 35 59 71 25 93 100 90 16 47 32 83 99 43 69 14 77 56 13 41 30 80 33 48 34 24 20 58 64 27 22 57 38 65 60 42 76 37 1 67 96 15 91 
Sat Apr 05 17:01:36 2014
times:8
solution is:8387.000000.       temperature is:1000.000000
ans array:
42 81 62 55 87 61 92 96 14 82 73 45 58 10 60 29 90 36 59 72 89 68 53 18 88 25 97 54 46 86 70 78 2 3 75 9 8 67 43 57 79 66 21 41 26 83 74 85 23 19 49 4 52 22 5 16 47 7 77 13 95 99 27 31 56 76 51 17 40 28 30 24 48 91 33 6 38 34 100 80 44 64 71 37 35 98 20 65 50 32 63 12 39 84 93 69 15 11 94 1 
Sat Apr 05 17:01:46 2014
times:9
solution is:8376.000000.       temperature is:1000.000000
ans array:
1 6 56 62 92 67 31 7 54 88 11 21 49 74 53 46 70 27 10 3 26 81 72 66 75 95 5 28 68 82 89 94 50 55 14 60 58 44 59 79 16 80 2 78 25 69 17 45 100 51 97 19 86 93 85 40 61 34 63 71 83 98 24 64 8 22 15 32 36 99 87 23 37 9 4 29 91 39 47 43 33 20 13 76 42 77 38 73 48 90 35 96 30 65 84 41 12 52 57 18 
Sat Apr 05 17:01:56 2014
The average run time for the algorithm is : 10.170000
The average solution for the algorithm is : 8393.500000
The maxx solution for the algorithm is : 8462.000000
The minn solution for the algorithm is : 8309.000000
