period=10.000000
Sat Apr 05 17:01:56 2014

N=100 M=20
times:0
solution is:8911.000000.       temperature is:1000.000000
ans array:
97 41 56 61 94 98 31 55 5 83 92 42 64 54 47 17 53 90 58 37 69 67 96 51 24 75 73 62 6 4 84 33 26 89 23 40 87 63 1 81 25 72 59 74 30 48 76 49 7 88 10 66 44 14 95 34 78 68 32 15 16 57 9 60 29 79 77 91 3 70 22 52 20 100 45 39 36 18 11 71 50 28 43 46 93 19 35 8 12 2 27 38 86 85 80 21 65 13 82 99 
Sat Apr 05 17:02:06 2014
times:1
solution is:9010.000000.       temperature is:1000.000000
ans array:
32 41 56 42 99 81 59 31 65 47 92 83 78 33 68 1 63 55 90 84 35 24 30 48 6 20 62 69 45 66 95 37 79 64 58 54 9 98 22 26 71 80 23 29 74 52 25 89 76 34 10 5 94 40 88 51 100 2 7 15 27 61 57 77 70 73 53 43 91 44 49 17 96 46 97 3 12 38 87 4 75 67 93 19 8 16 28 21 86 72 39 60 13 11 18 36 85 82 14 50 
Sat Apr 05 17:02:16 2014
times:2
solution is:9019.000000.       temperature is:1000.000000
ans array:
56 83 31 24 5 92 42 16 55 91 61 89 13 78 71 40 36 99 33 90 84 45 23 1 9 85 87 69 34 22 74 62 80 17 81 63 95 53 10 2 73 47 38 41 98 64 54 49 82 58 35 93 97 30 57 68 28 6 48 51 7 77 94 96 25 59 29 88 100 8 26 67 11 15 60 86 66 37 44 70 79 52 4 75 65 46 43 39 3 21 18 12 19 72 20 32 14 76 27 50 
Sat Apr 05 17:02:26 2014
times:3
solution is:8934.000000.       temperature is:1000.000000
ans array:
50 60 66 37 56 92 83 5 34 54 89 58 61 64 16 10 69 24 77 13 1 90 74 84 95 53 47 45 98 42 88 38 57 22 26 8 73 6 91 71 100 28 40 65 33 17 67 63 51 11 36 52 25 87 3 30 41 62 18 80 96 59 86 29 9 35 97 85 39 81 78 43 49 93 23 94 20 99 2 32 44 21 46 79 48 15 4 55 70 7 19 75 76 68 72 27 12 82 14 31 
Sat Apr 05 17:02:36 2014
times:4
solution is:8975.000000.       temperature is:1000.000000
ans array:
41 17 66 31 64 1 47 90 65 45 92 54 35 58 68 2 10 61 16 6 91 50 74 83 93 22 94 29 53 40 8 55 24 32 85 73 9 69 84 42 33 63 39 98 30 3 82 80 97 46 5 52 59 57 81 96 89 49 34 67 23 25 4 43 75 21 99 62 87 79 18 95 60 70 12 78 88 36 71 20 72 77 11 13 48 28 19 38 7 100 51 15 27 86 76 14 26 44 37 56 
Sat Apr 05 17:02:47 2014
times:5
solution is:8939.000000.       temperature is:1000.000000
ans array:
99 17 41 24 1 45 83 54 92 5 63 56 90 13 78 37 58 88 2 64 71 33 6 74 18 8 38 42 47 61 95 76 19 34 80 23 53 10 98 65 75 67 77 94 73 91 44 69 96 14 97 52 21 26 62 84 70 11 68 28 87 15 4 20 81 35 22 32 40 59 48 12 55 9 60 3 43 79 49 16 27 85 93 89 86 50 30 72 66 46 25 29 100 36 39 7 51 57 82 31 
Sat Apr 05 17:02:57 2014
times:6
solution is:8950.000000.       temperature is:1000.000000
ans array:
56 41 92 71 13 45 61 24 55 90 53 83 50 37 96 58 33 16 63 69 64 36 12 30 65 47 6 42 94 5 29 9 82 74 40 18 11 62 34 21 44 4 98 8 80 25 46 20 39 1 7 100 67 59 48 23 86 3 89 77 52 22 32 75 2 84 70 60 79 14 35 68 54 15 87 38 49 43 10 26 66 57 99 88 91 85 72 81 73 95 19 51 28 97 17 93 27 76 78 31 
Sat Apr 05 17:03:07 2014
times:7
solution is:8961.000000.       temperature is:1000.000000
ans array:
41 17 37 1 83 66 95 69 46 31 34 5 58 90 65 6 47 26 63 92 56 30 64 42 9 44 33 67 10 89 85 2 54 78 84 91 98 74 87 80 62 77 71 45 99 11 21 72 29 8 73 57 53 35 88 28 38 96 100 94 24 18 25 59 7 49 22 68 81 20 70 15 55 3 16 60 40 12 32 61 36 23 75 52 48 97 4 14 43 27 76 19 50 93 39 86 51 79 13 82 
Sat Apr 05 17:03:17 2014
times:8
solution is:8831.000000.       temperature is:1000.000000
ans array:
97 41 66 5 37 33 92 34 64 83 13 54 96 24 63 58 56 45 6 1 69 61 91 90 62 98 55 94 42 29 78 47 74 16 60 2 84 89 32 11 95 85 40 8 21 23 87 67 81 80 73 26 15 53 10 50 9 52 75 76 27 49 65 12 36 82 38 77 28 86 59 48 68 3 7 30 20 88 35 100 57 39 72 70 22 18 25 71 93 44 46 43 4 14 19 99 79 51 17 31 
Sat Apr 05 17:03:27 2014
times:9
solution is:8906.000000.       temperature is:1000.000000
ans array:
41 17 18 24 81 32 37 58 83 1 42 8 33 47 78 64 55 92 54 29 90 73 40 25 45 99 71 91 22 35 56 3 96 98 86 76 84 6 75 62 69 4 63 30 5 53 59 65 74 95 13 38 79 80 21 89 77 23 61 46 88 9 26 2 85 87 34 52 49 48 67 68 94 11 93 43 36 16 28 44 10 15 20 39 51 82 27 7 72 12 19 57 60 70 97 14 100 50 66 31 
Sat Apr 05 17:03:37 2014
The average run time for the algorithm is : 10.115700
The average solution for the algorithm is : 8943.600000
The maxx solution for the algorithm is : 9019.000000
The minn solution for the algorithm is : 8831.000000
