period=10.000000
Sat Apr 05 17:03:37 2014

N=100 M=20
times:0
solution is:9518.000000.       temperature is:1000.000000
ans array:
80 29 90 57 82 58 41 72 5 14 69 86 1 38 59 10 78 55 33 18 73 19 89 11 15 71 26 35 31 74 34 98 12 43 53 54 92 40 56 17 44 13 95 16 88 100 7 27 70 67 30 83 25 66 37 49 6 51 97 68 81 8 32 93 99 3 42 77 96 79 85 46 47 75 36 23 61 50 45 22 60 20 62 87 91 39 94 48 76 2 84 28 63 64 21 4 9 52 24 65 
Sat Apr 05 17:03:47 2014
times:1
solution is:9504.000000.       temperature is:1000.000000
ans array:
80 29 57 82 50 19 13 86 10 14 53 16 42 48 12 79 93 6 38 58 71 55 51 49 90 70 8 65 36 96 40 44 33 41 25 18 27 34 26 35 89 72 15 97 61 92 73 24 7 17 74 69 76 54 11 78 46 88 37 77 28 60 98 62 22 91 68 21 30 66 81 84 64 75 67 95 83 5 56 63 43 32 23 3 39 85 94 1 100 4 99 2 87 47 52 9 20 31 45 59 
Sat Apr 05 17:03:57 2014
times:2
solution is:9491.000000.       temperature is:1000.000000
ans array:
80 31 24 39 50 13 59 1 11 29 17 4 82 60 86 96 8 55 42 22 15 77 83 18 70 56 25 81 95 58 26 19 74 3 62 33 93 54 66 49 6 79 67 78 23 69 51 92 91 72 89 47 76 88 9 52 63 53 10 46 57 98 73 100 43 21 85 7 71 99 35 61 41 16 37 68 20 38 30 84 36 40 65 94 87 12 45 2 5 97 34 75 28 48 32 90 27 64 44 14 
Sat Apr 05 17:04:08 2014
times:3
solution is:9464.000000.       temperature is:1000.000000
ans array:
29 14 24 18 65 42 82 1 12 20 79 95 93 31 41 67 17 22 58 54 81 91 59 13 3 98 57 89 32 47 90 74 40 26 96 69 86 38 8 92 55 10 43 72 71 46 94 66 5 56 33 99 44 88 16 62 83 34 15 39 37 64 35 73 11 49 36 48 70 30 78 53 25 75 85 76 7 100 19 21 68 6 27 23 87 61 50 60 51 63 84 45 28 97 4 9 77 2 52 80 
Sat Apr 05 17:04:18 2014
times:4
solution is:9463.000000.       temperature is:1000.000000
ans array:
29 14 90 18 1 11 31 59 57 34 82 15 7 66 58 19 55 50 71 88 53 48 46 65 21 76 86 3 79 77 33 51 42 10 69 91 70 93 67 20 13 17 83 39 36 2 12 73 35 5 97 54 37 25 23 56 95 8 96 30 60 100 43 78 94 99 38 26 98 61 89 6 62 74 49 22 16 47 81 4 84 72 87 64 92 85 41 28 75 27 32 63 9 40 44 45 68 24 52 80 
Sat Apr 05 17:04:28 2014
times:5
solution is:9485.000000.       temperature is:1000.000000
ans array:
80 29 24 67 39 1 14 77 38 50 18 97 51 65 57 11 12 42 73 82 58 37 46 41 32 43 94 25 86 3 79 98 53 83 89 19 71 55 69 78 15 34 28 13 36 30 6 22 70 96 93 91 68 7 5 100 8 17 81 84 4 72 31 9 76 74 35 23 60 20 40 26 16 49 33 47 92 61 75 21 10 95 56 54 85 48 63 88 45 52 62 2 87 64 44 66 99 27 59 90 
Sat Apr 05 17:04:38 2014
times:6
solution is:9482.000000.       temperature is:1000.000000
ans array:
80 31 57 29 19 50 58 55 69 90 14 67 71 82 24 89 39 76 20 77 42 10 70 16 56 3 94 73 46 53 54 40 30 15 63 59 32 18 37 17 22 95 60 78 5 88 100 36 23 98 97 48 93 8 38 83 49 72 26 74 41 79 13 86 4 96 35 27 92 33 52 1 28 62 84 44 81 66 99 7 34 61 91 64 75 85 47 51 87 12 21 43 68 6 65 11 9 2 45 25 
Sat Apr 05 17:04:48 2014
times:7
solution is:9491.000000.       temperature is:1000.000000
ans array:
80 31 24 18 82 12 50 58 32 19 14 66 74 17 26 27 49 81 42 7 10 29 25 44 69 46 56 97 53 8 96 88 78 79 71 55 39 86 77 36 70 100 89 37 98 94 33 75 16 48 5 51 34 65 95 21 59 73 93 84 15 76 35 6 20 72 13 99 92 60 67 38 11 61 83 47 87 43 64 68 41 63 91 4 1 28 52 23 62 54 3 85 30 9 22 45 40 90 57 2 
Sat Apr 05 17:04:58 2014
times:8
solution is:9496.000000.       temperature is:1000.000000
ans array:
82 29 57 71 50 97 42 24 26 53 73 94 81 1 45 46 5 34 19 48 58 75 69 41 39 30 59 20 67 8 43 37 47 28 56 96 13 35 21 38 92 25 60 84 83 98 44 86 55 33 10 72 77 16 79 61 70 78 7 88 91 49 17 54 89 22 74 6 64 11 62 40 14 76 93 15 12 100 18 66 36 68 3 85 31 99 95 87 32 2 23 63 51 4 27 9 52 90 65 80 
Sat Apr 05 17:05:08 2014
times:9
solution is:9438.000000.       temperature is:1000.000000
ans array:
29 14 24 18 55 42 12 58 19 69 1 39 53 50 40 15 65 93 57 71 8 34 13 92 25 21 60 96 11 79 74 67 2 20 89 38 59 36 44 28 61 66 81 51 23 64 3 43 46 10 26 98 22 47 95 5 6 76 99 48 85 91 37 83 77 30 16 54 86 63 94 88 32 7 70 45 35 17 87 31 100 41 78 73 49 84 90 72 97 4 52 62 56 33 9 27 68 75 82 80 
Sat Apr 05 17:05:18 2014
The average run time for the algorithm is : 10.090800
The average solution for the algorithm is : 9483.200000
The maxx solution for the algorithm is : 9518.000000
The minn solution for the algorithm is : 9438.000000
