period=10.000000
Sat Apr 05 17:05:18 2014

N=100 M=20
times:0
solution is:9494.000000.       temperature is:1000.000000
ans array:
51 15 43 81 72 28 83 37 67 64 7 49 73 3 39 29 95 92 68 16 50 66 82 48 42 33 62 14 69 58 75 46 99 5 57 26 20 97 70 53 8 10 76 13 25 59 6 40 96 88 100 45 98 23 52 65 90 4 60 32 31 47 34 61 54 87 36 85 18 24 21 56 55 79 30 38 17 1 80 19 35 41 86 94 27 22 77 63 74 12 11 9 2 44 89 78 84 91 93 71 
Sat Apr 05 17:05:28 2014
times:1
solution is:9468.000000.       temperature is:1000.000000
ans array:
51 81 43 83 32 87 37 39 6 28 100 15 92 3 97 53 50 63 66 58 62 64 69 20 14 36 85 26 88 16 44 48 71 56 72 21 77 29 99 82 40 47 33 91 7 25 75 8 38 94 22 46 27 89 10 57 80 42 45 18 49 59 60 96 67 74 70 55 79 5 95 68 34 61 4 35 17 1 90 76 31 54 23 84 52 86 41 12 13 2 24 78 19 65 11 9 30 93 73 98 
Sat Apr 05 17:05:39 2014
times:2
solution is:9461.000000.       temperature is:1000.000000
ans array:
51 81 87 73 32 16 29 43 97 91 67 83 37 26 3 4 64 88 59 100 79 95 20 46 53 13 49 72 44 54 34 36 42 8 33 86 50 70 68 69 89 23 18 85 62 75 21 19 60 10 40 82 56 48 61 39 17 66 58 57 1 41 63 25 92 28 14 93 52 6 78 12 45 55 94 24 71 47 77 76 30 90 96 7 9 15 22 38 5 2 35 27 65 31 98 80 84 99 74 11 
Sat Apr 05 17:05:49 2014
times:3
solution is:9407.000000.       temperature is:1000.000000
ans array:
51 81 74 73 39 49 50 26 68 64 42 100 92 70 37 35 28 72 62 43 67 99 3 20 47 86 83 40 6 29 19 66 15 46 93 65 88 96 69 21 14 8 58 18 71 60 25 55 36 10 22 32 33 1 95 27 41 52 97 4 75 23 34 79 44 94 56 82 57 98 80 84 48 7 24 77 87 9 5 2 63 78 45 12 54 31 91 59 76 53 90 30 13 89 17 61 16 38 85 11 
Sat Apr 05 17:05:59 2014
times:4
solution is:9445.000000.       temperature is:1000.000000
ans array:
51 15 43 16 64 32 100 87 37 29 3 72 85 28 73 33 66 62 92 86 48 36 46 18 6 26 20 99 97 42 8 65 14 50 58 40 53 69 75 67 25 10 79 34 70 23 68 94 82 44 57 52 88 47 61 91 49 11 17 55 74 4 54 24 38 22 5 12 98 80 21 71 84 30 2 59 9 95 78 13 19 7 77 41 60 1 96 45 89 90 56 31 76 63 93 35 27 39 83 81 
Sat Apr 05 17:06:09 2014
times:5
solution is:9562.000000.       temperature is:1000.000000
ans array:
32 81 19 64 43 73 65 99 33 75 53 88 74 62 37 15 36 100 26 97 49 29 87 71 8 31 95 68 46 54 92 82 28 48 91 39 98 3 85 44 5 69 90 70 24 47 20 6 41 50 34 17 63 61 40 14 93 86 67 72 79 59 23 60 11 77 30 56 35 66 52 10 22 45 38 21 25 84 7 96 1 58 76 42 57 94 78 13 55 27 80 4 9 89 12 83 18 16 2 51 
Sat Apr 05 17:06:19 2014
times:6
solution is:9447.000000.       temperature is:1000.000000
ans array:
81 73 43 50 74 64 3 53 92 36 62 85 100 71 15 26 67 72 37 33 83 6 66 8 99 47 91 29 14 49 44 16 88 60 57 63 87 4 90 21 10 23 97 54 52 75 18 20 41 56 77 32 61 79 70 59 95 68 40 46 42 76 30 5 45 84 86 17 96 69 48 27 65 39 25 58 2 24 1 34 35 28 13 22 31 78 98 7 19 38 9 94 12 82 89 55 80 11 93 51 
Sat Apr 05 17:06:29 2014
times:7
solution is:9489.000000.       temperature is:1000.000000
ans array:
51 83 32 43 16 73 72 100 37 87 93 82 28 53 55 29 4 92 3 8 95 85 62 26 99 25 67 21 15 66 47 96 69 56 75 77 71 90 49 86 20 64 70 10 97 6 52 36 65 11 74 94 88 54 57 46 68 60 61 14 41 5 33 13 58 42 24 50 48 2 18 39 34 30 80 9 63 40 91 1 17 45 12 89 22 38 59 76 27 19 23 35 98 79 44 7 31 78 84 81 
Sat Apr 05 17:06:39 2014
times:8
solution is:9476.000000.       temperature is:1000.000000
ans array:
51 81 75 73 16 83 91 29 93 2 85 62 3 72 100 48 92 36 53 37 28 82 12 99 87 6 1 86 33 14 71 8 50 67 58 10 63 64 20 26 23 13 25 49 68 60 46 94 88 52 21 54 74 97 34 61 31 56 18 35 57 47 66 41 77 65 4 70 69 42 40 45 89 9 19 24 84 79 55 76 96 90 38 59 78 5 17 11 27 22 80 30 98 7 15 39 95 44 32 43 
Sat Apr 05 17:06:49 2014
times:9
solution is:9499.000000.       temperature is:1000.000000
ans array:
51 81 87 73 32 16 64 100 88 92 67 3 37 36 85 62 68 21 83 66 26 20 29 60 91 47 25 75 2 4 53 93 19 97 69 23 40 49 6 52 82 15 78 99 46 18 8 28 33 13 5 61 79 77 14 58 71 34 35 39 10 38 86 94 70 72 76 55 65 30 96 12 17 31 48 22 80 56 24 42 50 11 95 54 45 1 44 7 89 41 9 84 74 59 27 63 90 57 43 98 
Sat Apr 05 17:06:59 2014
The average run time for the algorithm is : 10.097800
The average solution for the algorithm is : 9474.800000
The maxx solution for the algorithm is : 9562.000000
The minn solution for the algorithm is : 9407.000000
