period=10.000000
Sat Apr 05 17:06:59 2014

N=100 M=20
times:0
solution is:8809.000000.       temperature is:1000.000000
ans array:
96 2 38 98 89 21 16 47 32 94 18 60 52 30 29 24 100 72 31 76 26 70 3 81 34 59 82 97 83 64 69 56 63 88 35 12 90 36 15 74 53 93 1 66 10 91 80 11 22 23 39 19 27 71 51 62 40 68 46 58 48 73 61 13 7 79 6 92 78 28 75 99 8 25 50 45 65 49 77 41 44 85 57 33 20 55 14 54 17 42 9 84 5 37 67 87 4 95 86 43 
Sat Apr 05 17:07:09 2014
times:1
solution is:8795.000000.       temperature is:1000.000000
ans array:
43 32 96 40 94 62 26 31 9 68 63 67 14 89 7 22 97 76 30 47 74 52 27 24 17 66 93 36 12 56 44 82 46 35 98 72 70 100 10 75 51 91 45 53 64 3 95 81 88 69 38 1 20 11 90 49 58 2 55 60 92 23 19 15 73 65 71 59 39 78 33 16 42 37 28 48 5 13 85 79 18 25 99 8 6 87 61 77 41 29 80 34 57 84 50 86 21 83 4 54 
Sat Apr 05 17:07:20 2014
times:2
solution is:8729.000000.       temperature is:1000.000000
ans array:
86 54 83 92 93 72 88 60 28 30 32 46 20 36 37 52 89 47 74 38 59 70 23 56 34 7 50 31 76 35 53 26 27 18 62 81 1 15 21 71 25 68 39 45 4 100 84 13 67 29 82 48 44 24 3 58 69 40 79 12 97 16 11 87 17 95 85 63 10 65 57 78 98 80 55 90 66 64 77 75 5 51 6 41 2 8 42 94 19 91 14 33 9 99 43 49 61 22 73 96 
Sat Apr 05 17:07:30 2014
times:3
solution is:8752.000000.       temperature is:1000.000000
ans array:
86 72 88 22 83 43 45 60 76 63 10 89 30 32 94 44 91 69 67 4 81 47 70 16 18 23 20 46 1 97 98 93 90 71 13 50 15 54 82 40 7 84 52 73 31 11 58 19 62 21 35 51 36 92 26 12 37 38 59 66 6 74 56 17 57 64 100 34 80 24 48 65 33 25 75 77 42 78 79 27 55 39 96 85 8 99 9 3 95 41 49 5 87 14 68 2 61 28 53 29 
Sat Apr 05 17:07:40 2014
times:4
solution is:8709.000000.       temperature is:1000.000000
ans array:
43 2 75 98 32 20 94 81 41 66 21 83 63 78 67 76 72 46 97 51 52 56 74 60 34 57 24 31 90 47 10 59 84 35 48 100 16 23 26 82 79 12 44 91 3 1 71 11 62 68 73 96 64 50 45 17 36 38 93 7 13 19 88 33 40 49 15 18 65 53 89 14 39 95 42 70 58 55 92 27 9 30 6 8 25 77 87 37 85 61 69 28 80 5 54 4 86 29 99 22 
Sat Apr 05 17:07:50 2014
times:5
solution is:8761.000000.       temperature is:1000.000000
ans array:
43 32 96 72 99 83 20 21 63 51 37 12 26 31 74 22 27 47 60 4 67 65 15 40 16 9 100 79 46 36 53 8 97 14 84 56 24 89 28 59 57 85 75 93 49 69 81 48 76 71 34 30 1 90 70 17 11 82 38 86 39 66 62 13 87 73 64 52 2 95 10 23 80 35 18 54 7 77 3 58 6 41 42 5 50 25 92 61 68 55 44 91 78 19 33 29 45 98 94 88 
Sat Apr 05 17:08:00 2014
times:6
solution is:8629.000000.       temperature is:1000.000000
ans array:
86 21 18 72 99 78 41 2 63 26 9 53 73 20 47 17 74 56 40 59 89 28 15 66 62 43 32 1 68 30 95 81 64 23 11 52 70 58 39 3 35 69 24 45 65 71 48 38 51 94 93 14 84 76 60 55 98 79 7 22 37 12 19 75 34 13 100 4 80 67 31 46 90 82 16 6 91 10 49 5 25 97 50 85 77 42 27 92 57 8 54 36 87 61 33 29 83 88 44 96 
Sat Apr 05 17:08:10 2014
times:7
solution is:8799.000000.       temperature is:1000.000000
ans array:
86 72 88 21 43 32 89 26 60 74 22 94 24 44 63 47 69 76 46 81 40 62 10 51 35 97 59 96 82 100 57 98 15 27 85 3 28 23 56 99 30 70 80 83 78 17 4 67 84 33 61 7 65 95 18 79 64 11 66 16 9 55 34 52 12 1 53 20 75 8 50 13 93 25 6 91 5 42 37 49 58 48 87 19 39 77 45 68 31 36 71 92 29 90 54 73 2 38 14 41 
Sat Apr 05 17:08:20 2014
times:8
solution is:8756.000000.       temperature is:1000.000000
ans array:
43 31 96 75 21 88 72 47 34 83 63 81 82 76 94 98 40 62 36 26 70 90 66 22 17 67 93 1 60 15 56 16 38 50 53 3 48 68 45 35 2 51 27 12 77 84 39 79 99 59 74 46 58 89 95 30 6 29 20 44 24 42 32 10 41 52 7 55 100 64 80 19 65 37 71 14 78 13 5 11 28 57 85 54 49 92 25 4 91 87 9 33 8 97 73 86 18 23 61 69 
Sat Apr 05 17:08:30 2014
times:9
solution is:8802.000000.       temperature is:1000.000000
ans array:
99 32 21 44 47 26 88 31 59 62 72 38 34 27 63 93 53 81 40 22 45 36 65 41 76 1 16 20 14 66 39 60 97 84 23 98 12 90 92 71 82 42 15 7 94 83 35 79 10 17 28 55 58 70 64 57 51 95 78 85 67 33 3 9 19 37 54 100 24 11 30 75 80 74 48 56 4 6 13 25 29 91 5 77 68 2 61 49 52 43 69 89 50 18 87 8 73 46 86 96 
Sat Apr 05 17:08:41 2014
The average run time for the algorithm is : 10.130700
The average solution for the algorithm is : 8754.100000
The maxx solution for the algorithm is : 8809.000000
The minn solution for the algorithm is : 8629.000000
