period=10.000000
Sat Apr 05 17:08:41 2014

N=100 M=20
times:0
solution is:8696.000000.       temperature is:1000.000000
ans array:
82 94 52 57 64 100 98 65 16 77 23 48 27 8 61 24 14 91 2 21 28 33 51 10 50 75 53 41 89 79 47 71 80 74 67 7 73 66 62 96 99 30 18 85 3 29 34 70 72 84 20 4 58 97 17 60 43 32 12 78 68 37 49 63 86 88 92 38 19 81 35 15 55 59 22 6 95 56 9 45 31 54 90 39 69 26 25 5 44 36 11 42 87 93 40 1 46 13 76 83 
Sat Apr 05 17:08:51 2014
times:1
solution is:8707.000000.       temperature is:1000.000000
ans array:
95 94 41 73 72 48 57 8 16 34 14 65 63 58 68 97 74 20 28 29 62 19 69 90 89 67 46 23 93 91 6 18 75 26 83 49 86 71 47 7 99 78 24 50 9 42 85 96 64 77 3 59 45 31 61 98 53 13 51 37 40 11 10 100 87 22 88 38 39 1 17 54 32 35 66 21 81 4 60 55 44 82 92 56 30 84 33 15 27 52 79 12 76 43 70 80 5 36 25 2 
Sat Apr 05 17:09:01 2014
times:2
solution is:8744.000000.       temperature is:1000.000000
ans array:
95 2 48 50 85 52 99 100 27 62 14 74 71 98 29 67 72 57 73 25 97 16 1 88 89 49 34 63 18 45 64 75 3 68 26 51 80 86 92 7 19 93 23 65 17 87 60 33 30 82 91 96 84 58 4 41 40 61 56 90 42 43 54 5 24 76 6 77 9 81 31 12 53 46 79 66 83 78 47 28 37 10 21 70 20 22 36 32 11 38 35 69 44 59 8 39 55 15 94 13 
Sat Apr 05 17:09:11 2014
times:3
solution is:8747.000000.       temperature is:1000.000000
ans array:
82 13 42 72 27 14 47 19 77 67 28 48 2 97 100 57 61 32 74 26 7 34 62 92 94 33 89 65 86 88 99 23 17 16 73 44 50 76 3 75 68 53 12 51 1 31 43 70 71 46 9 45 30 38 4 8 29 98 40 18 56 64 49 91 69 21 90 93 58 87 5 80 60 55 35 20 39 24 59 63 37 22 78 6 52 96 54 79 95 41 11 81 10 25 15 84 36 85 66 83 
Sat Apr 05 17:09:21 2014
times:4
solution is:8723.000000.       temperature is:1000.000000
ans array:
95 2 48 1 41 18 72 68 10 58 99 94 5 16 50 86 23 8 67 100 34 24 52 4 85 77 31 89 9 27 96 73 75 53 14 7 71 80 91 74 65 83 61 40 62 43 81 82 92 98 51 88 78 29 97 63 54 39 57 11 22 26 42 3 56 30 93 33 84 59 69 37 21 28 6 45 15 19 38 20 90 55 87 36 25 12 76 79 47 66 46 32 49 17 60 44 64 35 70 13 
Sat Apr 05 17:09:31 2014
times:5
solution is:8726.000000.       temperature is:1000.000000
ans array:
95 41 62 14 72 29 48 69 65 73 19 16 97 34 67 98 94 17 77 91 51 86 57 20 8 23 28 32 4 99 24 68 74 52 6 37 50 80 84 7 42 53 40 59 78 71 25 66 27 15 9 75 83 33 30 93 43 5 21 36 39 54 88 31 1 61 2 3 55 79 49 18 26 38 100 89 46 11 22 45 35 81 47 92 58 85 10 90 96 12 76 56 87 63 70 44 60 13 82 64 
Sat Apr 05 17:09:42 2014
times:6
solution is:8773.000000.       temperature is:1000.000000
ans array:
82 94 2 73 19 48 67 12 23 28 8 57 39 33 83 75 100 30 92 80 42 49 93 7 91 81 34 95 50 16 98 61 97 65 13 40 78 27 6 32 99 53 10 88 68 85 71 72 36 47 77 3 87 41 4 96 51 24 45 21 90 52 29 20 89 22 17 9 74 14 37 56 76 15 69 43 38 1 5 59 63 58 31 18 84 70 79 60 44 66 62 25 55 35 11 54 64 86 26 46 
Sat Apr 05 17:09:52 2014
times:7
solution is:8725.000000.       temperature is:1000.000000
ans array:
100 19 2 48 70 26 45 92 81 28 97 14 72 67 74 98 29 51 21 73 57 89 43 50 47 8 61 65 16 77 3 32 62 63 66 53 68 86 27 23 18 46 94 88 80 58 31 91 79 49 25 85 10 22 9 20 40 34 69 76 7 75 71 90 13 12 4 64 37 33 42 84 5 82 55 78 87 52 60 56 59 24 39 96 6 54 35 30 99 36 15 1 17 93 38 44 11 83 95 41 
Sat Apr 05 17:10:02 2014
times:8
solution is:8704.000000.       temperature is:1000.000000
ans array:
70 99 94 52 45 19 83 68 27 48 67 8 72 97 39 59 57 65 28 84 50 16 23 98 2 63 77 34 91 60 74 35 49 33 86 89 18 1 22 7 85 90 88 13 51 20 75 3 29 64 37 17 61 43 10 31 69 81 53 21 73 42 96 9 26 80 93 58 47 76 14 62 87 46 40 4 56 32 71 100 30 15 79 38 11 24 54 6 36 5 44 95 55 25 78 12 82 66 92 41 
Sat Apr 05 17:10:12 2014
times:9
solution is:8655.000000.       temperature is:1000.000000
ans array:
70 5 82 83 72 19 48 16 67 29 65 100 50 68 77 89 27 97 74 80 58 62 39 57 92 3 85 63 11 28 44 15 88 73 8 52 4 45 32 69 21 78 12 61 90 13 7 22 49 93 35 17 9 41 34 37 24 59 76 43 10 91 56 96 95 30 81 94 87 60 20 51 40 31 33 71 55 53 14 75 6 54 36 98 18 79 84 47 66 42 99 38 1 25 23 26 86 2 46 64 
Sat Apr 05 17:10:22 2014
The average run time for the algorithm is : 10.139100
The average solution for the algorithm is : 8720.000000
The maxx solution for the algorithm is : 8773.000000
The minn solution for the algorithm is : 8655.000000
