period=10.000000
Sat Apr 05 17:10:23 2014

N=100 M=20
times:0
solution is:8522.000000.       temperature is:1000.000000
ans array:
22 9 70 77 71 45 65 59 50 40 74 37 25 31 10 12 94 100 54 90 91 19 17 32 58 26 63 51 18 4 82 28 11 44 60 88 81 3 55 93 48 64 89 68 86 53 78 5 29 97 52 2 39 6 80 24 57 13 36 87 73 33 85 76 46 23 43 8 95 56 30 75 67 14 66 38 27 83 21 72 62 16 92 49 35 47 98 42 1 7 61 79 41 34 20 15 99 69 84 96 
Sat Apr 05 17:10:33 2014
times:1
solution is:8623.000000.       temperature is:1000.000000
ans array:
22 9 70 71 54 90 39 45 75 18 100 57 21 31 99 59 74 50 23 1 47 4 27 68 91 83 5 92 94 93 29 15 73 12 33 3 55 41 77 26 65 85 56 11 46 76 81 37 7 38 13 96 43 69 10 40 16 32 88 87 28 49 8 64 34 82 63 62 72 2 58 24 6 67 66 61 25 19 14 17 53 97 95 35 36 89 52 79 30 42 60 84 80 51 44 98 20 78 48 86 
Sat Apr 05 17:10:43 2014
times:2
solution is:8587.000000.       temperature is:1000.000000
ans array:
96 15 2 68 100 63 8 44 45 21 4 49 42 60 67 25 32 10 53 91 17 89 1 88 23 18 14 75 34 11 24 81 77 54 83 58 66 55 69 28 64 19 27 73 47 74 36 33 9 30 95 72 40 90 3 99 41 50 59 57 31 52 76 86 80 6 48 29 78 70 85 22 35 7 62 93 39 37 97 94 26 5 51 98 79 13 87 46 20 56 16 71 84 43 12 38 82 65 61 92 
Sat Apr 05 17:10:53 2014
times:3
solution is:8653.000000.       temperature is:1000.000000
ans array:
70 25 75 21 65 83 34 68 100 89 18 45 10 54 60 95 42 23 31 99 91 36 38 41 64 69 58 56 67 1 20 28 53 84 13 46 43 72 50 73 92 80 11 17 29 6 35 66 33 39 59 7 19 49 24 85 37 82 81 55 15 8 5 26 88 30 12 47 71 78 32 77 22 97 76 62 48 94 4 3 14 40 16 57 79 87 52 51 27 98 96 63 2 61 74 9 93 44 86 90 
Sat Apr 05 17:11:03 2014
times:4
solution is:8582.000000.       temperature is:1000.000000
ans array:
100 65 25 96 47 77 68 45 39 72 2 87 90 40 10 21 69 60 28 75 33 16 51 23 53 83 24 18 99 14 91 49 22 70 73 81 38 27 7 55 82 85 97 29 20 37 92 41 11 3 61 76 32 31 93 36 13 48 80 9 52 58 86 54 12 57 19 74 30 98 34 35 78 71 17 59 88 50 6 26 8 44 89 5 94 56 64 79 95 46 67 66 63 1 42 84 62 43 4 15 
Sat Apr 05 17:11:13 2014
times:5
solution is:8522.000000.       temperature is:1000.000000
ans array:
15 77 17 65 45 37 100 49 3 18 47 22 73 75 21 51 69 31 61 30 79 71 25 4 95 8 59 36 76 24 33 66 55 42 1 85 62 87 57 39 53 2 41 50 72 68 60 81 97 82 74 10 19 28 93 84 58 64 14 91 78 13 32 92 94 12 26 5 29 89 52 43 67 46 40 20 99 63 7 44 11 83 16 80 88 70 86 27 48 90 35 56 98 34 9 38 6 54 23 96 
Sat Apr 05 17:11:24 2014
times:6
solution is:8629.000000.       temperature is:1000.000000
ans array:
9 49 77 92 39 91 75 15 45 69 31 17 6 99 90 37 80 70 82 11 68 51 24 25 55 40 73 58 18 74 83 44 27 88 28 64 7 46 8 62 98 34 67 53 94 78 61 32 4 2 60 21 26 5 86 63 76 3 29 48 85 41 59 81 79 87 95 14 38 33 50 66 12 52 89 54 72 100 30 13 57 1 19 42 10 16 93 43 56 71 35 20 97 47 65 84 36 22 23 96 
Sat Apr 05 17:11:34 2014
times:7
solution is:8578.000000.       temperature is:1000.000000
ans array:
96 22 70 77 82 84 47 37 45 94 20 78 68 25 39 49 33 73 100 17 5 2 26 99 41 52 67 55 69 57 1 24 21 85 3 31 12 48 51 71 88 59 19 60 76 65 30 50 72 7 8 10 42 36 40 61 64 46 89 53 16 11 92 87 75 83 97 93 98 90 95 28 62 74 80 81 63 32 34 58 54 13 79 91 18 56 6 86 38 35 43 23 44 14 9 66 29 27 4 15 
Sat Apr 05 17:11:44 2014
times:8
solution is:8683.000000.       temperature is:1000.000000
ans array:
43 15 12 68 45 31 75 82 96 94 77 53 47 99 33 88 49 95 18 28 58 22 37 38 9 25 14 13 76 74 89 10 36 55 64 66 11 3 23 44 85 57 21 27 71 51 17 62 35 59 73 83 7 16 26 39 29 91 4 93 92 97 32 61 80 81 46 79 6 69 67 5 24 87 65 72 56 98 78 86 50 2 52 84 8 60 41 70 42 1 63 48 19 100 30 40 54 90 34 20 
Sat Apr 05 17:11:54 2014
times:9
solution is:8539.000000.       temperature is:1000.000000
ans array:
15 39 12 68 45 22 70 37 82 94 90 54 11 31 25 100 55 3 50 69 53 13 33 18 72 95 66 51 49 84 73 10 1 75 93 30 29 26 77 83 5 19 58 48 81 21 9 78 14 46 59 91 24 92 4 56 67 8 88 27 87 76 43 97 32 85 63 20 71 98 60 38 40 16 2 74 35 80 36 86 96 62 7 28 52 47 89 64 65 61 6 34 23 17 41 57 44 99 42 79 
Sat Apr 05 17:12:04 2014
The average run time for the algorithm is : 10.097200
The average solution for the algorithm is : 8591.800000
The maxx solution for the algorithm is : 8683.000000
The minn solution for the algorithm is : 8522.000000
