period=10.000000
Sat Apr 05 17:12:04 2014

N=100 M=20
times:0
solution is:9128.000000.       temperature is:1000.000000
ans array:
60 51 38 62 52 100 13 28 37 95 16 24 17 73 45 14 29 53 40 55 9 33 88 27 31 94 81 79 6 59 80 89 30 10 78 20 76 2 4 54 1 75 87 21 61 77 3 67 65 82 85 48 86 19 58 22 25 49 99 74 34 23 57 36 8 46 7 93 84 72 15 50 32 11 26 97 41 56 91 98 69 70 63 92 47 44 35 39 68 71 90 66 43 18 83 12 96 5 42 64 
Sat Apr 05 17:12:14 2014
times:1
solution is:9141.000000.       temperature is:1000.000000
ans array:
60 96 78 38 94 22 65 25 33 3 90 14 88 49 30 36 24 37 34 80 75 81 4 41 67 15 63 23 84 42 61 19 97 79 48 74 40 99 56 57 89 20 100 68 53 17 5 1 92 51 2 59 70 85 8 73 95 58 52 76 50 86 54 82 45 72 9 77 28 21 91 6 11 31 16 32 7 47 46 10 62 64 13 18 83 55 87 26 29 35 93 39 27 98 69 66 44 12 71 43 
Sat Apr 05 17:12:24 2014
times:2
solution is:9196.000000.       temperature is:1000.000000
ans array:
43 2 51 30 71 45 59 79 27 34 42 73 88 62 96 25 33 38 85 13 76 84 70 66 82 94 9 81 78 21 56 47 48 68 65 40 90 24 36 55 15 99 58 80 37 29 91 16 95 1 17 41 52 19 63 39 23 50 14 87 5 89 28 61 46 4 53 74 75 11 77 31 83 64 6 72 57 54 92 8 26 12 97 98 20 32 7 10 67 86 18 69 44 49 35 93 100 3 60 22 
Sat Apr 05 17:12:34 2014
times:3
solution is:9139.000000.       temperature is:1000.000000
ans array:
60 96 42 78 100 14 75 24 94 90 51 57 85 33 20 59 62 80 49 30 34 21 72 95 48 54 81 79 70 99 58 29 56 47 22 89 4 73 36 87 16 8 98 61 9 88 86 50 15 27 76 1 77 69 97 65 52 25 40 32 66 19 55 10 83 39 63 46 67 91 82 41 45 84 37 5 6 13 38 74 35 3 2 23 64 11 92 68 53 17 7 28 26 12 43 31 44 18 93 71 
Sat Apr 05 17:12:44 2014
times:4
solution is:9187.000000.       temperature is:1000.000000
ans array:
60 96 94 80 45 89 2 30 21 42 78 13 67 16 73 100 28 81 59 5 37 7 98 14 79 41 91 99 1 8 51 33 66 85 34 88 52 39 77 6 82 83 4 53 19 61 48 95 90 74 23 70 47 15 97 31 57 50 56 36 76 87 3 29 38 25 55 46 9 10 84 75 65 18 40 86 92 12 54 43 20 27 44 68 32 24 69 63 93 11 72 64 35 71 62 17 22 58 26 49 
Sat Apr 05 17:12:54 2014
times:5
solution is:9176.000000.       temperature is:1000.000000
ans array:
42 43 51 30 62 85 94 95 45 78 63 49 28 48 19 38 76 56 99 72 40 16 25 81 67 86 6 100 80 15 89 12 59 8 61 84 31 37 83 58 79 82 21 73 70 24 36 33 18 13 1 92 50 2 9 55 14 97 52 3 68 98 32 77 23 53 91 11 20 57 71 88 27 74 4 17 47 10 26 75 69 54 44 93 7 46 39 64 35 65 87 90 5 34 29 66 41 60 96 22 
Sat Apr 05 17:13:05 2014
times:6
solution is:9165.000000.       temperature is:1000.000000
ans array:
60 96 78 42 38 99 67 34 98 4 48 94 13 30 88 56 81 58 40 9 25 61 72 33 24 85 95 37 80 21 1 91 47 59 20 63 2 52 41 74 27 64 16 36 12 53 90 46 70 51 65 76 22 86 50 15 14 23 77 54 43 18 87 7 32 28 57 11 100 79 8 73 68 6 82 39 55 83 3 97 66 89 26 31 44 19 75 84 10 35 92 17 5 69 93 71 29 45 62 49 
Sat Apr 05 17:13:15 2014
times:7
solution is:9130.000000.       temperature is:1000.000000
ans array:
60 42 49 78 10 51 24 94 76 95 27 45 52 36 40 16 50 100 22 28 14 72 56 59 48 9 63 25 21 70 8 15 19 88 20 90 99 37 81 73 41 47 61 30 85 13 1 2 67 69 53 82 33 75 97 89 79 38 77 74 83 86 58 57 29 34 23 55 54 32 6 11 31 80 65 26 68 87 4 7 71 93 17 62 92 91 35 98 39 3 46 84 66 44 18 43 5 12 96 64 
Sat Apr 05 17:13:25 2014
times:8
solution is:9124.000000.       temperature is:1000.000000
ans array:
60 42 43 94 52 14 81 62 48 95 30 17 6 20 25 49 61 88 79 63 11 51 28 78 70 1 29 57 34 59 21 69 16 37 80 99 4 13 2 58 36 3 5 53 64 74 98 50 73 24 33 41 31 40 85 7 67 76 8 56 19 55 65 71 82 77 39 100 46 32 75 54 15 90 86 97 91 27 47 72 22 89 38 68 84 87 66 44 26 35 23 10 83 12 92 93 18 45 9 96 
Sat Apr 05 17:13:35 2014
times:9
solution is:9190.000000.       temperature is:1000.000000
ans array:
96 78 94 81 100 67 95 2 48 62 13 56 50 30 79 52 20 51 45 55 90 41 36 34 25 80 4 43 33 14 65 40 61 72 24 15 86 21 47 7 37 9 59 74 73 88 32 89 98 68 84 77 3 29 42 82 85 53 28 39 57 63 23 6 11 69 31 46 64 91 66 16 75 10 8 70 99 97 17 76 38 87 1 27 54 5 19 92 26 35 93 58 83 12 44 18 49 60 22 71 
Sat Apr 05 17:13:45 2014
The average run time for the algorithm is : 10.131100
The average solution for the algorithm is : 9157.600000
The maxx solution for the algorithm is : 9196.000000
The minn solution for the algorithm is : 9124.000000
