period=10.000000
Sat Apr 05 17:13:45 2014

N=100 M=20
times:0
solution is:8392.000000.       temperature is:1000.000000
ans array:
11 38 48 40 3 86 63 15 94 37 53 54 57 74 96 47 87 24 26 44 97 52 56 34 90 45 1 28 98 12 42 31 33 25 22 36 80 20 50 21 93 41 100 84 77 67 60 35 43 65 6 19 10 66 64 5 23 32 46 62 16 18 27 4 92 39 61 29 76 55 91 68 81 88 59 75 95 58 83 30 51 85 82 7 72 9 70 99 71 13 49 14 79 78 69 89 8 17 73 2 
Sat Apr 05 17:13:55 2014
times:1
solution is:8426.000000.       temperature is:1000.000000
ans array:
17 2 45 86 87 40 57 27 7 34 44 67 78 84 65 71 69 18 54 51 68 52 22 93 20 32 37 41 100 80 36 21 26 28 3 33 92 90 85 38 14 11 83 59 95 75 97 88 76 42 13 60 6 56 10 74 55 73 16 99 12 98 31 64 77 43 30 79 35 82 96 50 46 9 94 8 29 72 24 15 61 62 47 5 58 91 19 4 81 70 23 1 39 53 89 63 49 48 66 25 
Sat Apr 05 17:14:05 2014
times:2
solution is:8423.000000.       temperature is:1000.000000
ans array:
83 38 2 40 56 69 62 3 1 22 31 11 87 15 37 54 44 98 51 47 78 65 63 21 93 4 26 89 23 71 35 12 90 57 92 66 77 24 61 27 49 84 45 52 10 43 25 42 59 96 34 76 70 97 48 75 91 88 94 28 74 73 46 19 60 64 13 81 5 18 6 79 53 16 41 7 95 100 17 20 14 30 80 39 50 85 82 72 67 32 33 36 29 9 99 86 55 58 8 68 
Sat Apr 05 17:14:16 2014
times:3
solution is:8441.000000.       temperature is:1000.000000
ans array:
42 45 11 86 34 91 38 87 53 44 84 54 96 98 3 37 40 66 57 52 26 35 90 67 62 27 14 72 5 24 88 20 82 97 78 41 46 32 61 23 12 22 15 8 13 89 47 1 71 21 85 83 55 68 43 7 28 100 74 77 10 50 39 65 93 79 4 31 81 56 70 99 6 16 18 76 60 73 80 51 75 64 33 36 69 95 25 92 17 59 94 9 63 49 29 19 58 30 2 48 
Sat Apr 05 17:14:26 2014
times:4
solution is:8344.000000.       temperature is:1000.000000
ans array:
83 23 2 37 87 69 62 54 86 56 44 33 22 92 65 18 24 26 14 41 5 34 48 57 6 53 63 27 96 76 20 52 39 82 66 4 73 21 98 78 43 90 15 88 31 97 70 3 100 72 93 79 68 50 10 49 74 25 67 47 12 35 32 61 89 45 9 99 13 28 60 51 81 75 91 29 46 30 11 84 95 59 85 80 42 55 1 77 58 16 17 40 36 7 71 19 64 94 38 8 
Sat Apr 05 17:14:36 2014
times:5
solution is:8513.000000.       temperature is:1000.000000
ans array:
24 83 77 2 37 87 66 5 22 27 40 26 78 19 54 69 53 38 3 8 62 47 65 29 15 92 18 11 88 91 56 42 21 73 52 93 67 6 48 43 98 33 97 63 10 84 7 41 71 76 61 45 13 25 55 90 49 59 1 94 85 57 95 68 58 51 30 96 74 50 82 60 39 23 100 28 4 81 36 32 75 99 12 46 89 72 79 14 64 31 20 34 9 70 80 86 17 16 35 44 
Sat Apr 05 17:14:46 2014
times:6
solution is:8382.000000.       temperature is:1000.000000
ans array:
2 45 48 15 34 38 53 44 52 37 22 26 40 91 7 54 86 71 55 42 35 33 47 67 39 87 62 65 69 27 92 11 63 90 74 23 60 14 73 46 8 77 5 66 21 76 57 25 70 97 20 78 41 56 96 85 51 81 88 24 16 93 59 6 29 28 43 95 17 84 10 50 89 36 13 49 30 79 100 98 32 31 18 61 3 72 68 80 12 4 9 99 75 58 83 64 1 94 19 82 
Sat Apr 05 17:14:56 2014
times:7
solution is:8416.000000.       temperature is:1000.000000
ans array:
2 48 34 38 45 1 68 32 27 65 77 53 21 56 71 88 87 96 92 12 44 26 40 86 57 78 63 35 6 4 7 42 47 30 97 18 76 67 10 16 3 74 91 15 81 52 25 82 85 58 23 75 28 8 22 98 46 94 62 59 9 43 93 51 70 90 33 72 100 95 31 54 80 83 61 84 41 36 5 89 69 13 17 79 55 99 50 37 14 29 11 60 20 66 73 24 39 19 64 49 
Sat Apr 05 17:15:06 2014
times:8
solution is:8373.000000.       temperature is:1000.000000
ans array:
23 17 2 56 71 15 1 62 87 69 21 44 22 27 5 86 6 75 78 70 82 90 57 59 95 67 12 35 26 18 52 40 88 83 92 61 45 28 42 49 31 68 64 3 99 60 4 11 74 25 54 73 80 41 46 8 43 50 77 19 96 37 85 20 91 76 32 51 10 30 9 13 36 34 81 14 53 72 33 100 98 63 93 48 58 24 94 16 7 97 65 79 47 89 38 66 39 55 84 29 
Sat Apr 05 17:15:16 2014
times:9
solution is:8434.000000.       temperature is:1000.000000
ans array:
17 38 2 34 63 93 45 71 54 3 44 56 78 65 62 87 14 35 1 48 57 92 37 69 90 13 27 40 53 18 77 42 19 10 43 4 26 98 22 97 12 7 20 31 86 85 32 94 28 46 21 74 25 33 83 88 73 67 66 72 100 5 76 75 16 6 49 81 15 52 23 64 60 41 30 95 68 51 61 55 99 82 36 50 24 80 89 96 47 8 59 9 29 91 79 70 39 11 58 84 
Sat Apr 05 17:15:27 2014
The average run time for the algorithm is : 10.141600
The average solution for the algorithm is : 8414.400000
The maxx solution for the algorithm is : 8513.000000
The minn solution for the algorithm is : 8344.000000
