period=20.000000
Sun Apr 06 10:32:08 2014

N=200 M=10
times:0
solution is:11701.000000.       temperature is:999.990000
ans array:
76 33 2 48 127 173 162 196 27 172 152 183 123 23 121 104 137 73 45 116 198 190 111 130 176 90 113 154 72 74 179 108 128 65 49 43 78 6 100 85 171 19 56 131 150 24 194 4 40 167 35 10 79 142 155 13 193 197 139 7 41 75 124 189 70 119 115 112 12 129 122 138 101 44 69 134 39 106 160 163 126 145 62 140 170 132 17 169 1 57 30 148 87 125 31 186 166 149 192 156 34 153 175 25 36 118 50 161 174 144 185 42 191 29 66 11 114 28 177 99 96 159 135 46 151 22 15 107 67 80 109 59 146 84 38 147 110 102 68 77 16 178 94 5 20 71 93 21 8 9 61 141 54 63 187 83 32 143 58 117 37 14 97 182 199 200 53 60 164 105 181 81 82 180 133 86 51 157 98 168 64 120 26 18 188 55 3 158 47 95 88 165 136 103 184 195 89 52 91 92 
Sun Apr 06 10:32:28 2014
times:1
solution is:11736.000000.       temperature is:999.990000
ans array:
30 197 65 113 172 154 137 53 92 27 175 104 160 189 48 109 150 36 35 116 111 105 24 198 16 19 139 107 148 135 100 44 90 49 46 72 43 173 140 127 56 119 149 75 108 142 2 141 67 182 185 196 20 138 1 85 183 121 110 4 174 134 170 31 153 194 39 151 186 84 166 17 132 74 181 18 128 123 12 101 8 82 22 171 23 42 115 3 131 161 81 187 96 41 102 29 156 190 45 99 167 193 195 98 125 83 133 61 94 47 93 68 76 66 59 169 147 50 184 146 25 95 10 126 117 40 152 77 62 52 162 97 124 159 163 177 191 179 70 14 34 28 80 144 114 57 9 199 122 89 145 165 13 79 130 176 15 155 200 78 58 106 178 63 51 7 11 21 158 26 188 54 112 69 118 143 129 88 164 71 180 86 38 87 136 103 60 168 55 37 120 64 32 157 5 91 73 192 33 6 
Sun Apr 06 10:32:48 2014
times:2
solution is:11707.000000.       temperature is:999.990000
ans array:
96 197 1 172 29 65 6 23 113 93 138 73 42 43 106 123 45 90 66 10 46 56 62 173 110 190 30 9 170 151 4 74 44 191 51 150 181 76 20 108 154 81 160 175 183 128 121 16 49 117 19 57 198 111 107 79 200 2 18 182 94 5 70 135 85 192 112 189 125 148 143 188 39 27 80 53 162 109 176 116 47 187 101 158 166 142 35 119 196 36 11 155 54 161 124 152 137 22 149 163 153 34 139 194 127 86 24 186 40 185 114 13 179 92 14 26 12 133 130 95 69 177 68 174 41 193 126 71 72 78 164 48 100 63 21 17 147 98 115 83 67 131 28 167 141 59 140 38 50 91 144 77 15 89 195 122 84 75 99 25 178 52 168 159 60 156 105 61 171 132 3 102 199 118 8 129 64 58 32 33 136 31 103 146 120 55 82 184 7 157 87 88 37 97 165 145 134 169 104 180 
Sun Apr 06 10:33:08 2014
times:3
solution is:11782.000000.       temperature is:999.990000
ans array:
147 197 23 108 19 127 172 73 104 116 200 2 76 66 135 131 122 186 137 160 70 107 130 47 189 132 62 49 112 173 92 12 29 142 59 150 75 141 171 4 195 35 44 24 53 18 48 79 1 36 54 154 183 46 9 156 20 124 128 100 113 5 45 185 193 22 60 139 198 85 10 161 133 72 57 95 140 90 162 121 170 33 11 83 93 175 179 196 16 105 3 151 187 81 153 86 30 125 31 163 119 134 155 74 111 110 56 181 182 138 99 126 84 40 194 190 80 67 68 114 41 71 143 148 25 149 191 61 34 87 13 58 39 174 123 42 144 103 167 21 78 14 158 102 101 115 69 43 98 188 166 52 77 145 94 146 6 97 17 165 152 15 82 176 192 129 32 199 38 88 159 63 184 117 164 26 96 51 169 177 37 28 136 89 8 120 168 64 157 55 118 50 106 7 178 91 109 65 27 180 
Sun Apr 06 10:33:29 2014
times:4
solution is:11729.000000.       temperature is:999.990000
ans array:
30 23 107 183 15 172 34 43 2 154 53 189 74 161 29 17 186 36 145 110 151 48 75 46 16 85 52 126 24 138 149 121 83 113 35 90 67 112 4 200 62 173 148 130 197 44 1 100 72 116 108 175 124 12 143 65 51 40 147 111 152 117 179 133 77 182 174 134 96 122 10 39 150 160 18 139 70 196 156 195 68 132 192 115 128 166 20 76 181 119 87 99 19 137 5 58 135 114 11 141 109 190 101 198 185 142 162 155 22 164 177 66 41 125 71 131 103 158 27 171 14 73 84 42 105 167 140 106 78 163 59 79 188 57 159 187 82 102 168 191 153 9 25 144 98 194 21 89 94 92 80 193 45 199 95 104 56 13 3 32 47 176 6 93 169 123 28 49 129 118 8 180 97 63 38 64 31 37 60 86 54 55 165 61 69 136 26 184 81 88 178 157 146 7 120 127 50 170 33 91 
Sun Apr 06 10:33:49 2014
times:5
solution is:11748.000000.       temperature is:999.990000
ans array:
76 33 116 197 90 172 73 44 123 183 19 20 62 113 99 108 107 162 198 128 77 131 196 74 100 189 150 75 142 101 12 18 110 138 4 127 159 186 9 45 31 40 134 57 173 17 155 2 192 124 160 135 151 132 3 152 22 166 70 79 176 146 15 49 65 69 27 46 161 85 148 200 83 139 61 35 170 67 91 10 43 111 72 153 141 53 194 133 165 130 163 171 59 154 106 41 190 121 30 29 117 48 71 102 182 140 125 175 122 52 82 23 179 126 36 137 24 21 143 185 191 16 25 167 119 115 112 174 156 14 109 38 178 42 96 6 94 54 66 177 5 47 84 89 187 199 95 193 28 149 81 169 129 68 11 105 114 164 188 145 181 147 92 144 87 78 60 104 13 88 180 86 118 51 93 7 80 50 34 97 8 158 55 98 120 56 32 136 195 64 184 157 26 63 58 39 37 1 103 168 
Sun Apr 06 10:34:09 2014
times:6
solution is:11761.000000.       temperature is:999.990000
ans array:
96 197 73 127 23 183 108 116 72 36 65 33 113 39 200 138 74 190 102 62 20 189 46 101 10 110 100 82 44 173 24 137 19 121 171 87 198 104 48 66 107 135 145 151 13 91 162 76 4 130 155 128 169 186 18 112 149 22 54 57 142 172 150 29 43 195 152 49 1 15 167 17 85 154 90 84 55 160 196 40 191 35 156 2 83 153 146 6 129 27 148 124 194 193 67 147 179 52 41 119 99 185 131 42 163 47 30 122 56 59 133 187 176 75 9 188 53 159 106 60 115 3 12 166 50 134 170 143 11 98 182 161 16 139 181 31 126 132 70 92 94 125 86 164 79 81 111 165 123 25 192 174 37 77 71 80 117 61 45 34 32 26 109 141 69 144 88 78 14 93 97 175 158 95 140 118 105 63 64 177 199 7 58 21 89 120 8 38 5 168 103 136 68 178 28 157 51 114 184 180 
Sun Apr 06 10:34:29 2014
times:7
solution is:11810.000000.       temperature is:999.990000
ans array:
76 3 133 39 163 116 72 35 75 44 172 9 121 85 148 186 107 10 73 90 24 4 104 131 48 22 135 170 62 58 100 162 174 132 150 193 166 151 68 102 152 27 92 134 57 41 12 113 30 126 52 138 110 18 14 192 173 19 159 125 177 130 91 156 16 5 191 161 2 175 13 6 29 198 93 46 49 194 43 184 67 109 36 160 98 141 200 60 183 189 66 83 79 137 84 197 149 15 154 108 185 146 25 129 190 74 199 45 115 171 40 1 127 50 101 181 144 182 147 7 153 196 195 165 42 33 158 54 122 80 119 47 128 124 140 17 56 69 65 78 77 176 96 106 87 99 82 34 38 123 53 70 139 59 187 28 188 31 111 51 179 26 71 114 178 118 136 117 155 95 55 32 63 21 105 81 8 94 97 89 86 157 180 11 88 120 167 103 37 64 168 61 142 112 20 23 169 164 143 145 
Sun Apr 06 10:34:50 2014
times:8
solution is:11721.000000.       temperature is:999.990000
ans array:
78 1 35 65 151 149 197 46 172 183 15 135 74 57 49 19 85 108 175 107 44 189 52 39 4 10 29 116 155 77 2 154 200 142 110 194 174 43 90 158 48 18 150 153 16 73 186 40 105 182 138 181 121 156 128 22 56 66 27 111 130 59 126 139 169 198 24 196 173 137 134 119 20 104 187 83 93 67 191 117 133 69 101 62 12 141 193 148 96 177 160 185 36 162 41 87 179 140 102 79 152 68 95 70 30 80 127 166 159 129 7 17 58 11 109 94 124 31 3 118 6 47 75 113 8 81 170 165 192 176 28 143 190 71 25 13 131 132 60 161 123 115 89 164 86 45 84 76 100 61 145 72 125 136 112 178 146 63 180 122 195 51 34 53 199 9 54 32 21 163 147 42 91 99 114 82 98 50 120 26 37 97 64 184 55 157 88 38 103 144 5 92 188 14 171 23 106 167 33 168 
Sun Apr 06 10:35:11 2014
times:9
solution is:11684.000000.       temperature is:999.990000
ans array:
96 197 1 75 162 172 154 29 99 15 10 183 142 104 134 123 67 138 189 102 2 194 44 73 150 49 57 107 173 131 39 137 124 127 186 48 117 91 46 19 152 22 195 160 111 108 9 79 59 121 76 196 153 24 33 143 85 70 18 130 171 62 27 148 72 193 175 156 113 132 3 17 105 16 43 66 110 128 35 191 4 188 126 135 122 83 90 159 13 68 36 77 170 30 6 151 144 115 74 81 190 185 60 161 98 106 20 89 63 93 187 45 181 56 52 146 147 80 87 92 200 12 71 54 125 116 34 174 78 42 82 141 84 112 165 58 47 25 11 21 69 166 101 139 86 169 164 7 179 114 97 95 198 5 158 31 26 145 177 163 129 199 8 176 40 14 167 37 140 38 51 28 178 32 182 50 109 61 53 119 180 94 118 41 88 184 192 136 64 120 149 55 155 157 103 168 100 23 133 65 
Sun Apr 06 10:35:31 2014
The average run time for the algorithm is : 20.376300
The average solution for the algorithm is : 11737.900000
The maxx solution for the algorithm is : 11810.000000
The minn solution for the algorithm is : 11684.000000
