period=20.000000
Sun Apr 06 10:37:37 2014

N=200 M=10
times:0
solution is:12502.000000.       temperature is:999.990000
ans array:
1 133 28 24 119 71 46 38 177 16 128 87 158 72 84 165 54 195 135 110 27 37 22 8 131 35 52 76 42 45 15 43 32 175 97 7 20 58 129 26 23 125 173 31 47 160 63 104 34 53 94 191 118 113 194 181 144 107 136 55 196 18 69 162 126 184 48 154 161 30 103 190 138 188 137 156 25 197 123 5 171 155 96 179 176 59 146 187 163 112 80 19 11 39 142 13 3 93 151 114 132 170 134 68 159 56 150 185 182 10 90 111 50 66 33 77 124 152 153 108 157 198 178 14 83 192 164 85 98 29 117 166 106 101 172 147 141 70 78 9 169 174 91 95 89 102 167 74 21 73 17 122 200 199 143 41 115 2 4 81 65 148 44 139 120 193 109 140 75 100 168 116 49 36 40 12 92 6 99 186 60 57 121 183 79 130 180 51 82 145 127 62 67 61 149 86 105 64 88 189 
Sun Apr 06 10:37:57 2014
times:1
solution is:12528.000000.       temperature is:999.990000
ans array:
1 104 165 195 31 182 16 18 94 58 42 131 153 72 108 69 172 28 157 93 91 43 27 128 10 185 55 133 158 17 52 192 25 53 92 47 132 178 40 80 183 197 56 45 71 110 8 170 46 179 109 166 97 184 112 39 155 100 6 118 199 20 26 168 144 2 11 60 50 107 187 198 121 114 88 36 30 75 156 136 84 3 62 22 113 173 61 130 151 176 117 139 193 68 35 87 122 38 49 126 123 29 78 171 138 129 66 119 73 162 137 32 134 191 141 59 95 15 106 102 146 177 111 44 150 164 196 115 181 105 143 77 96 4 90 154 65 163 24 54 74 120 149 135 89 21 57 82 160 142 76 188 7 5 159 13 86 167 37 9 200 23 145 12 19 152 101 14 190 83 124 41 175 67 70 48 98 64 194 79 99 103 81 63 85 180 140 161 127 148 116 186 33 147 51 125 169 34 189 174 
Sun Apr 06 10:38:18 2014
times:2
solution is:12504.000000.       temperature is:999.990000
ans array:
96 155 195 165 58 31 8 38 131 160 27 72 128 166 173 87 129 107 132 84 191 97 179 69 22 42 28 143 184 18 104 45 198 37 89 36 150 39 163 110 124 176 182 102 151 125 26 108 123 57 168 80 133 49 170 194 10 56 60 17 136 32 13 118 115 83 192 62 122 78 177 29 101 51 137 52 54 65 90 119 175 2 181 113 114 1 47 158 43 63 50 75 172 16 147 34 190 146 93 24 67 153 40 138 77 70 145 169 21 74 152 139 112 156 64 121 35 3 94 88 141 91 117 92 98 187 154 159 111 25 164 12 59 20 7 61 193 100 6 120 71 9 199 81 55 82 4 33 44 46 126 79 188 19 183 161 85 68 197 186 95 149 157 41 144 171 178 48 127 30 99 73 53 23 135 106 86 66 180 174 134 162 76 200 15 5 196 189 105 185 148 130 103 116 142 140 109 167 14 11 
Sun Apr 06 10:38:39 2014
times:3
solution is:12580.000000.       temperature is:999.990000
ans array:
1 94 28 179 31 191 110 131 20 10 52 195 173 87 27 150 129 107 7 45 39 113 108 54 160 156 73 97 3 58 139 166 75 80 69 16 112 117 77 187 193 43 152 159 78 83 114 192 128 82 175 66 32 100 182 96 72 59 118 133 155 17 181 104 34 132 146 88 64 188 26 151 89 6 9 153 71 30 90 84 183 19 38 176 15 93 141 165 44 111 119 29 22 171 178 47 33 18 46 21 125 41 190 184 70 163 144 164 35 158 198 121 122 177 74 4 60 136 102 124 138 63 61 174 53 143 14 120 142 81 92 103 105 13 37 56 25 126 8 86 49 106 68 99 123 98 65 40 11 50 115 127 162 101 185 5 199 95 170 200 157 23 57 12 2 116 51 161 168 172 169 42 24 147 48 67 79 36 197 91 186 135 62 85 154 55 145 137 180 130 76 149 194 140 134 148 189 109 196 167 
Sun Apr 06 10:38:59 2014
times:4
solution is:12540.000000.       temperature is:999.990000
ans array:
11 69 29 45 18 128 182 150 195 94 87 119 26 157 110 175 27 97 20 39 21 88 34 38 104 16 53 40 80 179 143 118 191 141 43 122 52 28 93 30 174 95 54 72 172 37 63 107 155 166 132 171 78 65 152 7 75 198 165 47 5 77 144 84 177 131 169 23 82 139 121 126 6 162 160 192 32 186 147 125 73 31 90 170 60 92 113 184 158 71 129 24 61 193 199 117 176 123 10 8 136 133 12 183 81 168 105 68 13 112 17 108 111 146 173 46 185 42 196 106 19 55 142 163 164 98 154 22 2 197 114 79 127 181 76 25 156 102 50 101 99 187 58 188 140 153 48 64 35 100 59 3 178 44 194 15 159 120 74 86 56 51 109 116 167 148 83 137 124 14 134 91 151 89 138 1 115 62 135 66 189 190 85 145 130 49 149 36 9 103 67 180 57 200 33 4 70 161 41 96 
Sun Apr 06 10:39:20 2014
times:5
solution is:12504.000000.       temperature is:999.990000
ans array:
96 27 104 131 133 28 195 31 58 128 166 122 176 101 52 160 119 80 71 20 173 72 32 190 168 69 8 43 45 110 135 177 150 139 38 94 129 93 89 16 29 126 53 24 19 97 15 1 121 18 170 41 183 194 39 141 107 56 152 34 13 112 87 153 75 182 172 114 79 55 21 162 46 146 84 54 76 42 154 73 50 136 118 90 37 158 143 88 7 130 157 192 3 165 156 6 193 175 48 186 167 138 108 103 9 66 184 61 47 23 169 137 83 82 159 30 163 17 111 197 164 113 115 178 191 91 171 40 57 155 4 174 33 200 70 120 74 161 26 124 95 2 62 10 198 100 36 179 117 77 12 105 134 78 81 125 199 151 86 65 49 68 5 85 11 144 196 25 35 92 59 147 22 116 145 14 44 132 181 60 123 187 106 188 109 180 67 148 102 63 185 140 99 142 98 64 51 149 189 127 
Sun Apr 06 10:39:41 2014
times:6
solution is:12541.000000.       temperature is:999.990000
ans array:
155 166 171 37 170 27 16 69 18 38 59 160 28 131 150 133 124 61 129 8 104 71 72 92 115 184 119 118 121 75 65 31 58 42 50 107 20 183 196 128 112 177 19 154 54 97 53 45 165 195 122 52 198 173 174 156 192 182 26 141 110 60 151 93 35 139 168 95 91 43 3 194 94 84 90 152 117 135 2 161 153 158 4 134 12 105 40 164 62 98 163 123 51 172 55 77 29 181 73 56 178 46 63 36 132 17 85 199 113 193 47 111 191 138 108 30 15 1 25 74 39 66 176 34 137 5 101 120 44 83 185 32 88 146 49 144 102 33 24 109 136 87 80 86 68 57 142 127 22 187 190 162 96 140 78 6 126 188 169 48 99 10 130 157 175 114 76 197 21 14 82 81 70 125 103 11 179 79 23 159 89 7 186 143 9 200 148 145 116 149 100 67 180 41 106 147 167 13 189 64 
Sun Apr 06 10:40:02 2014
times:7
solution is:12479.000000.       temperature is:999.990000
ans array:
96 31 45 1 18 19 58 28 162 179 37 133 177 87 93 195 20 16 43 104 26 42 156 113 60 160 110 173 108 187 132 27 30 184 181 182 83 193 72 154 52 39 101 192 128 196 80 123 22 129 163 38 126 114 95 53 73 40 170 49 71 151 171 77 97 194 34 139 51 8 84 155 10 165 118 66 169 176 75 54 56 147 111 122 199 117 100 153 44 121 2 142 69 62 124 185 102 191 197 136 174 198 150 81 168 188 47 200 32 158 50 131 11 55 144 24 172 178 61 25 17 94 48 21 106 46 76 120 6 119 74 146 105 12 5 33 65 36 89 79 175 29 35 186 85 99 148 135 161 41 107 90 143 57 190 189 149 70 152 3 88 9 78 157 98 15 138 116 109 91 159 115 137 68 103 59 7 125 164 127 13 167 166 112 86 23 92 183 145 134 4 130 140 67 82 180 63 14 141 64 
Sun Apr 06 10:40:22 2014
times:8
solution is:12494.000000.       temperature is:999.990000
ans array:
128 104 29 182 114 28 26 179 1 173 71 27 165 4 87 60 32 38 133 111 107 192 171 134 66 174 19 20 72 131 39 132 159 55 122 65 31 34 45 194 52 143 56 150 108 181 113 49 8 96 138 18 93 58 119 64 139 21 57 170 73 97 54 158 88 69 9 16 43 126 84 94 199 89 22 23 100 127 195 178 154 37 35 155 196 10 172 144 168 78 118 152 40 50 135 163 186 80 75 188 83 117 92 198 61 185 51 141 24 12 110 145 3 129 162 184 90 17 166 190 175 183 157 120 81 148 46 193 125 41 47 176 112 42 91 85 25 161 147 62 106 137 2 7 95 105 156 98 177 63 160 164 33 142 76 48 136 53 169 115 116 167 13 191 82 123 74 30 15 102 77 44 197 146 11 99 101 67 59 153 5 189 124 121 68 130 70 36 79 103 6 109 151 149 86 200 180 187 14 140 
Sun Apr 06 10:40:43 2014
times:9
solution is:12500.000000.       temperature is:999.990000
ans array:
128 182 45 28 16 34 104 131 122 38 72 133 165 3 49 65 21 27 37 53 31 178 141 150 70 110 143 52 20 114 55 113 92 108 88 144 18 195 173 119 107 171 125 172 152 100 93 35 199 153 8 69 87 159 19 158 22 44 121 118 80 102 105 151 163 64 167 170 196 36 177 33 156 95 90 40 166 82 124 83 58 168 15 13 99 84 179 111 5 1 68 62 184 12 139 115 161 54 77 43 132 47 190 194 10 29 94 97 162 81 39 129 9 157 135 183 186 103 134 26 155 6 176 160 174 41 130 175 138 188 30 46 56 63 71 147 126 142 60 7 191 116 32 187 164 193 66 117 79 23 197 169 75 146 73 48 136 89 112 91 57 42 24 106 145 120 25 154 76 50 181 17 189 59 86 200 198 192 127 185 51 98 14 96 137 149 67 180 101 74 4 78 123 85 11 2 61 109 148 140 
Sun Apr 06 10:41:04 2014
The average run time for the algorithm is : 20.719700
The average solution for the algorithm is : 12517.200000
The maxx solution for the algorithm is : 12580.000000
The minn solution for the algorithm is : 12479.000000
