period=20.000000
Sun Apr 06 10:41:04 2014

N=200 M=10
times:0
solution is:13204.000000.       temperature is:999.990000
ans array:
32 132 58 103 97 151 55 162 183 187 193 64 12 141 35 159 165 13 176 156 56 171 110 155 94 114 59 87 36 186 74 82 134 195 119 47 153 83 136 41 143 170 72 75 113 67 43 7 95 120 2 115 62 57 65 178 90 157 73 42 10 125 29 81 185 99 91 40 105 154 85 61 148 169 37 122 199 89 48 53 184 197 78 142 123 107 118 93 147 190 133 39 166 52 8 46 135 86 49 167 182 128 144 3 19 16 126 44 129 177 111 34 51 146 179 100 117 68 163 54 189 188 70 198 50 14 17 63 112 191 69 76 11 4 127 38 88 101 140 102 45 96 79 28 77 150 66 18 137 192 168 181 33 1 104 116 130 71 98 173 60 21 158 196 5 6 149 175 109 92 124 80 25 20 31 174 139 180 15 161 194 106 152 23 22 30 24 145 27 131 200 160 26 121 108 138 164 172 9 84 
Sun Apr 06 10:41:25 2014
times:1
solution is:13178.000000.       temperature is:999.990000
ans array:
92 84 159 58 48 52 184 2 97 174 111 178 112 124 169 199 102 141 87 166 90 162 73 134 128 177 22 100 42 4 186 86 37 157 55 125 197 188 183 130 79 144 24 181 191 123 147 122 99 75 156 167 38 96 153 13 7 185 39 173 163 41 21 142 107 43 139 171 70 160 47 65 34 26 165 35 140 129 8 31 106 113 151 61 146 85 53 118 83 137 117 54 15 72 176 69 66 143 12 115 77 161 179 195 116 81 6 132 74 189 91 46 50 182 150 36 89 17 93 95 121 33 45 170 40 76 187 62 94 78 11 64 196 109 155 71 198 103 30 110 193 148 180 131 152 114 14 10 9 29 127 67 80 105 1 192 57 154 3 82 19 101 27 145 25 18 158 175 20 56 98 200 149 119 136 104 190 126 194 60 5 16 59 168 32 28 63 68 164 172 138 88 23 49 120 44 133 135 51 108 
Sun Apr 06 10:41:45 2014
times:2
solution is:13185.000000.       temperature is:999.990000
ans array:
95 84 103 173 159 196 6 83 134 169 2 24 183 11 102 56 128 199 131 187 93 163 137 17 151 48 8 192 86 29 10 155 36 91 181 55 52 130 3 125 45 109 189 143 70 123 65 162 15 154 19 127 166 156 107 140 46 122 1 89 195 38 31 180 7 68 113 82 37 165 157 85 116 43 78 81 124 97 171 74 100 90 23 193 30 149 5 20 21 51 176 18 92 115 191 44 136 39 62 158 94 164 40 186 34 182 47 4 129 132 49 150 118 64 178 26 200 106 77 188 12 198 161 33 99 60 148 58 80 54 13 153 79 98 105 141 112 72 167 185 147 66 22 14 96 41 111 184 88 73 197 53 144 117 104 16 190 61 119 57 114 76 87 110 120 28 146 63 27 145 50 35 160 69 71 138 75 139 9 179 42 101 121 172 194 177 152 59 32 175 170 25 142 126 67 168 135 174 108 133 
Sun Apr 06 10:42:06 2014
times:3
solution is:13237.000000.       temperature is:999.990000
ans array:
92 84 132 8 195 14 68 103 70 86 112 18 196 116 140 28 134 179 12 193 43 162 163 97 174 30 71 199 90 34 79 46 183 158 139 42 91 52 102 137 95 17 144 141 73 122 66 123 62 130 33 169 22 187 128 2 108 56 36 192 115 96 41 121 61 125 85 131 117 157 27 166 80 107 191 173 20 64 45 65 181 58 44 39 35 188 59 32 127 118 48 109 165 124 19 7 31 38 83 119 133 184 185 13 76 3 178 147 82 176 21 172 98 50 150 161 171 136 106 129 93 182 15 154 200 60 77 9 156 148 40 16 149 29 197 99 49 111 6 138 180 143 153 47 113 164 11 53 4 104 74 89 186 55 72 100 168 135 189 146 151 198 81 25 142 177 190 167 10 105 24 37 57 63 114 145 94 75 54 26 120 101 1 152 159 87 51 78 126 160 110 5 194 175 69 170 67 23 155 88 
Sun Apr 06 10:42:27 2014
times:4
solution is:13191.000000.       temperature is:999.990000
ans array:
83 180 9 70 58 52 43 55 163 2 68 78 144 45 94 34 14 148 183 172 140 149 197 195 158 59 30 12 7 141 182 61 133 29 25 176 139 116 130 196 96 150 73 193 134 42 46 157 137 38 128 64 124 173 97 62 191 185 184 65 85 72 8 109 175 41 80 13 105 123 74 48 20 31 3 99 135 168 92 121 50 17 181 89 16 39 187 117 79 22 112 57 90 188 114 106 129 159 40 53 33 37 21 161 162 192 167 49 75 152 86 156 164 56 147 60 166 18 169 145 111 151 66 119 199 127 19 11 125 10 153 71 198 136 118 171 154 142 24 108 6 113 120 179 87 67 95 186 54 131 122 36 110 146 101 82 104 115 93 190 76 107 47 170 165 100 27 98 32 44 35 81 23 155 102 77 51 178 15 189 63 28 177 143 194 126 1 132 4 200 160 88 138 26 5 174 69 91 103 84 
Sun Apr 06 10:42:47 2014
times:5
solution is:13186.000000.       temperature is:999.990000
ans array:
164 103 30 2 48 124 99 68 119 47 198 163 29 52 86 162 18 34 12 7 81 114 140 79 9 178 195 77 90 6 61 43 39 69 50 188 170 185 55 102 187 75 4 37 151 82 87 130 134 89 56 66 8 46 117 74 169 127 42 196 158 173 126 58 197 111 189 31 120 41 146 35 67 141 105 80 149 63 171 148 147 95 64 186 129 40 98 179 156 133 71 132 54 60 101 100 139 113 97 199 145 45 19 93 83 26 184 3 191 85 44 150 17 65 142 106 91 104 11 144 118 51 21 70 137 1 157 53 112 161 107 167 192 20 13 125 128 5 72 96 165 10 177 159 49 193 22 16 33 174 131 180 109 168 166 24 182 123 32 27 152 38 181 116 143 59 73 115 154 183 15 36 78 200 153 76 176 122 172 136 194 62 190 94 135 14 121 57 110 160 23 25 28 175 88 138 92 155 108 84 
Sun Apr 06 10:43:08 2014
times:6
solution is:13155.000000.       temperature is:999.990000
ans array:
83 180 58 125 196 169 132 140 93 13 106 80 29 155 197 117 192 43 57 42 133 99 148 128 82 184 186 123 159 115 91 73 33 11 144 96 70 113 127 104 171 122 44 156 77 16 162 8 187 49 79 35 147 135 193 54 38 89 165 53 141 72 90 176 134 12 7 75 136 109 64 85 66 190 188 170 2 19 37 103 102 9 172 34 6 48 20 154 51 17 181 100 56 199 69 86 55 76 52 191 158 177 111 18 105 68 179 163 118 78 168 45 63 31 198 143 137 183 139 157 74 185 189 166 39 195 167 61 130 151 152 5 145 41 116 59 182 149 4 124 112 146 87 173 97 95 21 30 10 129 47 119 94 178 40 50 65 114 153 121 25 14 15 28 27 22 150 23 142 62 138 36 161 46 32 60 71 88 164 3 1 98 194 175 67 160 81 110 200 120 101 24 92 107 26 131 126 174 108 84 
Sun Apr 06 10:43:29 2014
times:7
solution is:13198.000000.       temperature is:999.990000
ans array:
83 84 108 70 125 144 132 8 86 62 16 119 55 96 185 47 29 74 192 124 9 179 80 190 37 99 180 34 52 107 79 12 137 93 193 100 121 114 30 59 164 56 189 53 10 82 182 129 147 43 153 128 146 183 149 158 49 92 58 76 6 81 65 103 20 73 106 156 161 32 163 40 15 115 109 151 171 4 176 64 131 61 85 162 7 14 21 173 101 91 130 196 94 141 19 95 104 150 169 152 42 138 159 184 97 51 160 25 75 191 24 50 2 71 11 143 90 41 140 44 60 134 112 38 157 165 36 186 54 66 188 198 177 87 68 118 123 72 154 117 187 199 17 102 122 142 105 139 33 127 178 167 116 31 166 3 5 195 48 77 22 135 78 35 26 113 98 133 111 18 197 200 63 46 168 148 67 1 145 175 28 172 57 23 181 110 89 45 120 13 136 88 194 69 27 174 155 170 126 39 
Sun Apr 06 10:43:50 2014
times:8
solution is:13200.000000.       temperature is:999.990000
ans array:
83 180 84 9 70 58 38 31 66 34 125 106 158 2 91 124 73 103 52 151 140 174 33 6 133 61 184 93 48 104 71 95 111 65 199 7 37 80 149 177 163 135 86 157 142 128 109 78 24 74 3 144 159 100 147 87 56 190 29 81 193 28 143 173 167 183 21 113 11 19 107 146 50 169 62 118 77 156 161 185 150 105 20 64 178 165 198 141 117 164 44 166 179 170 110 162 127 8 43 134 32 17 13 45 187 120 63 30 46 41 99 85 153 97 123 176 148 94 132 186 168 89 181 10 47 35 39 189 4 18 115 188 14 112 16 182 119 82 160 191 68 57 40 171 96 196 49 5 114 22 102 130 72 154 25 23 194 116 12 172 90 129 145 75 42 131 36 137 79 122 53 126 195 76 67 15 55 197 139 51 1 98 69 60 152 59 136 88 200 54 192 92 27 26 138 101 121 175 155 108 
Sun Apr 06 10:44:10 2014
times:9
solution is:13268.000000.       temperature is:999.990000
ans array:
83 84 108 156 157 79 58 161 6 111 126 30 70 34 89 128 65 59 144 56 130 97 46 136 52 142 183 98 18 93 196 117 176 181 77 39 119 45 2 50 197 125 33 42 31 199 158 23 120 64 179 187 124 36 32 141 44 112 71 85 143 193 133 29 20 173 154 90 116 17 166 55 188 153 7 106 86 35 43 129 114 163 178 95 107 101 147 60 54 80 165 82 102 48 91 24 145 189 21 190 13 146 61 113 19 184 171 8 92 53 4 15 132 169 140 103 3 151 41 100 118 105 122 14 62 123 198 94 51 170 191 16 185 167 180 49 99 134 38 57 182 150 22 149 40 11 160 96 47 127 26 109 76 192 137 1 131 159 75 37 68 172 152 139 177 155 73 74 194 186 148 138 115 78 27 67 195 121 25 72 12 162 87 164 168 63 28 174 81 200 5 69 110 9 88 175 10 135 66 104 
Sun Apr 06 10:44:31 2014
The average run time for the algorithm is : 20.665100
The average solution for the algorithm is : 13200.200000
The maxx solution for the algorithm is : 13268.000000
The minn solution for the algorithm is : 13155.000000
