period=20.000000
Sun Apr 06 10:44:31 2014

N=200 M=10
times:0
solution is:11610.000000.       temperature is:999.990000
ans array:
132 158 118 69 141 102 134 122 79 111 99 185 73 7 116 31 1 78 112 196 62 120 11 174 138 29 169 181 127 160 154 91 59 140 193 36 165 77 89 191 183 49 45 19 6 94 167 56 179 2 88 41 14 15 93 82 199 74 119 146 67 40 65 161 192 137 126 182 124 186 12 172 142 104 129 66 133 90 198 123 157 188 46 42 28 175 3 107 136 85 147 168 110 189 84 5 17 83 144 21 47 178 159 153 101 57 37 195 103 48 121 114 105 130 8 187 80 162 131 194 52 13 109 34 51 151 24 163 20 113 108 44 87 18 190 16 100 23 63 4 98 81 148 173 61 70 150 22 145 58 75 156 95 30 39 55 38 200 25 43 54 155 9 176 128 26 115 68 171 92 53 72 60 139 152 177 197 125 35 96 135 106 10 27 184 164 97 50 86 170 149 76 166 33 180 117 64 143 71 32 
Sun Apr 06 10:44:52 2014
times:1
solution is:11683.000000.       temperature is:999.990000
ans array:
146 132 116 143 158 79 3 160 186 99 167 112 181 1 178 162 138 172 78 62 124 69 122 15 74 198 174 157 49 191 88 6 136 129 127 131 36 41 2 50 134 11 7 179 109 137 13 55 29 111 185 148 150 84 159 153 141 89 48 59 45 90 194 33 75 91 94 12 121 165 14 83 47 102 119 73 17 66 113 183 4 93 175 192 114 188 200 154 140 168 16 101 103 147 87 170 38 82 40 118 26 5 52 120 142 39 176 20 133 126 105 58 104 77 169 65 61 145 107 196 108 199 110 187 70 56 23 18 130 171 46 32 60 189 123 156 22 44 19 53 80 68 64 161 195 57 43 37 128 9 8 35 25 76 190 151 86 42 115 125 54 31 106 72 164 63 173 98 135 95 100 81 24 67 85 182 163 30 34 28 117 27 197 184 51 193 21 149 96 155 10 166 177 139 92 180 152 97 71 144 
Sun Apr 06 10:45:12 2014
times:2
solution is:11620.000000.       temperature is:999.990000
ans array:
132 2 79 111 99 90 144 160 141 56 185 167 48 102 11 89 188 183 172 82 196 78 181 179 7 91 62 108 113 187 191 10 14 47 169 28 157 1 116 105 36 153 49 3 170 175 138 155 198 119 59 74 120 134 67 147 69 194 41 124 43 39 109 199 161 118 26 154 40 31 140 19 88 73 107 45 93 112 121 12 83 104 29 75 137 131 4 129 25 173 110 5 162 159 186 65 114 13 64 127 61 178 53 22 50 46 85 165 6 168 16 136 176 23 66 150 15 101 142 158 72 38 200 84 125 81 20 94 96 77 164 146 151 128 123 148 195 57 34 24 8 63 98 156 44 51 177 42 95 126 87 70 37 55 86 58 21 76 189 35 163 182 97 52 135 143 68 171 92 60 166 100 30 117 190 106 27 103 130 54 152 80 192 180 18 197 9 149 145 115 184 17 193 122 133 32 139 33 71 174 
Sun Apr 06 10:45:33 2014
times:3
solution is:11606.000000.       temperature is:999.990000
ans array:
146 71 132 158 160 144 136 116 111 141 126 167 196 121 122 181 82 187 59 89 16 191 49 127 198 66 119 14 112 90 147 29 31 185 36 140 47 10 79 120 7 199 55 93 138 48 162 168 85 3 11 153 133 188 109 50 86 154 174 1 101 38 64 88 176 108 40 159 200 124 163 5 15 186 102 77 83 91 6 2 105 114 175 169 4 45 62 172 194 69 75 137 134 129 142 39 113 60 179 27 170 87 56 73 99 74 103 131 65 67 157 43 182 104 24 165 171 57 26 130 190 80 37 110 98 161 19 28 189 148 150 13 195 33 58 68 107 177 61 23 53 22 92 18 78 145 173 95 192 54 178 63 41 100 20 156 25 183 76 8 164 128 123 118 70 139 44 96 84 115 125 152 34 72 184 94 35 180 117 143 52 46 30 193 149 106 151 166 135 197 42 21 97 9 51 17 155 12 81 32 
Sun Apr 06 10:45:54 2014
times:4
solution is:11716.000000.       temperature is:999.990000
ans array:
146 2 79 71 143 111 36 160 122 124 23 167 62 3 141 88 14 119 187 136 179 132 140 153 174 169 198 109 196 17 5 138 191 90 47 82 194 74 7 112 66 186 49 158 50 18 40 6 69 75 13 93 33 126 178 102 89 116 114 83 137 172 159 56 105 31 42 43 165 41 161 183 11 28 91 29 181 123 45 1 199 39 170 154 166 84 87 46 127 15 162 113 142 192 59 19 147 58 16 176 67 96 121 151 168 148 94 185 189 177 131 68 133 188 73 34 101 25 108 65 144 61 63 24 157 53 38 139 107 98 57 10 76 48 128 134 26 175 32 51 171 52 20 195 12 44 80 55 115 110 85 77 81 130 120 117 150 193 60 22 135 156 197 100 180 70 8 125 72 95 92 184 37 30 145 164 190 54 149 21 106 4 35 155 27 78 129 64 173 163 103 118 9 200 182 104 86 152 99 97 
Sun Apr 06 10:46:15 2014
times:5
solution is:11686.000000.       temperature is:999.990000
ans array:
146 2 71 122 158 111 160 136 161 199 79 69 73 119 110 196 96 191 88 167 11 14 132 17 157 183 6 29 129 126 141 138 181 1 186 109 133 131 47 105 188 49 78 64 90 41 3 36 48 190 84 7 169 137 185 99 59 62 32 121 98 77 120 46 172 159 91 178 50 154 134 13 102 66 192 152 108 113 147 23 93 198 33 175 153 16 42 165 68 75 143 12 140 95 22 83 65 82 182 179 45 74 103 148 43 187 155 53 15 86 25 56 116 58 195 124 63 21 26 85 174 151 104 112 101 40 89 61 54 94 144 145 67 28 150 168 123 37 173 197 87 162 156 57 44 18 114 189 139 142 194 10 177 35 127 52 38 76 130 128 39 24 163 125 171 60 184 27 72 176 5 170 51 115 200 80 193 180 164 70 19 34 166 55 30 107 97 100 92 20 8 135 9 118 117 81 106 149 31 4 
Sun Apr 06 10:46:36 2014
times:6
solution is:11669.000000.       temperature is:999.990000
ans array:
64 2 79 69 160 3 109 103 185 188 167 196 88 48 102 5 7 181 114 111 62 138 141 78 119 16 104 175 186 59 161 49 40 71 14 187 179 91 113 120 45 183 84 96 19 136 131 142 77 133 197 165 112 39 137 118 27 172 82 50 194 93 56 66 189 153 36 169 83 123 124 162 158 41 140 15 130 75 90 17 126 54 46 176 110 122 44 132 11 174 13 134 63 154 32 47 116 1 192 168 147 198 182 28 61 144 107 199 127 43 6 26 117 115 200 170 94 157 81 35 128 139 150 9 73 37 22 33 159 171 57 53 85 74 101 191 180 67 65 42 163 20 29 121 129 148 108 24 193 31 152 76 55 135 52 58 38 95 156 164 23 98 60 195 68 173 80 21 8 25 30 97 4 70 34 145 10 100 87 72 86 18 51 190 125 146 149 184 106 12 92 89 177 155 105 178 151 143 99 166 
Sun Apr 06 10:46:56 2014
times:7
solution is:11692.000000.       temperature is:999.990000
ans array:
147 64 2 79 11 48 101 3 36 90 165 109 132 159 181 66 116 69 49 160 140 185 153 168 134 179 7 112 118 127 88 172 196 124 191 96 1 122 32 85 108 102 120 40 188 14 15 84 71 91 175 42 23 114 113 174 111 192 178 145 52 98 31 167 138 183 144 47 200 170 171 107 62 35 119 194 73 59 51 46 75 56 131 142 123 151 26 121 43 6 186 93 65 161 110 141 4 95 157 169 133 16 94 187 5 17 189 180 27 41 82 146 78 162 13 148 150 77 37 60 92 74 29 89 198 53 76 137 55 38 50 155 149 34 105 154 143 45 8 199 18 44 86 61 104 125 156 10 139 100 115 195 20 22 163 28 173 129 80 130 63 164 87 12 19 83 176 190 39 30 54 106 135 166 68 117 72 67 81 128 25 103 152 182 9 184 70 193 21 177 197 24 33 57 99 158 126 136 58 97 
Sun Apr 06 10:47:17 2014
times:8
solution is:11622.000000.       temperature is:999.990000
ans array:
64 160 69 3 71 132 7 49 82 179 88 172 89 1 90 170 111 196 116 138 56 186 78 103 175 14 48 181 15 119 147 183 102 29 79 191 126 140 185 6 167 62 137 36 136 17 91 192 11 73 107 101 46 198 75 59 47 84 176 157 2 178 83 162 12 10 93 87 143 122 142 42 168 153 85 174 41 173 40 33 121 159 37 22 141 194 171 150 188 28 130 57 19 58 45 80 26 13 94 165 187 190 25 129 161 43 158 16 18 105 96 68 77 50 199 113 154 34 97 44 110 65 131 54 104 35 164 52 148 118 76 120 197 55 63 127 53 114 38 23 39 124 182 112 20 70 109 98 123 108 92 8 128 32 24 66 5 134 67 169 152 144 139 195 146 151 177 74 184 86 166 115 72 60 117 189 81 95 51 21 193 135 106 27 61 30 200 125 100 31 9 156 145 163 155 149 180 4 133 99 
Sun Apr 06 10:47:38 2014
times:9
solution is:11731.000000.       temperature is:999.990000
ans array:
132 62 99 69 79 174 88 71 110 90 102 186 1 167 113 175 191 136 118 7 140 160 109 82 91 59 196 185 78 126 169 116 49 181 40 157 5 47 183 144 73 6 3 142 179 119 188 24 111 52 87 139 11 198 36 29 154 32 168 74 121 14 133 64 83 173 141 31 45 182 84 93 108 2 165 137 112 39 194 177 50 15 178 104 138 153 161 28 162 37 172 23 120 159 9 66 56 123 67 146 150 187 122 199 115 46 163 80 195 147 43 190 129 58 8 16 125 68 65 148 98 17 192 145 200 48 155 33 42 103 19 86 27 127 75 21 44 41 134 152 114 107 105 26 55 131 85 77 70 176 63 20 22 35 124 101 76 171 94 25 4 130 151 54 189 60 170 57 128 81 193 92 100 158 197 143 30 72 95 166 135 117 38 156 89 53 164 106 12 184 149 180 61 97 10 51 96 18 34 13 
Sun Apr 06 10:47:59 2014
The average run time for the algorithm is : 20.815600
The average solution for the algorithm is : 11663.500000
The maxx solution for the algorithm is : 11731.000000
The minn solution for the algorithm is : 11606.000000
