period=20.000000
Sun Apr 06 10:47:59 2014

N=200 M=10
times:0
solution is:12070.000000.       temperature is:999.990000
ans array:
74 154 123 65 76 98 152 192 184 111 195 141 101 151 147 113 63 198 170 131 190 29 163 71 160 196 120 3 91 69 36 53 35 11 50 99 55 51 23 119 47 105 34 182 33 175 46 114 16 40 169 138 79 180 134 164 26 87 12 109 117 126 45 42 96 178 185 58 144 172 56 200 30 93 122 121 18 110 108 127 157 5 31 155 89 177 21 142 150 9 7 187 78 8 130 67 104 112 17 19 174 15 153 27 24 140 80 162 59 94 128 6 2 37 103 106 86 60 181 39 139 171 143 75 88 41 145 48 132 1 32 135 179 199 20 107 66 4 73 189 124 68 83 118 72 191 137 102 57 28 188 129 133 156 146 25 38 167 159 90 81 77 136 61 197 10 116 92 13 54 49 43 44 173 194 125 95 148 64 158 183 52 176 82 84 62 14 161 97 115 85 193 186 165 166 70 100 168 149 22 
Sun Apr 06 10:48:20 2014
times:1
solution is:12122.000000.       temperature is:999.990000
ans array:
74 71 198 21 154 194 33 99 166 25 16 2 27 178 186 143 119 40 160 170 34 47 121 50 196 11 82 13 24 172 65 91 150 12 147 18 9 86 76 58 61 114 120 78 107 113 7 55 134 192 94 67 19 141 188 88 6 109 148 96 179 105 28 195 45 144 22 43 163 36 75 95 10 136 182 131 93 111 41 64 129 112 152 29 39 101 164 189 142 57 165 132 175 133 20 1 118 48 115 137 124 51 190 63 35 44 146 23 145 193 126 72 135 17 122 117 187 139 103 167 197 157 69 83 15 38 90 104 168 8 106 110 181 174 199 26 140 46 54 138 80 151 108 31 32 153 184 130 161 56 77 5 171 87 73 53 62 68 98 37 81 180 59 127 3 102 30 79 156 4 177 49 128 123 155 191 176 200 149 185 14 42 162 116 97 52 92 89 183 125 85 158 173 84 100 169 60 159 66 70 
Sun Apr 06 10:48:40 2014
times:2
solution is:12119.000000.       temperature is:999.990000
ans array:
74 96 58 136 113 106 154 140 2 76 114 195 162 147 198 190 48 152 168 91 53 82 28 21 37 160 150 7 123 99 186 131 45 3 191 79 119 89 63 130 75 138 10 19 16 32 199 71 26 93 137 23 112 25 24 86 51 72 107 151 121 6 104 101 142 144 170 80 184 18 156 146 163 134 1 65 109 22 47 43 108 110 179 126 118 8 157 200 174 46 181 81 187 122 34 192 20 78 31 143 77 61 193 100 185 50 57 87 27 177 164 59 117 83 95 56 182 15 120 189 69 98 90 196 68 171 135 141 12 166 172 175 49 103 29 17 9 133 194 44 11 145 155 139 38 105 40 55 33 39 54 188 14 70 36 73 111 42 5 169 92 88 148 52 41 85 4 128 116 115 178 35 97 62 176 67 30 102 124 129 127 84 165 167 60 197 13 153 161 125 158 173 180 183 64 94 149 159 66 132 
Sun Apr 06 10:49:00 2014
times:3
solution is:12079.000000.       temperature is:999.990000
ans array:
151 89 58 154 130 76 184 106 20 74 152 156 2 36 43 190 198 18 164 119 11 142 47 5 85 127 95 71 91 124 93 131 193 196 64 23 105 186 34 147 62 170 92 98 135 17 79 166 155 12 81 54 188 45 137 49 161 120 148 174 25 69 187 114 28 126 118 94 1 104 26 80 181 171 146 83 111 67 21 112 29 13 46 40 39 113 53 65 24 66 55 88 7 60 99 140 33 108 116 175 141 37 87 162 110 38 165 143 9 123 31 192 103 16 194 78 19 160 51 179 200 4 32 101 145 178 102 41 77 30 8 168 169 197 199 139 133 73 115 6 132 157 117 57 122 10 44 129 144 177 163 159 63 138 150 121 185 173 14 109 182 134 86 48 136 72 191 90 68 107 61 59 189 100 153 15 50 158 176 167 56 82 27 195 96 125 84 183 97 52 128 70 75 3 42 180 35 22 149 172 
Sun Apr 06 10:49:21 2014
times:4
solution is:12071.000000.       temperature is:999.990000
ans array:
74 110 40 172 17 68 130 154 21 71 106 198 188 192 23 28 113 133 42 51 8 64 181 30 104 29 142 93 38 144 146 46 96 3 101 134 11 86 15 89 105 47 139 190 55 53 56 7 111 187 69 114 82 10 99 131 2 44 145 152 199 80 41 58 127 138 31 88 83 164 147 27 59 178 39 98 185 182 37 193 94 49 48 161 16 117 163 20 25 140 135 137 1 171 32 34 119 79 112 143 81 73 136 115 159 191 156 120 24 118 129 166 18 126 65 157 57 132 122 95 121 165 19 87 153 76 26 45 155 175 36 174 162 62 14 141 195 158 197 103 180 78 52 149 12 128 200 124 70 6 184 107 9 177 150 170 77 63 54 67 60 5 102 179 33 43 90 167 100 61 189 125 50 92 108 151 85 75 148 169 72 196 194 176 97 183 22 173 109 116 123 4 84 13 160 35 66 168 91 186 
Sun Apr 06 10:49:41 2014
times:5
solution is:12117.000000.       temperature is:999.990000
ans array:
74 16 17 198 40 151 99 159 67 154 160 93 168 139 76 157 68 8 170 4 12 184 105 178 29 113 86 7 23 190 138 104 131 53 185 11 56 195 39 134 120 172 1 6 114 28 9 147 34 136 65 36 197 20 164 47 89 141 41 117 110 27 166 161 182 57 30 179 90 98 45 63 188 128 109 171 55 87 189 37 192 77 10 58 143 112 82 49 132 181 142 51 46 162 191 129 24 111 38 21 94 26 175 174 146 137 106 119 3 177 122 2 150 80 155 69 19 101 200 103 107 25 79 118 156 48 187 149 61 71 78 108 32 169 81 18 158 130 115 167 163 85 92 180 59 102 140 62 116 72 199 144 5 196 15 13 54 91 33 165 152 42 43 133 70 126 64 75 50 88 52 145 44 83 97 173 148 60 127 125 100 121 31 95 35 124 84 193 135 96 73 194 153 183 66 14 123 176 22 186 
Sun Apr 06 10:50:01 2014
times:6
solution is:12082.000000.       temperature is:999.990000
ans array:
74 8 154 198 119 2 42 18 114 137 98 3 89 99 131 192 127 50 122 195 65 73 191 94 130 53 58 142 91 68 79 25 78 185 196 117 172 103 156 164 63 81 16 106 135 41 101 47 155 76 32 67 39 113 9 118 180 151 200 121 112 184 186 178 188 146 11 26 75 45 10 28 20 150 126 181 40 190 144 157 115 56 13 105 90 21 141 149 85 72 182 34 95 87 189 136 37 175 109 160 158 30 6 48 69 86 14 161 166 23 12 51 162 100 173 132 83 170 55 31 82 29 199 38 120 33 1 129 70 102 107 177 92 163 64 43 116 140 17 193 133 187 61 139 54 7 71 88 97 148 134 36 194 123 15 66 19 77 108 165 138 110 104 145 62 111 46 5 84 153 44 183 4 197 167 128 93 80 179 171 152 57 147 143 24 59 27 125 168 96 49 52 176 35 169 60 174 124 159 22 
Sun Apr 06 10:50:21 2014
times:7
solution is:12046.000000.       temperature is:999.990000
ans array:
74 96 70 154 106 113 160 114 37 69 63 67 111 48 190 195 129 7 163 147 17 53 105 141 86 119 42 78 192 137 115 66 89 139 99 101 87 23 71 159 121 10 170 198 144 151 161 88 47 65 68 3 93 61 172 24 18 112 120 152 16 126 56 104 181 130 109 168 45 40 162 122 12 9 58 156 108 175 193 150 166 76 79 140 124 155 164 28 19 135 51 197 189 46 98 39 200 90 2 136 6 174 117 133 185 8 110 26 72 91 196 94 95 128 34 49 33 21 134 55 43 187 146 83 142 60 123 199 103 1 64 13 178 50 132 15 157 32 131 59 20 116 173 182 171 92 188 41 80 29 177 57 138 102 81 97 145 167 107 165 25 82 143 100 30 127 27 5 191 31 54 75 85 77 148 36 14 44 179 73 125 4 38 153 84 158 194 183 180 52 176 62 118 11 184 169 35 149 22 186 
Sun Apr 06 10:50:41 2014
times:8
solution is:12141.000000.       temperature is:999.990000
ans array:
74 106 107 160 104 192 47 119 154 168 175 147 151 12 99 7 34 2 195 101 142 58 138 75 152 79 155 70 120 184 51 23 188 149 93 55 185 187 141 109 158 69 181 172 48 113 127 135 118 191 36 166 190 182 110 177 72 173 114 146 82 124 112 56 21 117 126 198 1 129 26 37 87 98 32 53 178 66 78 115 81 63 163 46 20 170 62 199 132 68 11 29 60 105 39 150 189 10 128 76 25 24 45 61 196 131 71 54 27 40 143 200 174 179 77 161 18 57 80 41 156 169 9 86 134 3 6 96 31 153 144 35 91 148 88 137 164 157 65 108 130 73 8 122 52 159 180 16 67 38 97 49 102 95 92 111 176 194 136 140 103 171 133 5 17 123 83 162 13 14 85 121 94 165 33 145 4 28 44 197 84 15 50 43 183 125 42 59 193 64 167 116 139 89 30 90 19 100 22 186 
Sun Apr 06 10:51:02 2014
times:9
solution is:12105.000000.       temperature is:999.990000
ans array:
74 110 58 71 115 198 87 114 178 57 63 164 53 132 130 149 26 80 168 111 116 129 133 39 184 155 187 160 45 98 99 192 7 106 112 107 51 68 69 40 188 79 3 48 157 101 139 38 37 134 163 119 117 108 88 190 93 86 142 77 67 147 28 121 154 105 189 54 23 103 179 137 18 16 21 36 65 90 94 126 92 83 177 46 43 171 152 27 169 195 66 10 199 89 5 78 31 127 141 8 50 30 113 136 96 156 197 120 11 33 1 25 162 95 22 170 56 2 102 20 47 61 17 32 165 29 174 166 131 125 150 161 34 172 44 200 55 140 70 81 104 180 52 41 122 144 196 175 75 9 138 60 14 191 185 143 4 59 49 64 76 91 181 84 6 24 109 82 182 100 73 183 135 97 13 85 151 42 128 15 173 167 145 62 35 153 148 12 176 158 159 146 193 194 72 118 19 123 124 186 
Sun Apr 06 10:51:22 2014
The average run time for the algorithm is : 20.333900
The average solution for the algorithm is : 12095.200000
The maxx solution for the algorithm is : 12141.000000
The minn solution for the algorithm is : 12046.000000
