period=20.000000
Sun Apr 06 10:51:22 2014

N=200 M=10
times:0
solution is:11898.000000.       temperature is:999.990000
ans array:
126 107 35 48 9 95 173 177 106 90 175 89 36 103 96 200 14 13 147 2 83 79 98 40 172 137 131 23 118 46 184 192 130 119 134 59 157 97 198 51 193 158 1 5 186 127 168 104 178 80 75 34 93 146 125 176 120 25 6 129 69 24 27 180 154 152 87 52 145 20 7 60 164 61 121 195 37 182 112 150 30 105 116 166 100 70 123 194 170 191 22 39 113 76 74 136 18 102 81 99 117 185 72 138 41 3 199 31 188 156 163 47 92 181 66 68 77 56 55 144 169 162 179 32 10 19 43 12 109 58 33 44 49 153 86 155 21 149 187 143 63 82 161 101 8 160 57 133 65 26 15 28 128 111 42 132 171 110 67 122 78 91 167 11 84 124 148 140 139 50 115 85 53 151 174 16 190 159 45 17 64 4 62 183 38 71 114 196 135 142 88 29 189 54 197 165 141 108 94 73 
Sun Apr 06 10:51:43 2014
times:1
solution is:11898.000000.       temperature is:999.990000
ans array:
126 107 35 18 79 40 161 131 52 51 92 116 127 25 93 95 34 48 138 175 84 173 87 182 129 19 120 17 155 80 147 125 136 123 49 83 119 132 60 167 13 139 96 66 176 185 166 184 78 128 97 195 6 179 7 58 135 145 21 42 55 170 11 3 27 9 158 100 102 63 74 103 190 118 111 194 65 68 39 189 130 36 137 22 72 67 168 76 186 38 101 47 178 26 5 177 43 4 163 31 105 1 152 164 45 75 200 109 90 32 10 62 28 172 159 140 133 2 142 134 46 77 82 14 169 98 153 30 148 187 171 193 110 24 115 56 150 16 15 89 141 8 117 113 33 199 99 144 157 188 183 149 165 23 12 146 86 44 124 41 61 121 122 70 162 191 156 174 143 29 197 181 196 50 154 20 108 69 198 160 81 57 104 180 88 151 85 192 59 64 112 54 106 53 91 71 114 94 37 73 
Sun Apr 06 10:52:04 2014
times:2
solution is:11967.000000.       temperature is:999.990000
ans array:
126 107 125 113 9 87 166 143 176 27 200 11 36 139 79 90 161 40 76 131 25 26 106 49 5 172 18 118 191 12 75 170 135 177 156 142 20 24 95 92 164 198 58 48 145 178 180 37 52 160 34 102 195 187 147 93 109 167 104 14 91 140 116 96 89 162 188 105 152 3 189 51 85 39 7 138 136 64 112 70 77 32 101 23 175 13 168 41 153 35 78 19 194 98 84 71 22 2 1 28 45 31 62 80 184 17 199 182 155 97 149 144 59 186 63 134 50 115 193 38 44 67 120 60 110 21 157 86 173 29 74 158 148 169 183 171 99 33 43 57 137 146 127 46 81 88 66 8 100 82 192 190 111 47 130 117 55 128 56 197 83 123 159 16 42 122 154 129 15 124 132 119 151 174 150 65 30 133 72 69 163 68 6 121 185 108 103 4 94 114 61 73 53 165 179 10 54 141 196 181 
Sun Apr 06 10:52:24 2014
times:3
solution is:11953.000000.       temperature is:999.990000
ans array:
126 107 35 125 58 40 131 161 182 75 138 195 96 178 147 189 39 95 31 60 90 120 118 158 143 166 16 99 152 83 162 164 1 9 14 79 136 171 192 102 6 180 81 113 101 117 119 10 76 104 155 112 24 21 188 92 52 172 127 25 69 129 93 43 175 89 85 194 176 34 13 88 8 50 17 78 46 184 108 111 163 51 173 191 142 145 97 55 156 26 140 122 100 63 23 130 115 146 80 105 19 151 181 109 116 36 157 200 7 47 177 56 150 30 190 11 149 91 62 198 170 5 103 185 12 18 53 139 48 49 74 169 110 193 135 61 22 27 168 20 87 59 196 124 123 187 148 153 179 82 68 199 154 66 72 197 128 3 167 174 134 84 133 70 45 37 29 160 144 98 28 33 44 73 165 2 86 77 137 42 121 71 186 38 32 41 4 65 183 132 94 15 54 159 64 141 114 57 106 67 
Sun Apr 06 10:52:45 2014
times:4
solution is:11898.000000.       temperature is:999.990000
ans array:
126 107 95 76 9 178 139 93 200 175 145 90 25 83 47 43 65 182 84 132 101 1 52 129 14 35 135 5 7 191 198 166 176 79 38 85 89 189 125 117 75 137 33 120 72 31 172 146 188 138 184 40 8 155 45 119 148 51 56 41 96 19 116 123 11 104 86 74 13 18 87 97 194 136 160 57 3 153 130 26 143 115 195 177 48 32 199 196 91 134 185 16 111 67 109 23 192 30 66 103 55 70 78 100 62 6 140 34 92 173 24 60 167 63 131 170 163 158 36 181 162 157 118 171 165 122 144 156 28 133 149 77 102 190 152 82 42 49 147 110 37 53 27 187 113 168 197 164 142 2 22 46 68 69 59 169 4 10 21 44 29 127 128 20 150 12 17 39 108 50 99 193 88 105 64 98 124 81 161 186 183 58 71 61 180 80 121 112 154 179 151 174 141 159 114 15 94 106 54 73 
Sun Apr 06 10:53:05 2014
times:5
solution is:11887.000000.       temperature is:999.990000
ans array:
126 178 135 118 79 107 106 125 143 90 96 9 184 195 17 13 58 18 137 51 182 139 25 6 95 176 89 120 43 5 185 175 91 153 12 166 93 22 3 138 92 48 121 46 99 116 192 78 76 14 136 164 40 23 63 31 77 33 37 161 19 155 193 189 173 170 113 123 145 83 45 62 110 129 80 130 127 147 24 81 160 111 117 186 194 102 29 38 131 98 72 88 97 174 56 200 30 66 142 42 191 34 27 21 159 109 103 49 149 146 151 177 28 84 32 7 41 86 1 50 68 100 197 162 61 163 199 188 11 169 104 128 10 85 187 154 4 119 158 26 52 105 133 67 167 144 152 181 190 148 115 168 57 39 180 75 171 65 36 70 101 134 60 198 64 183 69 179 172 16 8 53 87 55 196 74 157 47 20 150 124 122 165 156 44 59 82 140 71 2 15 132 112 108 54 35 141 114 94 73 
Sun Apr 06 10:53:26 2014
times:6
solution is:11899.000000.       temperature is:999.990000
ans array:
126 18 178 9 115 161 83 52 147 195 149 200 118 79 176 90 116 87 180 26 99 107 23 191 75 76 156 117 160 7 93 11 177 139 169 129 81 92 58 182 16 130 137 30 175 31 48 27 127 5 84 198 143 22 24 174 34 172 192 138 154 51 194 14 131 29 135 13 78 159 25 40 189 86 146 67 119 145 136 165 152 20 1 148 69 190 173 105 55 89 155 104 141 111 6 66 46 168 70 157 125 33 57 72 187 36 170 163 184 102 162 132 158 80 64 74 113 63 12 140 188 199 122 77 108 85 96 179 196 100 65 103 197 21 62 47 164 97 185 144 3 10 53 4 41 123 88 133 186 68 171 19 8 39 128 181 45 166 42 60 142 44 167 106 59 95 150 56 2 50 110 43 193 91 120 134 82 101 38 151 124 183 153 98 109 15 17 32 61 28 121 35 37 114 112 49 54 71 94 73 
Sun Apr 06 10:53:46 2014
times:7
solution is:11887.000000.       temperature is:999.990000
ans array:
126 178 135 118 106 83 68 195 161 131 200 199 101 13 96 80 81 79 1 177 90 102 95 89 147 18 194 14 182 76 139 24 98 175 116 162 157 171 86 88 172 119 48 105 122 138 36 41 176 146 52 130 181 129 58 193 93 189 156 21 46 40 9 100 17 121 67 39 133 8 167 49 166 160 12 143 75 99 25 152 97 186 120 35 70 155 27 28 37 164 34 6 82 140 84 184 32 4 148 123 85 92 47 111 65 23 185 153 11 191 173 110 128 69 63 197 20 158 2 190 145 136 31 55 170 7 61 29 66 62 112 187 150 57 91 137 87 169 51 108 77 3 38 134 151 188 5 30 103 10 19 22 33 179 168 163 192 44 144 56 183 53 109 72 78 26 127 174 124 115 198 154 64 15 165 16 60 149 125 50 74 107 117 45 59 43 142 132 141 42 54 104 71 196 180 113 159 114 94 73 
Sun Apr 06 10:54:07 2014
times:8
solution is:11921.000000.       temperature is:999.990000
ans array:
126 55 89 106 195 95 25 92 90 131 155 27 76 125 133 79 191 52 180 18 105 77 22 23 156 83 87 65 137 14 164 148 43 63 138 80 103 75 147 177 104 102 91 116 3 187 189 167 146 188 110 96 26 107 47 136 39 24 53 172 93 85 10 36 72 171 175 170 48 40 192 60 173 31 5 101 7 158 13 113 66 154 143 17 112 115 182 62 9 139 127 56 168 59 34 33 69 161 46 21 122 193 6 135 184 88 196 57 186 163 130 51 16 50 166 181 198 174 200 151 109 64 162 37 12 49 124 61 29 38 108 117 123 111 82 152 45 67 120 1 58 190 28 44 197 129 19 160 97 119 199 194 165 2 94 86 153 169 185 8 140 42 142 99 4 15 41 68 176 100 178 157 78 183 144 81 118 74 121 70 30 145 98 150 20 134 32 11 71 128 114 159 132 141 149 35 179 84 54 73 
Sun Apr 06 10:54:27 2014
times:9
solution is:11912.000000.       temperature is:999.990000
ans array:
126 67 35 178 84 148 138 9 93 79 101 78 23 106 175 86 189 200 7 130 14 172 146 25 186 121 96 6 83 3 100 155 137 182 116 109 1 30 56 34 29 76 10 45 95 124 120 99 52 143 31 171 40 169 32 127 26 111 97 119 177 37 174 18 91 195 70 49 8 2 166 199 131 72 5 59 55 102 191 38 13 125 28 81 90 153 154 43 41 47 118 87 58 122 190 82 117 107 167 62 42 60 156 196 98 158 149 159 48 113 53 184 27 185 152 33 110 164 188 142 92 77 85 147 36 75 20 50 24 181 132 170 22 140 157 197 12 176 69 150 183 136 163 133 103 39 66 21 193 173 135 46 151 51 139 115 105 160 144 64 4 11 134 88 71 129 123 161 16 180 194 141 168 17 94 89 19 114 162 187 179 57 44 65 74 80 63 61 192 198 112 128 15 104 68 54 108 145 165 73 
Sun Apr 06 10:54:48 2014
The average run time for the algorithm is : 20.530600
The average solution for the algorithm is : 11912.000000
The maxx solution for the algorithm is : 11967.000000
The minn solution for the algorithm is : 11887.000000
