period=20.000000
Sun Apr 06 10:54:48 2014

N=200 M=10
times:0
solution is:11498.000000.       temperature is:999.990000
ans array:
73 135 71 187 138 128 21 158 152 15 130 198 107 74 150 113 60 101 36 194 7 26 82 147 13 72 2 78 189 123 64 27 161 185 114 37 103 200 134 136 53 164 39 148 16 41 9 40 169 48 56 30 38 1 89 145 149 115 124 19 186 131 88 84 50 151 94 197 12 98 137 55 45 80 92 167 166 86 182 180 17 173 117 66 120 23 34 118 141 111 18 57 68 140 11 10 191 171 125 106 165 146 192 183 59 51 24 87 119 144 22 33 61 162 100 196 199 75 163 85 159 129 77 25 155 126 188 179 54 156 108 193 178 35 132 90 133 20 99 76 157 62 44 181 154 70 110 63 43 81 5 96 112 143 42 91 184 102 160 47 127 14 170 49 175 65 32 46 28 109 83 69 172 97 3 116 139 31 105 95 177 6 142 104 153 67 195 29 93 58 176 4 121 174 122 168 79 8 190 52 
Sun Apr 06 10:55:08 2014
times:1
solution is:11553.000000.       temperature is:999.990000
ans array:
135 15 197 62 155 71 194 158 138 40 189 147 38 107 192 41 74 60 128 150 30 13 166 50 84 151 131 86 97 72 98 2 119 200 33 198 103 161 130 164 66 23 59 17 132 149 10 125 160 176 145 113 88 37 95 89 53 27 56 134 90 43 7 152 171 191 144 185 73 106 183 184 99 82 44 159 117 146 24 105 61 36 101 136 48 18 114 45 196 78 126 116 25 139 14 199 123 64 3 92 133 94 57 141 55 137 118 1 115 79 16 148 157 111 154 12 81 186 29 124 178 26 110 83 22 169 11 177 80 129 9 143 182 70 85 21 180 52 120 54 35 140 102 167 65 47 58 172 193 195 187 76 108 91 19 68 181 77 163 127 179 112 31 8 165 20 188 67 5 51 142 46 162 170 190 96 175 104 173 100 122 156 153 49 42 121 87 28 69 75 32 4 39 63 34 109 168 174 6 93 
Sun Apr 06 10:55:29 2014
times:2
solution is:11462.000000.       temperature is:999.990000
ans array:
15 135 71 73 33 18 138 198 189 160 151 107 74 7 40 82 90 56 60 86 38 147 155 132 45 26 144 64 130 30 169 87 166 158 113 50 143 66 136 137 171 41 191 16 152 59 76 185 148 103 161 117 110 89 94 101 34 70 91 146 98 23 84 1 72 37 57 10 164 197 88 52 78 2 194 128 159 200 17 187 125 196 106 115 114 131 108 48 181 3 95 36 183 134 19 54 129 157 97 186 140 9 179 25 61 139 124 178 21 150 12 149 68 8 182 163 123 172 145 193 75 133 11 100 27 111 24 55 167 13 80 118 44 14 120 51 173 154 92 20 190 43 141 156 6 85 188 162 180 126 58 165 175 22 99 42 112 77 62 102 116 47 81 65 192 83 49 142 28 119 122 184 109 104 170 127 29 176 168 79 39 5 174 121 153 67 199 35 63 69 32 96 195 53 4 93 105 177 31 46 
Sun Apr 06 10:55:49 2014
times:3
solution is:11478.000000.       temperature is:999.990000
ans array:
135 73 119 155 41 71 171 198 161 33 189 123 37 101 11 125 130 160 87 194 140 138 40 60 26 128 192 39 30 10 18 66 56 158 152 107 169 1 45 163 72 117 38 108 57 55 151 88 144 173 89 143 183 103 15 113 134 90 17 29 149 106 23 94 167 78 70 124 110 74 196 86 16 64 82 51 61 191 27 162 80 148 118 54 150 7 156 36 76 105 120 24 98 62 146 164 136 157 199 114 59 166 75 131 22 19 141 180 99 178 102 127 83 185 13 92 115 34 139 137 147 50 12 2 81 42 48 181 67 84 197 14 179 132 25 176 165 20 52 193 53 177 182 5 58 9 69 49 154 85 100 174 145 91 175 97 187 8 133 21 184 159 200 109 112 186 68 3 31 111 77 44 188 35 126 47 129 104 168 28 190 195 93 95 153 32 79 6 43 122 172 4 96 116 121 65 142 63 170 46 
Sun Apr 06 10:56:10 2014
times:4
solution is:11516.000000.       temperature is:999.990000
ans array:
15 160 135 71 138 41 189 45 33 11 27 38 167 37 106 198 2 161 113 60 185 16 90 30 82 130 72 64 166 94 125 107 10 86 98 89 103 52 155 191 87 171 146 131 117 143 36 50 66 29 128 34 150 169 164 157 48 7 56 186 180 197 147 140 47 55 43 1 62 26 194 139 158 137 40 110 196 134 149 23 154 12 112 118 126 54 181 192 92 176 151 173 91 114 183 13 163 102 22 119 124 76 78 148 42 68 51 184 49 105 59 165 24 199 193 132 17 3 123 129 95 84 144 19 159 115 53 127 20 188 101 179 80 74 79 97 21 65 25 70 57 120 200 18 152 61 9 121 39 5 28 195 141 88 162 178 172 187 35 100 133 108 85 111 83 14 175 190 58 136 153 109 122 63 32 44 4 142 156 31 81 99 73 77 116 67 170 104 145 168 75 177 69 96 182 46 8 174 6 93 
Sun Apr 06 10:56:30 2014
times:5
solution is:11526.000000.       temperature is:999.990000
ans array:
135 153 71 155 60 30 198 89 15 168 164 26 24 33 138 64 128 134 38 13 130 107 124 131 40 114 99 161 86 150 41 144 169 11 189 2 136 59 180 34 74 123 52 87 37 158 1 117 56 101 82 27 97 55 70 103 112 177 185 12 66 98 191 113 125 149 196 111 91 140 151 76 106 83 182 20 132 43 53 61 166 120 181 68 118 10 95 48 36 94 90 42 148 162 143 147 142 197 72 178 54 78 80 18 44 163 200 45 173 183 187 19 7 16 9 115 199 23 160 67 22 119 25 39 84 69 193 154 50 57 137 152 92 21 51 3 157 171 110 165 179 133 146 88 194 85 184 156 29 105 102 188 75 73 63 35 49 186 129 14 104 116 159 139 175 47 141 122 17 145 127 172 79 126 170 32 65 190 195 62 8 176 108 109 192 58 81 174 28 96 4 77 5 93 6 121 100 167 31 46 
Sun Apr 06 10:56:51 2014
times:6
solution is:11489.000000.       temperature is:999.990000
ans array:
15 160 71 138 123 41 169 198 189 135 45 161 200 64 128 130 101 134 29 70 89 158 192 37 66 117 191 113 72 151 147 60 11 114 86 56 23 173 107 30 38 152 149 185 178 180 166 124 131 171 132 146 150 76 162 13 184 112 164 88 187 155 54 50 95 154 144 26 52 16 42 33 197 2 62 22 90 39 34 36 163 81 179 17 106 12 190 140 24 153 94 148 125 67 19 181 82 103 35 55 116 176 188 27 10 199 59 53 99 20 98 40 25 14 57 65 143 196 78 182 1 61 85 183 87 68 69 51 3 49 7 28 167 120 91 186 177 105 58 139 159 84 102 172 83 97 108 44 136 137 118 80 109 21 9 104 126 119 165 100 6 122 43 47 92 110 79 142 48 156 157 193 145 127 32 111 93 141 74 133 175 194 75 31 8 115 18 5 96 195 168 73 77 129 174 4 121 46 170 63 
Sun Apr 06 10:57:11 2014
times:7
solution is:11533.000000.       temperature is:999.990000
ans array:
15 18 151 101 189 137 71 82 60 130 161 89 155 169 33 135 138 64 27 55 87 150 59 113 26 114 134 112 43 30 97 185 37 166 158 40 56 163 72 192 198 196 147 12 14 41 53 23 86 61 197 178 123 1 119 162 199 183 149 76 160 36 50 191 140 94 171 13 139 107 117 38 128 106 88 124 173 2 49 132 48 187 111 68 19 74 78 194 100 45 181 115 7 34 17 159 146 90 24 98 92 103 136 180 152 120 66 79 44 167 84 145 16 11 154 125 110 144 21 165 29 186 179 182 164 10 188 148 22 143 70 54 99 177 80 65 118 200 133 35 193 31 91 83 157 57 102 67 170 131 3 85 9 95 122 127 142 153 156 58 25 81 172 63 28 39 184 20 62 126 47 69 129 195 109 108 77 73 141 176 46 175 5 190 121 174 8 116 96 104 105 93 168 51 32 6 75 4 42 52 
Sun Apr 06 10:57:32 2014
times:8
solution is:11592.000000.       temperature is:999.990000
ans array:
63 135 71 143 45 149 60 56 198 173 187 130 27 11 15 107 33 41 103 72 150 128 37 87 161 132 86 114 50 164 185 155 13 144 82 138 151 70 189 80 90 117 106 34 7 140 64 84 58 26 134 18 123 147 40 23 131 78 2 73 113 152 83 66 118 53 139 74 30 176 68 17 112 97 197 39 167 76 125 61 16 24 124 43 157 146 119 192 55 36 79 31 49 92 54 48 98 100 158 89 110 59 178 191 21 19 25 1 169 10 101 190 162 175 194 108 57 163 111 75 29 159 183 52 65 32 181 200 193 184 38 188 186 171 105 122 3 102 22 196 165 141 91 12 69 5 136 51 195 85 148 115 99 47 166 9 88 137 168 179 95 180 120 127 145 77 94 182 81 35 44 174 160 133 14 154 129 62 199 42 156 142 28 8 67 104 126 153 20 93 172 109 46 6 96 4 121 116 177 170 
Sun Apr 06 10:57:53 2014
times:9
solution is:11509.000000.       temperature is:999.990000
ans array:
135 15 71 116 41 173 123 160 7 198 130 33 128 30 11 27 151 114 64 60 138 82 194 10 86 107 101 76 171 161 158 166 167 120 189 185 26 70 134 149 117 72 59 58 37 68 14 147 2 98 191 61 89 139 53 52 94 112 164 88 40 51 169 187 66 152 55 183 144 23 91 97 180 148 196 36 113 150 159 92 146 177 56 13 80 16 83 136 143 87 3 22 84 90 29 132 74 75 1 140 125 19 108 186 102 45 25 43 42 199 103 24 50 124 47 38 48 85 62 95 192 78 57 35 118 119 100 141 111 190 54 195 129 34 181 12 9 133 46 49 176 106 175 197 165 69 99 131 142 65 188 155 179 39 21 193 105 44 104 154 79 73 184 4 77 5 110 81 137 8 200 168 17 162 121 170 178 32 109 126 20 122 31 67 63 93 174 6 96 153 163 156 157 182 127 172 145 28 115 18 
Sun Apr 06 10:58:13 2014
The average run time for the algorithm is : 20.570600
The average solution for the algorithm is : 11515.600000
The maxx solution for the algorithm is : 11592.000000
The minn solution for the algorithm is : 11462.000000
