period=20.000000
Sun Apr 06 10:58:13 2014

N=200 M=10
times:0
solution is:12446.000000.       temperature is:999.990000
ans array:
43 105 82 37 2 7 117 200 103 71 99 91 1 38 33 113 172 118 78 119 15 150 54 28 185 18 25 168 125 53 190 154 156 170 75 112 55 186 69 143 76 131 187 5 157 126 10 35 49 132 180 196 166 83 107 169 100 163 191 178 87 147 40 77 56 85 179 89 109 9 29 171 160 174 63 101 161 11 51 61 130 165 195 79 181 88 135 192 65 144 145 19 24 27 153 46 48 140 177 173 182 93 41 121 34 184 26 120 164 20 64 141 134 152 188 81 36 167 17 102 116 175 84 146 70 95 197 96 6 58 32 137 149 104 62 199 128 194 86 155 39 8 42 12 142 123 22 159 110 60 66 31 52 176 50 111 14 45 106 139 47 189 30 198 44 133 73 21 183 90 97 92 193 72 68 115 59 16 129 122 158 4 151 136 23 124 114 148 13 98 57 80 127 74 162 108 94 138 3 67 
Sun Apr 06 10:58:35 2014
times:1
solution is:12472.000000.       temperature is:999.990000
ans array:
43 122 2 82 53 194 83 149 78 93 146 168 170 38 18 87 139 128 64 186 91 184 175 183 14 131 40 164 63 153 27 114 112 187 24 51 157 98 200 113 154 124 140 191 155 160 163 174 138 7 169 101 19 55 148 45 173 65 161 9 107 13 189 177 12 25 80 10 1 106 58 196 143 21 117 76 156 31 132 52 70 16 66 23 11 195 69 75 111 17 181 116 89 36 185 28 118 121 198 71 180 108 5 54 34 171 166 35 48 33 123 77 172 150 176 49 99 61 37 20 126 141 72 73 193 119 178 145 4 125 85 134 190 133 60 105 192 103 102 44 42 130 68 100 159 109 94 62 179 188 50 152 84 137 86 15 39 110 81 158 88 26 165 115 104 120 30 67 59 197 47 144 6 199 22 90 8 136 142 96 56 167 129 127 147 182 95 57 97 135 32 162 151 41 29 74 3 79 92 46 
Sun Apr 06 10:58:55 2014
times:2
solution is:12382.000000.       temperature is:999.990000
ans array:
43 122 139 156 27 91 2 35 117 25 104 69 50 148 126 154 63 11 36 179 84 159 114 78 123 187 170 51 38 172 93 163 72 130 79 41 80 21 73 166 61 119 54 10 103 64 185 47 153 28 131 140 160 193 146 178 33 177 107 111 53 190 191 200 49 81 44 121 7 184 118 183 125 97 99 168 143 17 175 76 116 77 134 48 45 23 83 112 149 155 18 20 30 14 31 75 142 101 176 165 195 98 19 152 100 15 120 186 128 192 9 52 65 144 40 59 157 124 24 136 32 8 29 173 71 180 88 141 150 106 151 129 39 70 147 132 12 110 42 89 188 55 105 13 82 5 62 158 4 169 86 133 164 95 145 16 109 102 34 174 161 167 171 60 66 197 127 1 85 26 196 182 198 56 138 6 113 115 194 3 90 137 135 68 96 199 46 74 189 108 22 181 37 57 92 67 87 162 94 58 
Sun Apr 06 10:59:15 2014
times:3
solution is:12419.000000.       temperature is:999.990000
ans array:
43 122 5 93 139 87 76 20 117 195 38 51 2 42 191 71 70 157 31 168 153 7 91 158 41 160 36 9 200 80 61 141 66 57 186 152 131 50 143 19 167 74 184 16 105 89 28 48 111 1 172 127 83 125 64 174 170 107 161 100 166 192 119 90 182 73 159 12 39 116 118 114 177 11 197 35 72 13 10 33 77 121 106 45 82 183 163 180 46 151 181 75 150 178 69 21 40 22 146 95 78 47 55 24 137 65 134 190 171 120 194 156 62 193 32 26 126 165 14 15 112 84 129 175 104 164 123 54 124 154 140 53 130 96 155 103 136 185 49 17 110 176 132 59 149 196 101 102 25 179 18 189 4 145 52 188 81 88 44 109 92 133 99 98 128 63 187 138 113 135 162 85 30 148 68 144 115 29 56 34 6 169 173 142 108 27 37 94 60 86 67 147 97 79 198 23 199 3 8 58 
Sun Apr 06 10:59:36 2014
times:4
solution is:12388.000000.       temperature is:999.990000
ans array:
43 37 44 46 54 164 47 63 36 91 160 103 99 123 168 157 131 82 106 140 185 55 61 52 172 193 141 175 7 65 18 53 188 84 87 9 62 107 145 72 117 181 170 197 108 100 190 126 40 88 111 115 180 81 154 109 69 150 125 121 2 59 49 178 76 176 10 147 187 35 29 42 95 113 79 51 23 24 105 28 182 33 119 116 153 32 41 166 5 191 167 25 104 93 169 195 114 64 189 122 66 199 112 200 133 15 89 127 192 6 1 173 132 134 165 71 159 14 194 136 179 3 135 162 20 143 4 31 75 171 156 142 177 11 70 38 138 163 86 98 17 77 118 137 128 149 68 78 151 80 67 101 92 27 174 34 22 158 110 85 8 96 13 73 30 144 184 186 148 120 155 48 124 21 152 196 83 45 139 146 26 130 56 183 198 12 129 19 74 161 60 94 57 16 39 102 97 50 90 58 
Sun Apr 06 10:59:56 2014
times:5
solution is:12444.000000.       temperature is:999.990000
ans array:
43 58 152 76 93 35 33 107 64 104 61 187 179 72 111 170 146 7 38 18 151 168 39 84 65 41 92 154 185 51 143 136 52 4 81 178 191 140 158 87 117 129 156 150 183 2 153 26 70 193 137 200 36 169 78 91 55 175 20 159 182 21 115 3 184 106 15 59 186 71 16 188 126 103 49 131 166 171 73 172 77 116 62 6 63 157 112 27 120 85 197 128 119 177 163 162 124 88 173 82 105 145 9 101 68 57 32 24 123 174 28 135 50 141 122 53 47 142 144 22 1 12 80 44 167 114 5 109 118 130 100 95 190 133 125 10 134 46 69 11 83 97 195 165 19 176 40 89 25 139 180 48 147 160 155 66 96 189 45 31 138 127 13 99 86 42 54 34 90 30 194 161 164 17 98 121 75 8 23 102 192 148 132 196 199 37 149 14 29 113 79 74 56 198 110 108 60 181 94 67 
Sun Apr 06 11:00:17 2014
times:6
solution is:12451.000000.       temperature is:999.990000
ans array:
43 37 27 64 160 44 186 192 105 82 55 164 76 7 158 157 190 93 54 36 40 30 80 168 25 179 138 33 86 155 20 17 148 83 10 89 140 159 123 24 116 9 154 61 16 111 119 28 107 129 200 1 35 103 46 88 41 95 185 170 177 193 156 130 49 5 180 91 32 127 14 153 2 65 63 3 75 187 62 163 121 194 167 59 38 141 150 162 176 48 131 118 178 31 117 143 6 99 128 134 81 21 19 175 101 73 34 11 71 189 15 182 149 174 90 166 78 53 50 146 196 60 85 87 66 161 4 112 147 13 120 173 109 122 51 79 57 126 23 98 184 100 145 69 12 197 77 191 151 18 106 97 137 70 110 133 139 136 108 165 58 195 96 52 115 68 29 8 42 47 188 172 132 22 45 144 124 104 84 26 181 114 39 171 183 198 113 56 152 135 102 142 199 169 74 125 72 92 94 67 
Sun Apr 06 11:00:38 2014
times:7
solution is:12386.000000.       temperature is:999.990000
ans array:
43 122 102 27 143 7 24 11 193 187 170 174 142 38 55 70 192 179 1 50 106 105 91 166 83 200 81 87 121 101 54 65 25 63 90 95 82 76 119 190 77 184 148 16 64 10 51 88 191 36 61 164 160 178 5 85 118 151 37 168 103 120 47 117 124 15 72 141 89 112 35 159 32 114 100 125 34 123 84 186 135 194 20 146 60 62 46 172 39 139 147 110 153 130 52 42 2 68 13 28 126 132 156 196 30 107 80 140 17 185 53 111 19 21 44 167 180 157 4 92 57 96 189 158 41 66 197 176 59 195 14 48 131 133 33 165 9 129 73 45 22 188 169 98 104 8 113 29 71 31 23 136 99 163 93 150 49 128 56 134 177 116 26 183 40 198 18 6 161 175 182 199 137 162 115 86 152 74 149 109 171 145 155 78 69 173 12 108 154 127 97 138 3 79 144 75 67 181 94 58 
Sun Apr 06 11:00:59 2014
times:8
solution is:12440.000000.       temperature is:999.990000
ans array:
43 58 91 166 107 27 157 11 61 180 184 191 70 64 54 84 172 38 81 20 175 200 41 168 181 186 87 71 139 116 136 143 119 62 125 83 101 89 13 2 86 170 158 78 113 187 177 124 169 79 162 16 121 96 51 117 112 131 34 174 55 24 7 36 1 28 142 48 195 120 103 118 5 167 53 4 39 188 105 15 160 154 161 21 77 156 52 159 6 9 106 135 88 45 18 82 76 194 179 164 32 148 189 50 145 25 130 163 197 46 75 19 65 69 155 183 30 185 109 80 44 141 66 85 173 23 59 35 42 152 95 153 126 99 72 123 127 31 93 132 182 100 57 165 144 40 146 122 90 10 49 92 178 14 104 37 26 98 22 63 115 97 192 111 150 176 193 128 134 114 68 73 149 129 12 47 190 17 171 33 94 110 199 138 108 140 29 133 147 102 196 74 67 8 198 56 137 151 3 60 
Sun Apr 06 11:01:19 2014
times:9
solution is:12446.000000.       temperature is:999.990000
ans array:
43 122 38 54 75 33 200 163 172 175 87 50 35 153 157 100 103 82 192 188 48 117 170 16 177 97 28 53 107 64 184 195 7 25 159 95 70 105 136 101 141 32 81 31 89 139 85 197 112 6 19 76 176 99 179 123 160 124 154 161 41 166 146 190 90 49 29 191 164 44 20 185 65 132 69 47 126 2 106 57 1 116 72 45 118 80 140 130 120 26 155 158 4 121 178 193 149 102 150 62 91 135 52 61 18 88 40 115 111 169 127 144 194 186 71 5 55 60 36 147 134 167 125 56 180 11 187 30 156 93 77 196 143 79 162 51 110 174 10 104 78 24 182 109 59 113 83 189 183 84 151 138 42 63 131 8 119 9 114 27 23 168 15 21 142 152 86 73 181 96 92 34 13 66 17 74 108 39 68 98 198 22 133 137 94 37 145 173 12 165 199 46 171 148 128 14 129 58 3 67 
Sun Apr 06 11:01:40 2014
The average run time for the algorithm is : 20.662000
The average solution for the algorithm is : 12427.400000
The maxx solution for the algorithm is : 12472.000000
The minn solution for the algorithm is : 12382.000000
