period=20.000000
Sun Apr 06 11:01:40 2014

N=200 M=10
times:0
solution is:10962.000000.       temperature is:999.990000
ans array:
97 110 3 187 199 142 89 195 7 176 10 22 168 82 186 86 183 64 80 14 12 138 123 42 20 1 37 26 91 137 178 83 122 155 158 15 81 77 27 54 153 72 93 190 63 32 182 30 130 119 162 118 102 124 43 38 196 191 50 185 41 143 148 109 172 144 126 66 36 101 104 16 160 107 116 106 131 55 87 180 73 74 151 57 125 136 175 52 132 92 173 112 108 70 147 18 171 149 179 65 150 200 165 111 189 90 133 94 79 174 166 21 139 4 193 34 114 120 2 188 5 100 164 11 13 167 47 17 62 169 141 157 184 113 135 163 61 198 49 33 134 6 23 121 140 117 9 56 40 75 39 69 128 161 46 68 156 192 84 127 45 29 53 95 152 31 145 25 115 146 48 105 181 194 78 51 197 59 24 159 103 88 58 8 170 71 19 67 28 154 129 76 99 177 85 98 60 44 96 35 
Sun Apr 06 11:02:01 2014
times:1
solution is:10923.000000.       temperature is:999.990000
ans array:
97 42 199 110 130 184 3 123 22 156 1 82 180 43 41 186 12 182 106 195 83 134 37 81 138 178 32 143 2 50 190 63 10 148 151 14 174 157 7 200 64 108 187 100 89 55 86 118 72 101 142 168 111 52 34 117 15 136 77 120 175 191 147 152 145 17 45 65 183 132 79 16 20 131 114 26 133 139 91 35 13 90 150 27 153 119 30 115 122 92 137 40 54 4 125 66 172 179 75 47 176 189 68 116 69 102 126 173 124 56 62 185 46 25 95 80 33 158 112 171 38 23 160 11 177 196 167 162 141 36 135 113 29 28 76 104 107 19 31 192 161 193 98 127 85 166 6 155 60 159 53 163 61 181 67 198 18 48 170 164 105 144 103 78 121 197 8 74 149 21 146 51 49 5 129 59 73 165 194 57 87 94 188 88 169 24 58 128 96 99 44 84 109 39 9 93 154 70 71 140 
Sun Apr 06 11:02:22 2014
times:2
solution is:10907.000000.       temperature is:999.990000
ans array:
97 42 199 110 83 12 142 54 38 176 81 14 138 168 157 191 175 143 112 1 147 26 10 195 80 130 23 148 82 123 52 41 32 187 22 155 45 90 3 185 118 179 174 125 65 183 136 126 152 63 139 93 106 92 161 153 27 37 15 165 124 34 47 196 186 11 162 56 116 101 120 122 89 119 105 180 43 87 77 184 91 102 133 5 20 115 145 134 16 193 95 164 50 166 6 73 72 68 173 188 150 55 109 64 70 178 189 75 111 2 131 172 69 190 17 94 154 160 200 36 107 66 67 85 74 113 33 171 25 103 151 167 21 137 48 156 132 182 149 79 30 18 114 46 40 163 49 129 144 29 84 104 177 86 7 169 121 192 57 198 108 88 78 135 181 61 98 100 141 59 197 24 28 58 39 140 9 35 19 51 117 4 8 146 44 53 159 127 128 62 13 194 158 60 99 31 170 71 96 76 
Sun Apr 06 11:02:42 2014
times:3
solution is:10934.000000.       temperature is:999.990000
ans array:
97 110 3 168 12 115 178 83 21 90 161 196 200 37 89 52 1 176 143 191 14 43 22 92 124 34 182 64 150 91 108 183 41 111 151 126 50 27 72 86 26 45 32 15 10 114 81 66 102 118 173 63 123 133 36 180 47 33 38 187 156 172 11 130 142 189 199 79 195 6 186 82 20 163 73 162 93 141 106 80 148 147 193 109 87 184 112 77 78 94 13 157 131 145 23 30 165 116 134 42 135 61 7 69 101 155 29 175 190 119 127 40 120 144 158 137 117 138 4 57 140 55 54 65 48 139 171 25 152 88 153 125 17 122 197 185 59 18 74 174 70 16 177 100 136 166 35 56 5 167 84 85 58 164 98 46 179 68 28 95 76 128 105 154 75 53 132 113 107 146 31 104 71 62 169 149 160 9 181 192 103 49 198 129 19 194 8 121 159 24 99 67 51 2 39 44 170 188 60 96 
Sun Apr 06 11:03:03 2014
times:4
solution is:10936.000000.       temperature is:999.990000
ans array:
3 97 199 52 42 132 110 86 109 12 93 34 143 176 82 161 14 91 43 112 26 41 185 190 183 138 50 37 1 148 15 155 189 178 192 119 64 80 89 54 133 153 83 130 186 7 118 168 56 184 2 142 92 124 101 27 149 47 114 116 141 100 195 139 175 90 77 20 10 30 136 126 120 102 79 137 172 157 108 180 29 200 38 87 156 81 23 134 68 63 45 72 69 158 123 193 111 147 187 182 107 166 6 163 115 5 13 159 22 65 32 61 197 74 191 16 151 162 17 94 196 131 117 66 174 173 140 169 105 73 164 11 198 19 31 67 165 33 70 125 18 58 76 9 113 39 85 36 152 95 179 28 194 21 188 177 49 98 88 25 55 167 78 84 46 122 144 62 48 127 160 129 75 150 146 4 171 145 71 57 106 103 104 181 44 53 135 121 8 59 24 99 128 60 35 170 51 154 96 40 
Sun Apr 06 11:03:23 2014
times:5
solution is:10950.000000.       temperature is:999.990000
ans array:
97 42 199 12 184 180 22 45 110 175 80 7 143 3 132 89 138 168 82 130 123 195 83 92 176 178 30 1 93 66 153 186 122 41 37 64 32 101 183 50 148 14 161 173 137 102 10 72 162 86 29 52 142 157 81 172 133 27 134 147 11 65 79 118 182 47 91 196 15 23 151 126 156 106 54 190 179 136 193 149 77 2 73 124 43 187 185 100 150 155 165 34 16 192 139 141 87 36 95 63 145 68 116 20 135 115 53 140 166 189 163 108 188 152 40 26 25 55 18 107 191 109 194 104 128 17 174 120 117 112 38 59 159 4 105 62 75 158 48 28 61 6 90 127 167 13 171 169 94 49 33 70 88 84 200 114 74 35 125 21 129 78 19 164 119 131 69 177 111 103 56 170 76 71 57 99 58 5 144 113 9 198 181 46 39 121 85 44 98 160 154 146 51 197 60 8 67 24 31 96 
Sun Apr 06 11:03:43 2014
times:6
solution is:10892.000000.       temperature is:999.990000
ans array:
97 110 185 142 12 186 156 199 32 196 176 184 52 90 47 139 155 136 1 15 41 80 130 82 133 138 183 100 91 182 6 2 50 29 123 14 46 22 148 157 119 26 83 27 195 132 111 3 92 175 72 81 178 153 20 122 187 180 161 137 37 120 11 140 173 190 95 106 124 158 56 151 93 168 125 57 49 43 64 149 23 101 89 172 198 19 169 63 189 117 143 55 33 34 53 73 10 131 171 17 126 94 179 174 159 200 147 193 70 191 65 165 112 150 113 54 67 141 7 36 192 79 87 109 121 146 61 13 86 45 166 116 164 102 62 8 115 9 21 16 135 144 66 88 25 77 30 105 108 114 74 39 177 71 163 160 145 167 152 18 127 188 84 118 28 103 75 85 38 96 162 134 107 76 68 78 129 69 5 58 128 154 59 48 194 104 99 24 60 35 4 170 98 44 181 51 197 40 31 42 
Sun Apr 06 11:04:04 2014
times:7
solution is:10911.000000.       temperature is:999.990000
ans array:
97 42 29 3 176 54 199 79 12 101 64 32 123 186 142 14 183 15 126 191 23 93 50 155 37 26 89 130 120 138 108 148 119 77 91 178 83 187 143 63 36 156 1 56 92 74 180 157 196 106 110 137 195 43 82 45 52 34 41 185 149 47 168 7 184 117 102 65 80 190 134 116 151 189 145 81 88 158 27 111 172 109 136 105 38 133 153 200 30 18 118 173 122 146 179 131 16 124 193 86 182 33 144 17 22 5 4 147 62 46 95 107 121 112 20 66 132 162 100 72 70 175 150 94 141 69 10 164 166 75 49 57 188 171 139 13 174 68 11 84 154 135 55 53 160 127 19 114 78 128 59 161 152 40 165 177 198 76 6 192 67 129 39 87 2 60 99 61 104 28 98 25 31 169 167 140 48 113 181 90 9 103 8 24 159 170 194 163 51 115 125 35 71 58 85 96 197 44 21 73 
Sun Apr 06 11:04:25 2014
times:8
solution is:10970.000000.       temperature is:999.990000
ans array:
97 42 3 168 90 184 123 93 180 176 26 22 34 165 109 199 91 12 196 156 195 50 137 138 65 86 54 37 110 130 175 106 64 1 47 56 161 41 79 73 14 122 186 33 147 20 27 40 190 120 116 124 82 191 148 89 133 183 200 173 185 178 81 155 29 32 193 101 134 153 92 142 163 80 136 15 25 189 149 162 83 139 45 118 38 132 11 112 52 125 150 172 187 23 198 43 16 127 30 108 55 17 98 143 87 115 7 182 5 158 77 10 100 119 95 63 36 192 179 21 145 177 174 72 35 151 4 157 164 46 74 6 102 171 75 111 103 131 68 126 13 2 18 167 117 169 57 94 160 69 107 140 61 181 197 28 135 105 113 51 104 114 159 85 194 58 70 53 39 44 141 76 84 48 88 19 49 99 9 71 60 59 166 66 96 8 154 67 129 78 170 31 144 62 24 146 128 121 152 188 
Sun Apr 06 11:04:46 2014
times:9
solution is:10962.000000.       temperature is:999.990000
ans array:
97 110 154 156 176 54 102 12 142 37 143 155 72 34 83 91 148 92 14 86 138 81 196 189 1 130 185 52 186 111 56 168 195 119 41 82 10 93 3 43 112 90 26 80 153 137 172 116 191 150 180 136 89 199 193 36 75 63 15 108 32 47 175 118 87 95 157 160 141 134 120 178 171 135 7 107 106 68 2 187 123 163 184 33 124 45 200 147 30 190 140 88 132 105 27 49 50 179 183 46 29 152 6 11 79 161 131 173 9 122 25 158 198 162 70 73 77 113 64 182 129 17 42 38 69 16 23 65 21 40 99 144 151 22 18 139 78 101 115 133 66 67 61 55 167 145 114 4 5 74 174 146 121 117 127 164 8 100 188 94 20 13 159 125 19 84 109 192 177 194 103 31 76 104 128 166 39 85 96 28 170 59 51 181 197 48 53 165 71 57 24 58 169 149 98 126 60 62 44 35 
Sun Apr 06 11:05:07 2014
The average run time for the algorithm is : 20.663500
The average solution for the algorithm is : 10934.700000
The maxx solution for the algorithm is : 10970.000000
The minn solution for the algorithm is : 10892.000000
