54 79 16 66 58 
83 3 89 58 56 
15 11 49 31 20 
71 99 15 68 85 
77 56 89 78 53 
36 70 45 91 35 
53 99 60 13 53 
38 60 23 59 41 
27 5 57 49 69 
87 56 64 85 13 
76 3 7 85 86 
91 61 1 9 72 
14 73 63 39 8 
29 75 41 41 49 
12 47 63 56 47 
77 14 47 40 87 
32 21 26 54 58 
87 86 75 77 18 
68 5 77 51 68 
94 77 40 31 28 
5 15 
 12  18  4  3  8 
 5  11  16  7  2  13  15  9  17  20  6  1  14  10  19 
t[1]=630
t[2]=1250
17 3 
 17  18  5  4  7  14  16  8  2  11  1  20  15  19  3  6  10 
 12  9  13 
t[1]=1318
t[2]=340
7 13 
 19  13  9  11  3  18  12 
 2  10  5  15  7  8  4  17  16  1  20  6  14 
t[1]=615
t[2]=1095
12 8 
 20  5  18  3  13  19  4  6  16  9  1  14 
 8  10  2  11  17  7  12  15 
t[1]=1121
t[2]=793
17 3 
 3  18  20  9  2  15  8  1  12  7  6  13  5  17  4  14  11 
 16  19  10 
t[1]=1379
t[2]=450
11 9 
 13  1  7  4  16  2  20  12  11  18  14 
 8  19  5  6  15  9  3  17  10 
t[1]=1028
t[2]=785
18 2 
 14  12  11  9  5  2  1  20  13  19  15  3  10  17  18  8  16  7 
 4  6 
t[1]=1453
t[2]=411
15 5 
 13  7  8  4  5  10  15  9  20  18  12  3  16  6  11 
 19  2  14  1  17 
t[1]=1208
t[2]=532
9 11 
 9  10  3  18  1  17  6  14  19 
 8  15  12  16  13  4  7  5  11  20  2 
t[1]=825
t[2]=985
10 10 
 14  8  10  18  12  16  2  17  15  6 
 11  20  19  9  3  1  13  4  5  7 
t[1]=878
t[2]=914
14 6 
 14  13  8  11  5  16  2  18  6  10  4  17  9  15 
 12  7  3  1  20  19 
t[1]=1222
t[2]=654
14 6 
 10  18  12  5  6  14  4  7  3  2  17  8  1  19 
 13  9  16  15  20  11 
t[1]=1302
t[2]=575
3 17 
 15  20  10 
 13  12  6  8  5  18  3  4  14  16  17  1  11  9  2  19  7 
t[1]=411
t[2]=1364
2 18 
 17  8 
 2  13  14  18  19  3  4  12  15  7  16  9  5  10  20  1  11  6 
t[1]=253
t[2]=1397
6 14 
 1  15  10  14  13  19 
 12  3  11  4  20  9  6  2  18  7  8  17  5  16 
t[1]=643
t[2]=1209
8 12 
 18  6  5  7  4  10  1  15 
 2  20  8  14  16  17  19  12  3  9  13  11 
t[1]=873
t[2]=988
7 13 
 7  11  1  4  12  20  10 
 3  13  14  6  5  17  18  19  9  2  16  8  15 
t[1]=744
t[2]=1020
15 5 
 10  14  18  15  11  8  17  20  16  4  6  7  19  2  5 
 1  9  13  3  12 
t[1]=1317
t[2]=446
1 19 
 16 
 19  1  9  14  15  20  18  17  12  13  5  3  8  2  10  4  11  7  6 
t[1]=265
t[2]=1436
10 10 
 4  17  3  6  1  13  19  11  18  5 
 2  20  7  8  14  10  12  15  9  16 
t[1]=908
t[2]=981
3 17 
 9  2  4 
 15  7  8  10  14  12  1  18  20  3  19  16  6  5  17  11  13 
t[1]=448
t[2]=1318
6 14 
 4  6  19  11  18  8 
 9  5  1  15  20  7  13  3  14  12  2  16  10  17 
t[1]=689
t[2]=1086
14 6 
 17  10  18  8  11  19  15  12  1  5  13  4  3  9 
 7  2  20  14  16  6 
t[1]=1154
t[2]=641
12 8 
 20  18  15  6  12  8  19  17  10  16  7  4 
 9  13  5  11  1  3  2  14 
t[1]=1089
t[2]=698
18 2 
 13  2  4  16  6  3  17  5  14  8  11  20  18  19  9  12  10  15 
 1  7 
t[1]=1310
t[2]=358
5 15 
 5  9  3  19  1 
 17  6  13  16  4  12  15  2  20  7  11  8  14  18  10 
t[1]=582
t[2]=1160
17 3 
 1  18  10  6  17  15  19  12  20  11  9  5  7  4  16  2  14 
 3  8  13 
t[1]=1422
t[2]=296
13 7 
 3  13  6  1  2  16  15  19  11  5  4  7  17 
 20  14  10  12  18  9  8 
t[1]=1025
t[2]=785
4 16 
 20  8  15  11 
 14  19  7  4  5  1  13  16  6  18  12  9  3  2  10  17 
t[1]=568
t[2]=1258
4 16 
 10  5  13  15 
 1  18  16  14  12  7  19  4  6  11  9  20  2  3  8  17 
t[1]=538
t[2]=1288
8 12 
 16  20  7  10  5  12  4  6 
 17  18  14  8  19  1  15  2  11  3  13  9 
t[1]=890
t[2]=961
13 7 
 13  12  16  2  10  20  1  11  14  18  8  6  4 
 3  7  5  19  9  17  15 
t[1]=1233
t[2]=689
13 7 
 10  8  14  15  18  6  19  12  3  20  5  13  16 
 11  7  4  1  2  17  9 
t[1]=1041
t[2]=752
10 10 
 16  1  13  3  12  15  8  9  4  10 
 19  20  5  11  7  17  2  14  6  18 
t[1]=796
t[2]=927
4 16 
 7  17  12  10 
 4  11  1  15  19  3  9  20  8  13  2  6  16  5  14  18 
t[1]=481
t[2]=1191
11 9 
 14  6  5  8  7  3  12  15  1  9  4 
 16  13  19  2  10  17  18  11  20 
t[1]=905
t[2]=885
7 13 
 18  5  4  9  12  2  10 
 7  19  13  17  6  20  8  16  1  3  14  15  11 
t[1]=778
t[2]=1031
14 6 
 1  3  11  7  18  20  8  9  13  12  15  14  16  5 
 10  17  4  2  6  19 
t[1]=1089
t[2]=682
4 16 
 8  6  18  4 
 1  7  20  11  16  5  19  2  10  3  15  17  9  13  12  14 
t[1]=559
t[2]=1288
16 4 
 13  20  19  1  10  4  17  8  15  5  11  3  6  2  16  9 
 12  18  7  14 
t[1]=1322
t[2]=569
4 16 
 10  4  20  18 
 14  11  15  9  3  16  17  12  6  5  8  2  13  7  1  19 
t[1]=595
t[2]=1082
10 10 
 15  1  9  13  11  19  12  10  7  2 
 16  5  20  18  6  3  4  8  17  14 
t[1]=847
t[2]=996
14 6 
 10  17  15  1  19  7  18  8  16  5  6  20  11  13 
 12  2  4  9  14  3 
t[1]=1121
t[2]=650
5 15 
 20  10  5  14  1 
 19  9  4  8  15  2  17  7  18  3  11  6  13  16  12 
t[1]=646
t[2]=1207
7 13 
 6  10  8  13  7  11  14 
 1  19  3  2  9  18  5  16  12  17  4  20  15 
t[1]=704
t[2]=1093
6 14 
 7  9  6  16  15  13 
 17  3  18  10  8  2  11  1  20  14  5  19  4  12 
t[1]=591
t[2]=1219
6 14 
 9  4  12  18  8  17 
 7  20  5  1  3  13  6  14  2  10  11  15  16  19 
t[1]=685
t[2]=1245
17 3 
 5  11  2  4  3  12  9  8  14  6  16  1  10  7  20  18  17 
 15  13  19 
t[1]=1363
t[2]=391
5 15 
 7  15  13  18  16 
 3  8  9  10  6  5  2  11  20  1  19  14  4  17  12 
t[1]=637
t[2]=1188
7 13 
 8  6  5  9  7  14  16 
 12  17  15  4  19  10  3  18  11  13  2  1  20 
t[1]=702
t[2]=1035
result=905
