5:353
18:343
4:338
10:305
2:289
7:278
6:277
1:273
20:270
19:269
16:265
11:257
14:235
12:234
15:225
8:221
9:207
13:197
17:191
3:126
ft[1]=353
ft[2]=343
ft[3]=338
10 5 
t=440
5 10 
t=398
10 18 
t=430
18 10 
t=423
10 4 
t=445
4 10 
t=388
mark=3,mark1=2
4 10 
ft[1]=353
ft[2]=343
ft[3]=388
2 5 
t=436
5 2 
t=425
2 18 
t=426
18 2 
t=451
2 4 10 
t=471
4 2 10 
t=459
4 10 2 
t=493
mark=1,mark1=2
5 2 
ft[1]=425
ft[2]=343
ft[3]=388
7 5 2 
t=504
5 7 2 
t=495
5 2 7 
t=478
7 18 
t=408
18 7 
t=398
7 4 10 
t=469
4 7 10 
t=491
4 10 7 
t=451
mark=2,mark1=2
18 7 
ft[1]=425
ft[2]=398
ft[3]=388
6 5 2 
t=461
5 6 2 
t=505
5 2 6 
t=495
6 18 7 
t=434
18 6 7 
t=504
18 7 6 
t=513
6 4 10 
t=424
4 6 10 
t=474
4 10 6 
t=501
mark=3,mark1=1
6 4 10 
ft[1]=425
ft[2]=398
ft[3]=424
1 5 2 
t=481
5 1 2 
t=480
5 2 1 
t=493
1 18 7 
t=452
18 1 7 
t=502
18 7 1 
t=491
1 6 4 10 
t=520
6 1 4 10 
t=502
6 4 1 10 
t=503
6 4 10 1 
t=535
mark=2,mark1=1
1 18 7 
ft[1]=425
ft[2]=452
ft[3]=424
20 5 2 
t=519
5 20 2 
t=491
5 2 20 
t=453
20 1 18 7 
t=561
1 20 18 7 
t=546
1 18 20 7 
t=537
1 18 7 20 
t=502
20 6 4 10 
t=558
6 20 4 10 
t=524
6 4 20 10 
t=506
6 4 10 20 
t=470
mark=1,mark1=3
5 2 20 
ft[1]=453
ft[2]=452
ft[3]=424
19 5 2 20 
t=521
5 19 2 20 
t=530
5 2 19 20 
t=535
5 2 20 19 
t=567
19 1 18 7 
t=520
1 19 18 7 
t=520
1 18 19 7 
t=551
1 18 7 19 
t=582
19 6 4 10 
t=492
6 19 4 10 
t=492
6 4 19 10 
t=480
6 4 10 19 
t=530
mark=3,mark1=3
6 4 19 10 
ft[1]=453
ft[2]=452
ft[3]=480
16 5 2 20 
t=530
5 16 2 20 
t=524
5 2 16 20 
t=540
5 2 20 16 
t=545
16 1 18 7 
t=529
1 16 18 7 
t=529
1 18 16 7 
t=559
1 18 7 16 
t=560
16 6 4 19 10 
t=557
6 16 4 19 10 
t=557
6 4 16 19 10 
t=563
6 4 19 16 10 
t=563
6 4 19 10 16 
t=594
mark=1,mark1=2
5 16 2 20 
ft[1]=524
ft[2]=452
ft[3]=480
11 5 16 2 20 
t=600
5 11 16 2 20 
t=642
5 16 11 2 20 
t=610
5 16 2 11 20 
t=615
5 16 2 20 11 
t=650
11 1 18 7 
t=528
1 11 18 7 
t=528
1 18 11 7 
t=603
1 18 7 11 
t=570
11 6 4 19 10 
t=556
6 11 4 19 10 
t=579
6 4 11 19 10 
t=562
6 4 19 11 10 
t=562
6 4 19 10 11 
t=638
mark=2,mark1=1
11 1 18 7 
ft[1]=524
ft[2]=528
ft[3]=480
14 5 16 2 20 
t=553
5 14 16 2 20 
t=573
5 16 14 2 20 
t=573
5 16 2 14 20 
t=573
5 16 2 20 14 
t=614
14 11 1 18 7 
t=557
11 14 1 18 7 
t=570
11 1 14 18 7 
t=595
11 1 18 14 7 
t=603
11 1 18 7 14 
t=608
14 6 4 19 10 
t=544
6 14 4 19 10 
t=534
6 4 14 19 10 
t=561
6 4 19 14 10 
t=525
6 4 19 10 14 
t=557
mark=3,mark1=4
6 4 19 14 10 
ft[1]=524
ft[2]=528
ft[3]=525
12 5 16 2 20 
t=615
5 12 16 2 20 
t=598
5 16 12 2 20 
t=598
5 16 2 12 20 
t=598
5 16 2 20 12 
t=596
12 11 1 18 7 
t=619
11 12 1 18 7 
t=619
11 1 12 18 7 
t=619
11 1 18 12 7 
t=598
11 1 18 7 12 
t=600
12 6 4 19 14 10 
t=641
6 12 4 19 14 10 
t=600
6 4 12 19 14 10 
t=600
6 4 19 12 14 10 
t=620
6 4 19 14 12 10 
t=600
6 4 19 14 10 12 
t=597
mark=1,mark1=5
5 16 2 20 12 
ft[1]=596
ft[2]=528
ft[3]=525
15 5 16 2 20 12 
t=608
5 15 16 2 20 12 
t=646
5 16 15 2 20 12 
t=643
5 16 2 15 20 12 
t=643
5 16 2 20 15 12 
t=693
5 16 2 20 12 15 
t=696
15 11 1 18 7 
t=540
11 15 1 18 7 
t=540
11 1 15 18 7 
t=567
11 1 18 15 7 
t=611
11 1 18 7 15 
t=628
15 6 4 19 14 10 
t=552
6 15 4 19 14 10 
t=581
6 4 15 19 14 10 
t=596
6 4 19 15 14 10 
t=572
6 4 19 14 15 10 
t=572
6 4 19 14 10 15 
t=599
mark=2,mark1=1
15 11 1 18 7 
ft[1]=596
ft[2]=540
ft[3]=525
8 5 16 2 20 12 
t=634
5 8 16 2 20 12 
t=643
5 16 8 2 20 12 
t=637
5 16 2 8 20 12 
t=637
5 16 2 20 8 12 
t=663
5 16 2 20 12 8 
t=666
8 15 11 1 18 7 
t=578
15 8 11 1 18 7 
t=578
15 11 8 1 18 7 
t=578
15 11 1 8 18 7 
t=592
15 11 1 18 8 7 
t=620
15 11 1 18 7 8 
t=597
8 6 4 19 14 10 
t=587
6 8 4 19 14 10 
t=584
6 4 8 19 14 10 
t=569
6 4 19 8 14 10 
t=566
6 4 19 14 8 10 
t=566
6 4 19 14 10 8 
t=596
mark=3,mark1=4
6 4 19 8 14 10 
ft[1]=596
ft[2]=540
ft[3]=566
9 5 16 2 20 12 
t=623
5 9 16 2 20 12 
t=665
5 16 9 2 20 12 
t=665
5 16 2 9 20 12 
t=665
5 16 2 20 9 12 
t=695
5 16 2 20 12 9 
t=665
9 15 11 1 18 7 
t=567
15 9 11 1 18 7 
t=567
15 11 9 1 18 7 
t=567
15 11 1 9 18 7 
t=567
15 11 1 18 9 7 
t=638
15 11 1 18 7 9 
t=649
9 6 4 19 8 14 10 
t=593
6 9 4 19 8 14 10 
t=616
6 4 9 19 8 14 10 
t=635
6 4 19 9 8 14 10 
t=635
6 4 19 8 9 14 10 
t=635
6 4 19 8 14 9 10 
t=635
6 4 19 8 14 10 9 
t=671
mark=2,mark1=1
9 15 11 1 18 7 
ft[1]=596
ft[2]=567
ft[3]=566
13 5 16 2 20 12 
t=613
5 13 16 2 20 12 
t=635
5 16 13 2 20 12 
t=635
5 16 2 13 20 12 
t=604
5 16 2 20 13 12 
t=664
5 16 2 20 12 13 
t=666
13 9 15 11 1 18 7 
t=626
9 13 15 11 1 18 7 
t=596
9 15 13 11 1 18 7 
t=581
9 15 11 13 1 18 7 
t=592
9 15 11 1 13 18 7 
t=632
9 15 11 1 18 13 7 
t=640
9 15 11 1 18 7 13 
t=624
13 6 4 19 8 14 10 
t=617
6 13 4 19 8 14 10 
t=636
6 4 13 19 8 14 10 
t=668
6 4 19 13 8 14 10 
t=637
6 4 19 8 13 14 10 
t=639
6 4 19 8 14 13 10 
t=646
6 4 19 8 14 10 13 
t=600
mark=2,mark1=3
9 15 13 11 1 18 7 
ft[1]=596
ft[2]=581
ft[3]=566
17 5 16 2 20 12 
t=628
5 17 16 2 20 12 
t=655
5 16 17 2 20 12 
t=654
5 16 2 17 20 12 
t=654
5 16 2 20 17 12 
t=663
5 16 2 20 12 17 
t=654
17 9 15 13 11 1 18 7 
t=613
9 17 15 13 11 1 18 7 
t=613
9 15 17 13 11 1 18 7 
t=613
9 15 13 17 11 1 18 7 
t=615
9 15 13 11 17 1 18 7 
t=619
9 15 13 11 1 17 18 7 
t=619
9 15 13 11 1 18 17 7 
t=673
9 15 13 11 1 18 7 17 
t=653
17 6 4 19 8 14 10 
t=598
6 17 4 19 8 14 10 
t=620
6 4 17 19 8 14 10 
t=624
6 4 19 17 8 14 10 
t=624
6 4 19 8 17 14 10 
t=624
6 4 19 8 14 17 10 
t=624
6 4 19 8 14 10 17 
t=665
mark=3,mark1=1
17 6 4 19 8 14 10 
ft[1]=596
ft[2]=581
ft[3]=598
3 5 16 2 20 12 
t=611
5 3 16 2 20 12 
t=621
5 16 3 2 20 12 
t=621
5 16 2 3 20 12 
t=616
5 16 2 20 3 12 
t=620
5 16 2 20 12 3 
t=616
3 9 15 13 11 1 18 7 
t=597
9 3 15 13 11 1 18 7 
t=603
9 15 3 13 11 1 18 7 
t=603
9 15 13 3 11 1 18 7 
t=602
9 15 13 11 3 1 18 7 
t=596
9 15 13 11 1 3 18 7 
t=596
9 15 13 11 1 18 3 7 
t=612
9 15 13 11 1 18 7 3 
t=615
3 17 6 4 19 8 14 10 
t=613
17 3 6 4 19 8 14 10 
t=613
17 6 3 4 19 8 14 10 
t=629
17 6 4 3 19 8 14 10 
t=628
17 6 4 19 3 8 14 10 
t=622
17 6 4 19 8 3 14 10 
t=622
17 6 4 19 8 14 3 10 
t=632
17 6 4 19 8 14 10 3 
t=636
mark=2,mark1=5
9 15 13 11 3 1 18 7 
f=1:5 16 2 20 12 
f=2:9 15 13 11 3 1 18 7 
f=3:17 6 4 19 8 14 10 
the inserted order:
 16  5  2  20  12 
t=602
the inserted order:
 5  2  16  20  12 
t=612
the inserted order:
 5  2  20  16  12 
t=617
the inserted order:
 5  2  20  12  16 
t=612
the inserted order:
 5  16  2  20  12 
t=596
the inserted order:
 5  2  16  20  12 
t=612
the inserted order:
 5  2  20  16  12 
t=617
the inserted order:
 5  2  20  12  16 
t=612
the inserted order:
 2  5  16  20  12 
t=623
the inserted order:
 5  2  16  20  12 
t=612
the inserted order:
 5  16  20  2  12 
t=640
the inserted order:
 5  16  20  12  2 
t=628
the inserted order:
 20  5  16  2  12 
t=662
the inserted order:
 5  20  16  2  12 
t=610
the inserted order:
 5  16  20  2  12 
t=640
the inserted order:
 5  16  2  12  20 
t=598
the inserted order:
 12  5  16  2  20 
t=615
the inserted order:
 5  12  16  2  20 
t=598
the inserted order:
 5  16  12  2  20 
t=598
the inserted order:
 5  16  2  12  20 
t=598
the inserted order:
 15  9  13  11  3  1  18  7 
t=611
the inserted order:
 9  13  15  11  3  1  18  7 
t=626
the inserted order:
 9  13  11  15  3  1  18  7 
t=602
the inserted order:
 13  11  15  3  9  1  18  7 
t=625
the inserted order:
 13  11  15  3  1  9  18  7 
t=625
the inserted order:
 13  11  15  3  1  18  9  7 
t=675
the inserted order:
 13  11  15  3  1  18  7  9 
t=678
the inserted order:
 13  9  11  15  3  1  18  7 
t=642
the inserted order:
 9  11  13  15  3  1  18  7 
t=638
the inserted order:
 9  11  15  13  3  1  18  7 
t=636
the inserted order:
 9  11  15  3  13  1  18  7 
t=636
the inserted order:
 9  11  15  3  1  13  18  7 
t=647
the inserted order:
 9  11  15  3  1  18  13  7 
t=655
the inserted order:
 9  11  15  3  1  18  7  13 
t=639
the inserted order:
 11  9  13  15  3  1  18  7 
t=638
the inserted order:
 9  11  13  15  3  1  18  7 
t=638
the inserted order:
 9  13  15  11  3  1  18  7 
t=626
the inserted order:
 9  13  15  3  11  1  18  7 
t=627
the inserted order:
 9  13  15  3  1  11  18  7 
t=635
the inserted order:
 9  13  15  3  1  18  11  7 
t=713
the inserted order:
 9  13  15  3  1  18  7  11 
t=680
the inserted order:
 15  9  13  11  3  1  18  7 
t=611
the inserted order:
 9  15  13  11  3  1  18  7 
t=596
the inserted order:
 9  15  11  13  3  1  18  7 
t=603
the inserted order:
 9  15  13  3  11  1  18  7 
t=602
the inserted order:
 9  15  13  3  1  11  18  7 
t=610
the inserted order:
 9  15  13  3  1  18  11  7 
t=711
the inserted order:
 9  15  13  3  1  18  7  11 
t=678
the inserted order:
 3  9  15  13  11  1  18  7 
t=597
the inserted order:
 9  3  15  13  11  1  18  7 
t=603
the inserted order:
 9  15  3  13  11  1  18  7 
t=603
the inserted order:
 9  15  13  3  11  1  18  7 
t=602
the inserted order:
 9  15  13  11  1  3  18  7 
t=596
the inserted order:
 9  15  13  11  1  18  3  7 
t=612
the inserted order:
 9  15  13  11  1  18  7  3 
t=615
the inserted order:
 1  9  15  13  11  3  18  7 
t=635
the inserted order:
 9  1  15  13  11  3  18  7 
t=646
the inserted order:
 9  15  1  13  11  3  18  7 
t=611
the inserted order:
 9  15  13  1  11  3  18  7 
t=596
the inserted order:
 9  15  13  11  1  3  18  7 
t=596
the inserted order:
 9  15  13  11  3  18  1  7 
t=646
the inserted order:
 9  15  13  11  3  18  7  1 
t=635
the inserted order:
 18  9  15  13  11  3  1  7 
t=772
the inserted order:
 9  18  15  13  11  3  1  7 
t=749
the inserted order:
 9  15  18  13  11  3  1  7 
t=705
the inserted order:
 9  15  13  18  11  3  1  7 
t=699
the inserted order:
 9  15  13  11  18  3  1  7 
t=662
the inserted order:
 9  15  13  11  3  18  1  7 
t=646
the inserted order:
 9  15  13  11  3  1  7  18 
t=632
the inserted order:
 7  9  15  13  11  3  1  18 
t=711
the inserted order:
 9  7  15  13  11  3  1  18 
t=681
the inserted order:
 9  15  7  13  11  3  1  18 
t=643
the inserted order:
 9  15  13  7  11  3  1  18 
t=608
the inserted order:
 9  15  13  11  7  3  1  18 
t=627
the inserted order:
 9  15  13  11  3  7  1  18 
t=631
the inserted order:
 9  15  13  11  3  1  7  18 
t=632
the inserted order:
 6  17  4  19  8  14  10 
t=620
the inserted order:
 17  4  6  19  8  14  10 
t=657
the inserted order:
 17  4  19  6  8  14  10 
t=634
the inserted order:
 17  4  19  8  6  14  10 
t=634
the inserted order:
 17  4  19  8  14  6  10 
t=648
the inserted order:
 17  4  19  8  14  10  6 
t=675
the inserted order:
 17  6  4  19  8  14  10 
t=598
the inserted order:
 17  4  6  19  8  14  10 
t=657
the inserted order:
 17  4  19  6  8  14  10 
t=634
the inserted order:
 17  4  19  8  6  14  10 
t=634
the inserted order:
 17  4  19  8  14  6  10 
t=648
the inserted order:
 17  4  19  8  14  10  6 
t=675
the inserted order:
 4  17  6  19  8  14  10 
t=647
the inserted order:
 17  4  6  19  8  14  10 
t=657
the inserted order:
 17  6  19  4  8  14  10 
t=659
the inserted order:
 17  6  19  8  4  14  10 
t=637
the inserted order:
 17  6  19  8  14  4  10 
t=626
the inserted order:
 17  6  19  8  14  10  4 
t=667
the inserted order:
 19  17  6  4  8  14  10 
t=659
the inserted order:
 17  19  6  4  8  14  10 
t=659
the inserted order:
 17  6  19  4  8  14  10 
t=659
the inserted order:
 17  6  4  8  19  14  10 
t=601
the inserted order:
 17  6  4  8  14  19  10 
t=653
the inserted order:
 17  6  4  8  14  10  19 
t=697
the inserted order:
 8  17  6  4  19  14  10 
t=608
the inserted order:
 17  8  6  4  19  14  10 
t=619
the inserted order:
 17  6  8  4  19  14  10 
t=616
the inserted order:
 17  6  4  8  19  14  10 
t=601
the inserted order:
 17  6  4  19  14  8  10 
t=598
the inserted order:
 17  6  4  19  14  10  8 
t=628
the inserted order:
 14  17  6  4  19  8  10 
t=607
the inserted order:
 17  14  6  4  19  8  10 
t=618
the inserted order:
 17  6  14  4  19  8  10 
t=612
the inserted order:
 17  6  4  14  19  8  10 
t=639
the inserted order:
 17  6  4  19  14  8  10 
t=598
the inserted order:
 17  6  4  19  8  10  14 
t=627
the inserted order:
 10  17  6  4  19  8  14 
t=748
the inserted order:
 17  10  6  4  19  8  14 
t=726
the inserted order:
 17  6  10  4  19  8  14 
t=671
the inserted order:
 17  6  4  10  19  8  14 
t=652
the inserted order:
 17  6  4  19  10  8  14 
t=648
the inserted order:
 17  6  4  19  8  10  14 
t=627
f=1:5 16 2 20 12 
f=2:9 15 13 11 3 1 18 7 
f=3:17 6 4 19 8 14 10 
x=1 y=3 min=596 max=598
17 5 16 2 20 12 
5 17 16 2 20 12 
5 16 17 2 20 12 
5 16 2 17 20 12 
5 16 2 20 17 12 
5 16 2 20 12 17 
17 9 15 13 11 3 1 18 7 
9 17 15 13 11 3 1 18 7 
9 15 17 13 11 3 1 18 7 
9 15 13 17 11 3 1 18 7 
9 15 13 11 17 3 1 18 7 
9 15 13 11 3 17 1 18 7 
9 15 13 11 3 1 17 18 7 
9 15 13 11 3 1 18 17 7 
9 15 13 11 3 1 18 7 17 
6 5 16 2 20 12 
5 6 16 2 20 12 
5 16 6 2 20 12 
5 16 2 6 20 12 
5 16 2 20 6 12 
5 16 2 20 12 6 
6 9 15 13 11 3 1 18 7 
9 6 15 13 11 3 1 18 7 
9 15 6 13 11 3 1 18 7 
9 15 13 6 11 3 1 18 7 
9 15 13 11 6 3 1 18 7 
9 15 13 11 3 6 1 18 7 
9 15 13 11 3 1 6 18 7 
9 15 13 11 3 1 18 6 7 
9 15 13 11 3 1 18 7 6 
4 5 16 2 20 12 
5 4 16 2 20 12 
5 16 4 2 20 12 
5 16 2 4 20 12 
5 16 2 20 4 12 
5 16 2 20 12 4 
4 9 15 13 11 3 1 18 7 
9 4 15 13 11 3 1 18 7 
9 15 4 13 11 3 1 18 7 
9 15 13 4 11 3 1 18 7 
9 15 13 11 4 3 1 18 7 
9 15 13 11 3 4 1 18 7 
9 15 13 11 3 1 4 18 7 
9 15 13 11 3 1 18 4 7 
9 15 13 11 3 1 18 7 4 
19 5 16 2 20 12 
5 19 16 2 20 12 
5 16 19 2 20 12 
5 16 2 19 20 12 
5 16 2 20 19 12 
5 16 2 20 12 19 
19 9 15 13 11 3 1 18 7 
9 19 15 13 11 3 1 18 7 
9 15 19 13 11 3 1 18 7 
9 15 13 19 11 3 1 18 7 
9 15 13 11 19 3 1 18 7 
9 15 13 11 3 19 1 18 7 
9 15 13 11 3 1 19 18 7 
9 15 13 11 3 1 18 19 7 
9 15 13 11 3 1 18 7 19 
8 5 16 2 20 12 
5 8 16 2 20 12 
5 16 8 2 20 12 
5 16 2 8 20 12 
5 16 2 20 8 12 
5 16 2 20 12 8 
8 9 15 13 11 3 1 18 7 
9 8 15 13 11 3 1 18 7 
9 15 8 13 11 3 1 18 7 
9 15 13 8 11 3 1 18 7 
9 15 13 11 8 3 1 18 7 
9 15 13 11 3 8 1 18 7 
9 15 13 11 3 1 8 18 7 
9 15 13 11 3 1 18 8 7 
9 15 13 11 3 1 18 7 8 
14 5 16 2 20 12 
5 14 16 2 20 12 
5 16 14 2 20 12 
5 16 2 14 20 12 
5 16 2 20 14 12 
5 16 2 20 12 14 
14 9 15 13 11 3 1 18 7 
9 14 15 13 11 3 1 18 7 
9 15 14 13 11 3 1 18 7 
9 15 13 14 11 3 1 18 7 
9 15 13 11 14 3 1 18 7 
9 15 13 11 3 14 1 18 7 
9 15 13 11 3 1 14 18 7 
9 15 13 11 3 1 18 14 7 
9 15 13 11 3 1 18 7 14 
10 5 16 2 20 12 
5 10 16 2 20 12 
5 16 10 2 20 12 
5 16 2 10 20 12 
5 16 2 20 10 12 
5 16 2 20 12 10 
10 9 15 13 11 3 1 18 7 
9 10 15 13 11 3 1 18 7 
9 15 10 13 11 3 1 18 7 
9 15 13 10 11 3 1 18 7 
9 15 13 11 10 3 1 18 7 
9 15 13 11 3 10 1 18 7 
9 15 13 11 3 1 10 18 7 
9 15 13 11 3 1 18 10 7 
9 15 13 11 3 1 18 7 10 
the last factory=1 the first position=6 the last positon =1
cmax1=766 cmin1=625
f=1:5 16 2 20 12 
f=2:9 15 13 11 3 1 18 7 
f=3:17 6 4 19 8 14 10 
x=1 y=3 min=596 max=598
the process time is=598
